1532015965557461
1532015965557484
1532015965557492
1532015965557498
1532015965557505
1532015965557512
1532015966057552
1532015966057570
1532015966057579
1532015966057587
1532015966057593
1532015966057603
1532015966057609
1532015966557506
1532015966557521
1532015966557529
1532015966557536
1532015966557544
1532015966557553
1532015967057504
1532015967057518
1532015967057525
1532015967057532
1532015967057540
1532015967057546
1532015967557629
1532015967557642
1532015967557649
1532015967557658
1532015967557665
1532015967557671
1532015967557678
1532015968057683
1532015968057697
1532015968057705
1532015968057714
1532015968057721
1532015968057728
1532015968557742
1532015968557757
1532015968557765
1532015968557773
1532015968557781
1532015968557792
1532015968557800
1532015969057862
1532015969057876
1532015969057883
1532015969057891
1532015969057899
1532015969057906
1532015969057913
1532015969557951
1532015969557973
1532015969557981
1532015969557989
1532015969557996
1532015969558003
1532015969558010
1532015970057983
1532015970058004
1532015970058013
1532015970058021
1532015970058029
1532015970058035
1532015970558147
1532015970558168
1532015970558177
1532015970558186
1532015970558194
1532015970558201
1532015970558209
1532015971058159
1532015971058174
1532015971058181
1532015971058190
1532015971058197
1532015971058204
1532015971558214
1532015971558227
1532015971558234
1532015971558241
1532015971558248
1532015971558255
1532015971558261
1532015972058251
1532015972058264
1532015972058271
1532015972058278
1532015972058285
1532015972058291
1532015972558353
1532015972558370
1532015972558379
1532015972558387
1532015972558395
1532015972558402
1532015972558409
1532015973058449
1532015973058464
1532015973058471
1532015973058484
1532015973058491
1532015973058498
1532015973058506
1532015973558494
1532015973558508
1532015973558517
1532015973558529
1532015973558536
1532015973558546
1532015974058512
1532015974058523
1532015974058530
1532015974058542
1532015974058548
1532015974058555
1532015974558628
1532015974558643
1532015974558651
1532015974558659
1532015974558670
1532015974558676
1532015974558683
1532015975058675
1532015975058687
1532015975058694
1532015975058701
1532015975058708
1532015975058715
1532015975558759
1532015975558778
1532015975558785
1532015975558792
1532015975558802
1532015975558814
1532015975558821
1532015976058823
1532015976058838
1532015976058849
1532015976058856
1532015976058863
1532015976058869
1532015976558915
1532015976558926
1532015976558934
1532015976558942
1532015976558950
1532015976558956
1532015976558963
1532015977059049
1532015977059147
1532015977059157
1532015977059164
1532015977059176
1532015977059184
1532015977059191
1532015977559104
1532015977559129
1532015977559137
1532015977559147
1532015977559159
1532015977559167
1532015978059154
1532015978059170
1532015978059178
1532015978059185
1532015978059197
1532015978059203
1532015978559239
1532015978559252
1532015978559259
1532015978559268
1532015978559275
1532015978559281
1532015978559288
1532015979059328
1532015979059344
1532015979059351
1532015979059359
1532015979059365
1532015979059371
1532015979059377
1532015979559387
1532015979559404
1532015979559414
1532015979559421
1532015979559428
1532015979559435
1532015979559442
1532015980059460
1532015980059473
1532015980059481
1532015980059495
1532015980059505
1532015980059512
1532015980059519
1532015980559494
1532015980559506
1532015980559514
1532015980559526
1532015980559533
1532015980559542
1532015981059601
1532015981059616
1532015981059624
1532015981059637
1532015981059645
1532015981059652
1532015981059659
1532015981559664
1532015981559679
1532015981559687
1532015981559694
1532015981559702
1532015981559710
1532015982059784
1532015982059805
1532015982059812
1532015982059820
1532015982059827
1532015982059834
1532015982059841
1532015982559906
1532015982559920
1532015982559928
1532015982559940
1532015982559948
1532015982559955
1532015982559963
1532015983059978
1532015983059992
1532015983060000
1532015983060012
1532015983060020
1532015983060031
1532015983560006
1532015983560019
1532015983560027
1532015983560040
1532015983560048
1532015983560063
1532015984060085
1532015984060103
1532015984060110
1532015984060122
1532015984060132
1532015984060140
1532015984060147
1532015984560173
1532015984560191
1532015984560204
1532015984560211
1532015984560218
1532015984560225
1532015984560232
1532015985060238
1532015985060253
1532015985060261
1532015985060268
1532015985060275
1532015985060282
1532015985560333
1532015985560353
1532015985560361
1532015985560367
1532015985560376
1532015985560386
1532015985560393
1532015986060440
1532015986060459
1532015986060469
1532015986060477
1532015986060483
1532015986060491
1532015986060499
1532015986560506
1532015986560523
1532015986560531
1532015986560538
1532015986560545
1532015986560552
1532015987060583
1532015987060598
1532015987060612
1532015987060620
1532015987060630
1532015987060640
1532015987060655
1532015987560612
1532015987560627
1532015987560636
1532015987560654
1532015987560664
1532015987560671
1532015988060711
1532015988060724
1532015988060740
1532015988060747
1532015988060755
1532015988060764
1532015988060772
1532015988560730
1532015988560744
1532015988560751
1532015988560761
1532015988560776
1532015988560783
1532015989060888
1532015989060901
1532015989060909
1532015989060918
1532015989060925
1532015989060932
1532015989060939
1532015989560931
1532015989560949
1532015989560957
1532015989560965
1532015989560973
1532015989560979
1532015990061031
1532015990061043
1532015990061054
1532015990061063
1532015990061070
1532015990061076
1532015990061084
1532015990561208
1532015990561228
1532015990561237
1532015990561245
1532015990561253
1532015990561261
1532015990561269
1532015991061295
1532015991061317
1532015991061326
1532015991061335
1532015991061352
1532015991061364
1532015991061375
1532015991561452
1532015991561472
1532015991561483
1532015991561492
1532015991561503
1532015991561512
1532015991561520
1532015992061379
1532015992061394
1532015992061402
1532015992061410
1532015992061419
1532015992061430
1532015992561509
1532015992561523
1532015992561533
1532015992561546
1532015992561554
1532015992561561
1532015992561569
1532015993061617
1532015993061631
1532015993061642
1532015993061652
1532015993061660
1532015993061670
1532015993061678
1532015993561756
1532015993561772
1532015993561781
1532015993561796
1532015993561804
1532015993561812
1532015993561821
1532015994061815
1532015994061829
1532015994061837
1532015994061852
1532015994061860
1532015994061868
1532015994561924
1532015994561944
1532015994561971
1532015994561980
1532015994561989
1532015994562002
1532015994562010
1532015995061863
1532015995061880
1532015995061896
1532015995061904
1532015995061913
1532015995061921
1532015995561983
1532015995562000
1532015995562008
1532015995562022
1532015995562030
1532015995562038
1532015995562046
1532015996062046
1532015996062061
1532015996062076
1532015996062084
1532015996062092
1532015996062100
1532015996562138
1532015996562152
1532015996562161
1532015996562175
1532015996562184
1532015996562191
1532015996562200
1532015997062280
1532015997062900
1532015997062929
1532015997062939
1532015997062958
1532015997062968
1532015997062983
1532015997562497
1532015997562520
1532015997562533
1532015997562542
1532015997562550
1532015997562562
1532015998062386
1532015998062408
1532015998062419
1532015998062428
1532015998062435
1532015998062443
1532015998562510
1532015998562531
1532015998562540
1532015998562549
1532015998562558
1532015998562566
1532015998562574
1532015999062589
1532015999062607
1532015999062617
1532015999062625
1532015999062633
1532015999062642
1532015999062655
1532015999562612
1532015999562630
1532015999562638
1532015999562647
1532015999562655
1532015999562664
1532016000062703
1532016000062720
1532016000062729
1532016000062737
1532016000062746
1532016000062755
1532016000062764
1532016000562811
1532016000562830
1532016000562839
1532016000562848
1532016000562857
1532016000562865
1532016000562874
1532016001062850
1532016001062864
1532016001062872
1532016001062880
1532016001062889
1532016001062896
1532016001562984
1532016001562999
1532016001563007
1532016001563016
1532016001563024
1532016001563032
1532016001563040
1532016002063114
1532016002063155
1532016002063164
1532016002063179
1532016002063190
1532016002063199
1532016002063214
1532016002563304
1532016002563419
1532016002563434
1532016002563442
1532016002563458
1532016002563466
1532016002563474
1532016003063289
1532016003063307
1532016003063316
1532016003063323
1532016003063331
1532016003063342
1532016003563281
1532016003563300
1532016003563309
1532016003563317
1532016003563326
1532016003563334
1532016004063346
1532016004063360
1532016004063367
1532016004063375
1532016004063382
1532016004063389
1532016004063396
1532016004563468
1532016004563486
1532016004563495
1532016004563503
1532016004563511
1532016004563519
1532016004563527
1532016005063502
1532016005063516
1532016005063524
1532016005063532
1532016005063540
1532016005063547
1532016005563606
1532016005563621
1532016005563630
1532016005563638
1532016005563646
1532016005563697
1532016005563707
1532016006063717
1532016006063731
1532016006063739
1532016006063747
1532016006063756
1532016006063766
1532016006563771
1532016006563789
1532016006563797
1532016006563806
1532016006563813
1532016006563821
1532016007063894
1532016007063914
1532016007063923
1532016007063931
1532016007063939
1532016007063947
1532016007063955
1532016007563895
1532016007563910
1532016007563918
1532016007563926
1532016007563934
1532016007563945
1532016008063958
1532016008063977
1532016008063986
1532016008063999
1532016008064007
1532016008064015
1532016008064022
1532016008564085
1532016008564104
1532016008564114
1532016008564122
1532016008564130
1532016008564138
1532016008564146
1532016009064189
1532016009064211
1532016009064219
1532016009064227
1532016009064235
1532016009064243
1532016009064251
1532016009564221
1532016009564238
1532016009564247
1532016009564257
1532016009564264
1532016009564271
1532016010064267
1532016010064280
1532016010064290
1532016010064299
1532016010064306
1532016010064318
1532016010564442
1532016010564522
1532016010564537
1532016010564546
1532016010564554
1532016010564562
1532016010564570
1532016011064528
1532016011064543
1532016011064552
1532016011064561
1532016011064569
1532016011064577
1532016011564689
1532016011564709
1532016011564724
1532016011564737
1532016011564745
1532016011564753
1532016011564768
1532016012064860
1532016012064877
1532016012064886
1532016012064899
1532016012064910
1532016012064918
1532016012064936
1532016012564708
1532016012564725
1532016012564735
1532016012564743
1532016012564750
1532016012564758
1532016013064838
1532016013064854
1532016013064862
1532016013064877
1532016013064888
1532016013064896
1532016013064911
1532016013564955
1532016013564971
1532016013564979
1532016013564988
1532016013564996
1532016013565004
1532016013565012
1532016014064991
1532016014065005
1532016014065013
1532016014065021
1532016014065030
1532016014065038
1532016014565087
1532016014565103
1532016014565112
1532016014565120
1532016014565128
1532016014565136
1532016014565144
1532016015065172
1532016015065187
1532016015065195
1532016015065204
1532016015065217
1532016015065225
1532016015065233
1532016015565285
1532016015565303
1532016015565312
1532016015565320
1532016015565329
1532016015565337
1532016015565344
1532016016065365
1532016016065381
1532016016065389
1532016016065398
1532016016065405
1532016016065412
1532016016065420
1532016016565426
1532016016565443
1532016016565452
1532016016565463
1532016016565472
1532016016565480
1532016017065450
1532016017065465
1532016017065473
1532016017065483
1532016017065493
1532016017065502
1532016017565568
1532016017565583
1532016017565592
1532016017565601
1532016017565608
1532016017565621
1532016017565629
1532016018065609
1532016018065622
1532016018065630
1532016018065640
1532016018065648
1532016018065656
1532016018565695
1532016018565714
1532016018565728
1532016018565735
1532016018565743
1532016018565751
1532016018565768
1532016019065828
1532016019065843
1532016019065852
1532016019065865
1532016019065873
1532016019065881
1532016019065889
1532016019565904
1532016019565920
1532016019565930
1532016019565937
1532016019565950
1532016019565960
1532016020066091
1532016020066111
1532016020066120
1532016020066129
1532016020066137
1532016020066154
1532016020066161
1532016020566079
1532016020566094
1532016020566102
1532016020566112
1532016020566124
1532016020566133
1532016021066074
1532016021066095
1532016021066105
1532016021066113
1532016021066120
1532016021066127
1532016021566178
1532016021566193
1532016021566202
1532016021566210
1532016021566218
1532016021566227
1532016021566235
1532016022066399
1532016022066416
1532016022066425
1532016022066433
1532016022066441
1532016022066450
1532016022066458
1532016022566395
1532016022566413
1532016022566422
1532016022566431
1532016022566439
1532016022566447
1532016023066449
1532016023066463
1532016023066471
1532016023066479
1532016023066487
1532016023066495
1532016023566459
1532016023566472
1532016023566481
1532016023566491
1532016023566499
1532016023566508
1532016024066623
1532016024066637
1532016024066646
1532016024066654
1532016024066662
1532016024066670
1532016024066678
1532016024566707
1532016024566722
1532016024566733
1532016024566741
1532016024566749
1532016024566756
1532016024566764
1532016025066733
1532016025066747
1532016025066758
1532016025066770
1532016025066778
1532016025066786
1532016025566845
1532016025566863
1532016025566877
1532016025566885
1532016025566893
1532016025566901
1532016025566919
1532016026066902
1532016026066921
1532016026066930
1532016026066938
1532016026066945
1532016026067027
1532016026566934
1532016026566949
1532016026566957
1532016026566972
1532016026566980
1532016026566988
1532016027067058
1532016027067076
1532016027067091
1532016027067099
1532016027067106
1532016027067114
1532016027067129
1532016027567210
1532016027567301
1532016027567318
1532016027567328
1532016027567338
1532016027567350
1532016027567359
1532016028067286
1532016028067304
1532016028067319
1532016028067328
1532016028067336
1532016028067348
1532016028567349
1532016028567366
1532016028567376
1532016028567385
1532016028567393
1532016028567401
1532016029067424
1532016029067444
1532016029067452
1532016029067461
1532016029067469
1532016029067478
1532016029067485
1532016029567459
1532016029567477
1532016029567486
1532016029567498
1532016029567506
1532016029567516
1532016030067485
1532016030067501
1532016030067511
1532016030067519
1532016030067528
1532016030067536
1532016030567586
1532016030567602
1532016030567611
1532016030567620
1532016030567629
1532016030567638
1532016030567649
1532016031067624
1532016031067642
1532016031067650
1532016031067658
1532016031067665
1532016031067673
1532016031567779
1532016031567846
1532016031567863
1532016031567872
1532016031567880
1532016031567888
1532016031567896
1532016032067852
1532016032067866
1532016032067879
1532016032067889
1532016032067899
1532016032067911
1532016032567969
1532016032567986
1532016032567999
1532016032568008
1532016032568017
1532016032568026
1532016032568034
1532016033068146
1532016033068161
1532016033068171
1532016033068187
1532016033068196
1532016033068213
1532016033068226
1532016033568078
1532016033568099
1532016033568116
1532016033568126
1532016033568135
1532016033568144
1532016034068159
1532016034068176
1532016034068185
1532016034068193
1532016034068202
1532016034068210
1532016034568188
1532016034568200
1532016034568209
1532016034568218
1532016034568226
1532016034568234
1532016035068304
1532016035068320
1532016035068328
1532016035068337
1532016035068345
1532016035068354
1532016035068363
1532016035568447
1532016035568464
1532016035568473
1532016035568483
1532016035568491
1532016035568502
1532016035568511
1532016036068551
1532016036068571
1532016036068580
1532016036068588
1532016036068596
1532016036068604
1532016036068612
1532016036568591
1532016036568606
1532016036568614
1532016036568624
1532016036568633
1532016036568641
1532016037068644
1532016037068661
1532016037068671
1532016037068678
1532016037068686
1532016037068695
1532016037568790
1532016037568809
1532016037568822
1532016037568832
1532016037568842
1532016037568852
1532016037568861
1532016038068857
1532016038068874
1532016038068885
1532016038068894
1532016038068904
1532016038068914
1532016038569012
1532016038569032
1532016038569048
1532016038569058
1532016038569067
1532016038569075
1532016038569089
1532016039068931
1532016039068949
1532016039068958
1532016039068971
1532016039068979
1532016039068989
1532016039569103
1532016039569117
1532016039569126
1532016039569143
1532016039569152
1532016039569164
1532016039569180
1532016040069267
1532016040069285
1532016040069300
1532016040069308
1532016040069318
1532016040069327
1532016040069342
1532016040569259
1532016040569279
1532016040569294
1532016040569303
1532016040569312
1532016040569321
1532016041069356
1532016041069374
1532016041069382
1532016041069390
1532016041069397
1532016041069405
1532016041069413
1532016041569410
1532016041569426
1532016041569435
1532016041569443
1532016041569451
1532016041569459
1532016042069535
1532016042069552
1532016042069561
1532016042069570
1532016042069579
1532016042069588
1532016042069597
1532016042569662
1532016042569681
1532016042569694
1532016042569703
1532016042569717
1532016042569727
1532016042569735
1532016043069765
1532016043069785
1532016043069795
1532016043069803
1532016043069812
1532016043069820
1532016043069828
1532016043569780
1532016043569800
1532016043569816
1532016043569824
1532016043569832
1532016043569840
1532016044069849
1532016044069864
1532016044069872
1532016044069895
1532016044069904
1532016044069924
1532016044569999
1532016044570017
1532016044570034
1532016044570043
1532016044570052
1532016044570059
1532016044570073
1532016045070192
1532016045070211
1532016045070227
1532016045070236
1532016045070245
1532016045070253
1532016045070268
1532016045570148
1532016045570167
1532016045570176
1532016045570190
1532016045570198
1532016045570206
1532016046070203
1532016046070221
1532016046070233
1532016046070242
1532016046070250
1532016046070258
1532016046570285
1532016046570299
1532016046570307
1532016046570317
1532016046570325
1532016046570336
1532016046570344
1532016047070423
1532016047070443
1532016047070453
1532016047070462
1532016047070470
1532016047070477
1532016047070486
1532016047570423
1532016047570442
1532016047570451
1532016047570459
1532016047570467
1532016047570476
1532016048070591
1532016048070607
1532016048070616
1532016048070624
1532016048070632
1532016048070639
1532016048070646
1532016048570596
1532016048570611
1532016048570620
1532016048570627
1532016048570635
1532016048570643
1532016049070639
1532016049070653
1532016049070661
1532016049070674
1532016049070681
1532016049070688
1532016049570763
1532016049570784
1532016049570800
1532016049570809
1532016049570816
1532016049570825
1532016049570839
1532016050070788
1532016050070803
1532016050070811
1532016050070819
1532016050070828
1532016050070839
1532016050570844
1532016050570861
1532016050570870
1532016050570879
1532016050570889
1532016050570897
1532016051070981
1532016051070998
1532016051071007
1532016051071014
1532016051071022
1532016051071029
1532016051071037
1532016051571106
1532016051571123
1532016051571132
1532016051571140
1532016051571149
1532016051571156
1532016051571164
1532016052071257
1532016052071347
1532016052071360
1532016052071368
1532016052071378
1532016052071387
1532016052071395
1532016052571394
1532016052571412
1532016052571422
1532016052571430
1532016052571439
1532016052571447
1532016053071557
1532016053072829
1532016053072852
1532016053072869
1532016053072878
1532016053072891
1532016053072902
1532016053571568
1532016053571587
1532016053571596
1532016053571604
1532016053571613
1532016053571621
1532016054071588
1532016054071604
1532016054071612
1532016054071627
1532016054071634
1532016054071642
1532016054571693
1532016054571709
1532016054571717
1532016054571732
1532016054571739
1532016054571747
1532016054571755
1532016055071744
1532016055071757
1532016055071766
1532016055071781
1532016055071791
1532016055071799
1532016055571865
1532016055571885
1532016055571900
1532016055571909
1532016055571917
1532016055571925
1532016055571933
1532016056072002
1532016056072018
1532016056072027
1532016056072041
1532016056072049
1532016056072057
1532016056072065
1532016056571993
1532016056572013
1532016056572027
1532016056572036
1532016056572044
1532016056572052
1532016057072050
1532016057072068
1532016057072076
1532016057072090
1532016057072103
1532016057072116
1532016057572145
1532016057572168
1532016057572178
1532016057572194
1532016057572202
1532016057572215
1532016058072323
1532016058072344
1532016058072360
1532016058072370
1532016058072379
1532016058072388
1532016058072404
1532016058572284
1532016058572300
1532016058572317
1532016058572326
1532016058572335
1532016058572344
1532016059072419
1532016059072437
1532016059072447
1532016059072460
1532016059072467
1532016059072476
1532016059072483
1532016059572514
1532016059572539
1532016059572553
1532016059572571
1532016059572581
1532016059572592
1532016059572601
1532016060072587
1532016060072608
1532016060072617
1532016060072630
1532016060072639
1532016060072647
1532016060572680
1532016060572696
1532016060572705
1532016060572720
1532016060572731
1532016060572741
1532016060572758
1532016061072822
1532016061072843
1532016061072852
1532016061072861
1532016061072869
1532016061072877
1532016061072886
1532016061572919
1532016061572937
1532016061572951
1532016061572960
1532016061572969
1532016061572982
1532016061572992
1532016062072998
1532016062073014
1532016062073024
1532016062073041
1532016062073050
1532016062073061
1532016062573026
1532016062573043
1532016062573058
1532016062573072
1532016062573082
1532016062573100
1532016063073103
1532016063073125
1532016063073135
1532016063073144
1532016063073153
1532016063073167
1532016063573148
1532016063573166
1532016063573182
1532016063573191
1532016063573201
1532016063573210
1532016064073217
1532016064073236
1532016064073244
1532016064073259
1532016064073267
1532016064073276
1532016064573291
1532016064573314
1532016064573330
1532016064573345
1532016064573355
1532016064573368
1532016064573384
1532016065073441
1532016065073458
1532016065073476
1532016065073484
1532016065073493
1532016065073502
1532016065073515
