1534165715983849
1534165716483907
1534165717484018
1534165717984080
1534165718484142
1534165718984203
1534165719484265
1534165719984328
1534165720484395
1534165720984464
1534165721484526
1534165721984589
1534165722484657
1534165722984724
1534165723484789
1534165723984852
1534165724484915
1534165725485039
1534165725985102
1534165726485170
1534165726985234
1534165727485299
1534165727985364
1534165728485423
1534165728985494
1534165729485552
1534165729985618
1534165730485688
1534165730985754
1534165731985901
1534165732485970
1534165732986039
1534165733486112
1534165733986181
1534165734486250
1534165734986319
1534165735486389
1534165735986458
1534165736986600
1534165737486673
1534165737986741
1534165738486809
1534165738986877
1534165739486946
1534165739987014
1534165740487082
1534165740987149
1534165741487217
1534165742487354
1534165742987421
1534165743487491
1534165743987564
1534165744487633
1534165744987712
1534165745487784
1534165745987852
1534165746487920
1534165746987989
1534165747488058
1534165747988128
1534165748488191
1534165748988252
1534165749488328
1534165749988398
1534165750488466
1534165750988537
1534165751488604
1534165751988678
1534165752488748
1534165752988820
1534165753488893
1534165753988967
1534165754489033
1534165754989101
1534165755489170
1534165755989238
1534165756489306
1534165756989369
1534165757489431
1534165757989498
1534165758489574
1534165758989649
1534165759489717
1534165759989785
1534165760489854
1534165760989921
1534165761489989
1534165761990055
1534165762490121
1534165762990190
1534165763490257
1534165763990323
1534165764490389
1534165765490520
1534165765990588
1534165766490656
1534165766990724
1534165767490792
1534165767990865
1534165768490938
1534165768991010
1534165769491100
1534165769991168
1534165770491234
1534165770991304
1534165771491382
1534165771991459
1534165772491534
1534165772991608
1534165773491683
1534165773991751
1534165774491819
1534165774991886
1534165775491957
1534165775992027
1534165777492242
1534165777992316
1534165778492394
1534165778992464
1534165779492539
1534165779992608
1534165780492680
1534165780992754
1534165781492827
1534165781992901
1534165782492975
1534165782993048
1534165783493118
1534165783993188
1534165784493263
1534165784993332
1534165785493406
1534165785993477
1534165786493551
1534165786993623
1534165787493693
1534165787993764
1534165788993908
1534165789493976
1534165789994048
1534165790494118
1534165790994186
1534165791494261
1534165791994337
1534165792494408
1534165792994479
1534165793494548
1534165793994620
1534165794494690
1534165794994741
1534165795494816
1534165795994886
1534165796494958
1534165796995027
1534165797495097
1534165797995170
1534165798495237
1534165798995306
1534165799495374
1534165799995440
1534165800495506
1534165800995575
1534165801495643
1534165801995711
1534165802495779
1534165802995848
1534165803495916
1534165804496057
1534165804996128
1534165805496190
1534165805996260
1534165806496331
1534165807496468
1534165807996540
1534165808496613
1534165808996680
1534165809496750
1534165809996818
1534165810496887
1534165810996956
1534165811497024
1534165811997092
1534165812497163
1534165812997234
1534165813497301
1534165813997370
1534165814497438
