1534165715484346
1534165715484450
1534165715984187
1534165715984405
1534165716484283
1534165716484385
1534165716984291
1534165716984393
1534165717484406
1534165717484459
1534165717984512
1534165717984612
1534165718484589
1534165718484677
1534165718984607
1534165718984694
1534165719484653
1534165719484735
1534165719984633
1534165719984820
1534165720484814
1534165720484896
1534165720984806
1534165720984839
1534165720984906
1534165721484925
1534165721484957
1534165721485031
1534165721985027
1534165721985062
1534165721985101
1534165722485075
1534165722485145
1534165722985187
1534165722985266
1534165723485237
1534165723485268
1534165723485311
1534165723985285
1534165723985342
1534165724485306
1534165724485349
1534165724985417
1534165724985448
1534165724985504
1534165725485413
1534165725485487
1534165725985442
1534165725985595
1534165726485690
1534165726485771
1534165726985653
1534165726985717
1534165727485741
1534165727485886
1534165727985718
1534165727985782
1534165727985792
1534165728485810
1534165728485904
1534165728985919
1534165728985948
1534165728986003
1534165729485934
1534165729485992
1534165729986038
1534165729986061
1534165729986158
1534165730486149
1534165730486221
1534165730986201
1534165730986304
1534165731486221
1534165731486317
1534165731986348
1534165731986419
1534165732486344
1534165732486527
1534165732986499
1534165732986613
1534165733486493
1534165733486517
1534165733486652
1534165733986552
1534165733986732
1534165734486675
1534165734486760
1534165734986780
1534165734986855
1534165735486837
1534165735486859
1534165735486884
1534165735987020
1534165735987111
1534165736487047
1534165736487095
1534165736987102
1534165736987188
1534165737487144
1534165737487215
1534165737987180
1534165737987214
1534165737987253
1534165738487286
1534165738487420
1534165738987379
1534165738987471
1534165739487352
1534165739487519
1534165739987462
1534165739987545
1534165740487619
1534165740487674
1534165740987586
1534165740987717
1534165741487681
1534165741487746
1534165741987656
1534165741987719
1534165742487833
1534165742487865
1534165742487890
1534165742987877
1534165742987978
1534165743487966
1534165743488001
1534165743488053
1534165743987966
1534165743988060
1534165744488030
1534165744488143
1534165744988162
1534165744988190
1534165744988231
1534165745488270
1534165745488329
1534165745988260
1534165745988321
1534165746488371
1534165746488483
1534165746988425
1534165746988514
1534165747488541
1534165747488642
1534165747988516
1534165747988567
1534165748488576
1534165748488645
1534165748988547
1534165748988640
1534165749488753
1534165749488852
1534165749988933
1534165749988990
1534165750488887
1534165750489035
1534165750989097
1534165750989136
1534165750989169
1534165751489070
1534165751489143
1534165751989182
1534165751989240
1534165752489236
1534165752489268
1534165752489333
1534165752989226
1534165752989272
1534165753489328
1534165753489444
1534165753989379
1534165753989402
1534165753989492
1534165754489465
1534165754489518
1534165754989526
1534165754989613
1534165755489741
1534165755489815
1534165755989726
1534165755989784
1534165756489680
1534165756489818
1534165756989746
1534165756989793
1534165757489987
1534165757490042
1534165757989897
1534165757990009
1534165758489948
1534165758489968
1534165758490062
1534165758989990
1534165758990064
1534165759490040
1534165759490150
1534165759990172
1534165759990206
1534165759990274
1534165760490324
1534165760490384
1534165760990330
1534165760990439
1534165761490457
1534165761490538
1534165761990482
1534165761990544
1534165762490573
1534165762490693
1534165762990644
1534165762990712
1534165763490668
1534165763490803
1534165763990709
1534165763990820
1534165764490808
1534165764490923
1534165764990968
1534165764991052
1534165765490911
1534165765490968
1534165765991079
1534165765991157
1534165766491134
1534165766491171
1534165766491218
1534165766991134
1534165766991258
1534165767491298
1534165767491346
1534165767991266
1534165767991419
1534165768491371
1534165768491459
1534165768991425
1534165768991510
1534165769491542
1534165769491635
1534165769991647
1534165769991715
1534165770491627
1534165770491718
1534165770991729
1534165770991792
1534165771491860
1534165771491893
1534165771491929
1534165771991878
1534165771991950
1534165772492005
1534165772492092
1534165772992011
1534165772992087
1534165773492157
1534165773492192
1534165773492248
1534165773992187
1534165773992279
1534165774492294
1534165774492360
1534165774992365
1534165774992398
1534165774992456
1534165775492361
1534165775492394
1534165775492494
1534165775992429
1534165775992581
1534165776492598
1534165776492689
1534165776992600
1534165776992693
1534165777492686
1534165777492754
1534165777492792
1534165777492848
1534165777992781
1534165777992851
1534165777992924
1534165778492859
1534165778492954
1534165778992946
1534165778993045
1534165779493011
1534165779493053
1534165779993021
1534165779993137
1534165780493276
1534165780493320
1534165780993237
1534165780993321
1534165781493301
1534165781493382
1534165781993366
1534165781993457
1534165782493385
1534165782493500
1534165782993441
1534165782993543
1534165783493578
1534165783493612
1534165783493623
1534165783993633
1534165783993744
1534165784493680
1534165784493784
1534165784993758
1534165784993869
1534165785493863
1534165785493913
1534165785993912
1534165785994002
1534165786493998
1534165786494021
1534165786494035
1534165786994029
1534165786994173
1534165787494093
1534165787494214
1534165787994237
1534165787994300
1534165788494260
1534165788494285
1534165788494392
1534165788994362
1534165788994474
1534165789494351
1534165789494450
1534165789494530
1534165789994493
1534165789994618
1534165790494496
1534165790494619
1534165790994578
1534165790994619
1534165791494654
1534165791494797
1534165791994764
1534165791994854
1534165792494813
1534165792494919
1534165792994903
1534165792995070
1534165793494881
1534165793495110
1534165793995062
1534165793995145
1534165794495110
1534165794495218
1534165794495248
1534165794995147
1534165794995251
1534165794995272
1534165795495301
1534165795495335
1534165795495384
1534165795995330
1534165795995364
1534165795995398
1534165796495356
1534165796495441
1534165796995492
1534165796995559
1534165797495533
1534165797495567
1534165797495608
1534165797995629
1534165797995765
1534165798495665
1534165798495755
1534165798995842
1534165798995898
1534165799495844
1534165799495931
1534165799995876
1534165799995924
1534165800495951
1534165800496019
1534165800996082
1534165800996105
1534165800996137
1534165801496039
1534165801496155
1534165801996131
1534165801996175
1534165802496225
1534165802496304
1534165802996294
1534165802996324
1534165802996363
1534165803496294
1534165803496432
1534165803996450
1534165803996529
1534165804496421
1534165804496570
1534165804996571
1534165804996649
1534165805496580
1534165805496630
1534165805996717
1534165805996740
1534165805996758
1534165806496821
1534165806496872
1534165806996783
1534165806996829
1534165807496924
1534165807497038
1534165807996970
1534165807997066
1534165808497080
1534165808497165
1534165808997095
1534165808997260
1534165809497239
1534165809497326
1534165809997331
1534165809997357
1534165809997398
1534165810497371
1534165810497464
1534165810997416
1534165810997484
1534165811497528
1534165811497620
1534165811997550
1534165811997649
1534165812497702
1534165812497758
1534165812497784
1534165812997712
1534165812997746
1534165812997810
1534165813497759
1534165813497848
1534165813998054
1534165813998152
1534165814497855
1534165814497924
