1534165715984861
1534165716485018
1534165717485357
1534165717985304
1534165718485200
1534165718985365
1534165719485230
1534165719985346
1534165720485399
1534165720985445
1534165721485911
1534165721985618
1534165722485712
1534165722986065
1534165723485808
1534165723985991
1534165724486062
1534165725486038
1534165725986464
1534165726486471
1534165726986243
1534165727486768
1534165727986327
1534165728486710
1534165728986830
1534165729486511
1534165729986948
1534165730486938
1534165730987145
1534165731987212
1534165732487095
1534165732987249
1534165733487142
1534165733987295
1534165734487442
1534165734987609
1534165735487727
1534165735987865
1534165736987924
1534165737487759
1534165737987887
1534165738488273
1534165738987910
1534165739488008
1534165739988132
1534165740488508
1534165740988149
1534165741488243
1534165742488720
1534165742988835
1534165743488697
1534165743988576
1534165744488663
1534165744989025
1534165745489131
1534165745988976
1534165746489333
1534165746989184
1534165747489543
1534165747989141
1534165748489237
1534165748989098
1534165749489694
1534165749989790
1534165750489630
1534165750989985
1534165751489815
1534165751990163
1534165752490031
1534165752990349
1534165753489935
1534165753990026
1534165754490110
1534165754990204
1534165755490547
1534165755990374
1534165756490231
1534165756990315
1534165757490662
1534165757990477
1534165758490561
1534165758990639
1534165759490730
1534165759990807
1534165760491155
1534165760991235
1534165761491322
1534165761991143
1534165762491471
1534165762991301
1534165763491379
1534165763991461
1534165764491545
1534165765491701
1534165765992032
1534165766491857
1534165766991712
1534165767492279
1534165767991865
1534165768491940
1534165768992001
1534165769492362
1534165769992659
1534165770492229
1534165770992562
1534165771492650
1534165771992458
1534165772492832
1534165772992606
1534165773492950
1534165773992769
1534165774493102
1534165774992935
1534165775492988
1534165775993056
1534165777493279
1534165777993372
1534165778493437
1534165778993514
1534165779493580
1534165779993898
1534165780494221
1534165780993824
1534165781493868
1534165781993938
1534165782494010
1534165782994076
1534165783494428
1534165783994224
1534165784494300
1534165784994625
1534165785494700
1534165785994795
1534165786494884
1534165786994656
1534165787494736
1534165787995077
1534165788994950
1534165789495017
1534165789995087
1534165790495153
1534165790995220
1534165791495554
1534165791995369
1534165792495444
1534165792995763
1534165793495583
1534165793995654
1534165794495721
1534165794995789
1534165795496134
1534165795995929
1534165796495987
1534165796996333
1534165797496097
1534165797996415
1534165798496221
1534165798996760
1534165799496565
1534165799996618
1534165800496933
1534165800996986
1534165801496787
1534165801997096
1534165802497153
1534165802997209
1534165803497016
1534165804497131
1534165804997194
1534165805497248
1534165805997569
1534165806497669
1534165807497745
1534165807997539
1534165808498102
1534165808997676
1534165809497968
1534165809998278
1534165810498087
1534165810998151
1534165811498452
1534165811998263
1534165812498579
1534165812998386
1534165813498443
1534165813999006
1534165814498591
