1532015597283442
1532015597283472
1532015597283481
1532015597283489
1532015597786725
1532015597786794
1532015597786811
1532015597786828
1532015598283908
1532015598283929
1532015598283937
1532015598283952
1532015598784029
1532015598784050
1532015598784061
1532015598784072
1532015599284015
1532015599284039
1532015599284046
1532015599284058
1532015599784103
1532015599784125
1532015599784132
1532015599784144
1532015600285402
1532015600285426
1532015600285441
1532015600285451
1532015600784403
1532015600784426
1532015600784433
1532015600784441
1532015601284526
1532015601284545
1532015601284552
1532015601284570
1532015601784640
1532015601784659
1532015601784674
1532015601784682
1532015602284707
1532015602284734
1532015602284741
1532015602284754
1532015602784860
1532015602784878
1532015602784886
1532015602784904
1532015603284873
1532015603284892
1532015603284909
1532015603284920
1532015603784960
1532015603784985
1532015603784997
1532015603785006
1532015604285045
1532015604285061
1532015604285068
1532015604285083
1532015604785125
1532015604785145
1532015604785162
1532015604785171
1532015605285198
1532015605285225
1532015605285233
1532015605285241
1532015605785287
1532015605785304
1532015605785312
1532015605785321
1532015606285366
1532015606285383
1532015606285390
1532015606285399
1532015606785516
1532015606785534
1532015606785543
1532015606785553
1532015607285565
1532015607285585
1532015607285594
1532015607285604
1532015607785655
1532015607785673
1532015607785682
1532015607785693
1532015608285740
1532015608285764
1532015608285777
1532015608285788
1532015608785782
1532015608785805
1532015608785814
1532015608785824
1532015609285833
1532015609285861
1532015609285870
1532015609285880
1532015609786088
1532015609786119
1532015609786131
1532015609786141
1532015610286108
1532015610286127
1532015610286136
1532015610286146
1532015610786128
1532015610786146
1532015610786155
1532015610786165
1532015611286158
1532015611286182
1532015611286191
1532015611286201
1532015611786170
1532015611786186
1532015611786209
1532015611786230
1532015612286249
1532015612286266
1532015612286274
1532015612286284
1532015612786453
1532015612786471
1532015612786480
1532015612786496
1532015613286505
1532015613286526
1532015613286535
1532015613286544
1532015613786518
1532015613786534
1532015613786543
1532015613786553
1532015614286616
1532015614286637
1532015614286645
1532015614286656
1532015614786699
1532015614786717
1532015614786725
1532015614786734
1532015615286780
1532015615286801
1532015615286809
1532015615286819
1532015615786884
1532015615786911
1532015615786920
1532015615786929
1532015616286925
1532015616286943
1532015616286951
1532015616286960
1532015616787046
1532015616787067
1532015616787075
1532015616787086
1532015617287199
1532015617287216
1532015617287225
1532015617287235
1532015617787369
1532015617787385
1532015617787392
1532015617787402
1532015618287279
1532015618287302
1532015618287311
1532015618287320
1532015618787484
1532015618787501
1532015618787509
1532015618787517
1532015618787560
1532015619287346
1532015619288895
1532015619288904
1532015619288914
1532015619787530
1532015619787554
1532015619787562
1532015619787572
1532015620287637
1532015620287657
1532015620287665
1532015620287675
1532015620787676
1532015620787693
1532015620787701
1532015620787711
1532015621287778
1532015621287795
1532015621287803
1532015621287812
1532015621787968
1532015621787991
1532015621788000
1532015621788015
1532015622287975
1532015622287992
1532015622288000
1532015622288010
1532015622788250
1532015622788272
1532015622788282
1532015622788292
1532015622788524
1532015623288144
1532015623288163
1532015623288171
1532015623288182
1532015623788343
1532015623788362
1532015623788378
1532015623788389
1532015624288412
1532015624289038
1532015624289063
1532015624289094
1532015624788550
1532015624788572
1532015624788581
1532015624788592
1532015625288512
1532015625288530
1532015625288539
1532015625288550
1532015625788684
1532015625788701
1532015625788710
1532015625788729
1532015626289061
1532015626289083
1532015626289092
1532015626289102
1532015626788864
1532015626788885
1532015626788991
1532015626789014
1532015627288884
1532015627288908
1532015627288917
1532015627288927
1532015627788910
1532015627788929
1532015627788937
1532015627788950
1532015628289041
1532015628289060
1532015628289069
1532015628289081
1532015628789415
1532015628789435
1532015628789444
1532015628789454
1532015629289281
1532015629289300
1532015629289308
1532015629289318
1532015629789198
1532015629789220
1532015629789228
1532015629789238
1532015630289408
1532015630289426
1532015630289437
1532015630289449
1532015630789390
1532015630789415
1532015630789423
1532015630789436
1532015631289447
1532015631289469
1532015631289477
1532015631289486
1532015631789594
1532015631789612
1532015631789626
1532015631789637
1532015632289666
1532015632289683
1532015632289691
1532015632289701
1532015632789725
1532015632789752
1532015632789760
1532015632789770
1532015633289768
1532015633289789
1532015633289797
1532015633289807
1532015633789846
1532015633789862
1532015633789870
1532015633789880
1532015634290283
1532015634290303
1532015634290310
1532015634290321
1532015634790231
1532015634790257
1532015634790268
1532015634790279
1532015635290275
1532015635290293
1532015635290300
1532015635290316
1532015635790280
1532015635790295
1532015635790303
1532015635790313
1532015636290344
1532015636290364
1532015636290374
1532015636290384
1532015636790406
1532015636790422
1532015636790430
1532015636790439
1532015637290494
1532015637290513
1532015637290521
1532015637290530
1532015637790619
1532015637790638
1532015637790646
1532015637790656
1532015638290740
1532015638290759
1532015638290767
1532015638290777
1532015638790735
1532015638790755
1532015638790763
1532015638790773
1532015639290819
1532015639290837
1532015639290845
1532015639290855
1532015639790954
1532015639790974
1532015639790983
1532015639790992
1532015640291118
1532015640291136
1532015640291150
1532015640291158
1532015640291175
1532015640791106
1532015640791127
1532015640791136
1532015640791146
1532015641291221
1532015641291240
1532015641291248
1532015641291257
1532015641791290
1532015641791309
1532015641791317
1532015641791327
1532015642291463
1532015642291482
1532015642291497
1532015642291508
1532015642791894
1532015642791914
1532015642791925
1532015642791936
1532015643291706
1532015643291729
1532015643291739
1532015643291750
1532015643791760
1532015643791781
1532015643791791
1532015643791803
1532015644291881
1532015644291902
1532015644291911
1532015644291922
1532015644791982
1532015644792003
1532015644792013
1532015644792030
1532015645292202
1532015645292222
1532015645292232
1532015645292244
1532015645792293
1532015645792316
1532015645792325
1532015645792337
1532015646292197
1532015646292215
1532015646292224
1532015646292235
1532015646794282
1532015646794309
1532015646794321
1532015646794335
1532015647292414
1532015647292435
1532015647292444
1532015647292454
1532015647792557
1532015647792574
1532015647792583
1532015647792593
1532015648292731
1532015648292752
1532015648292761
1532015648292771
1532015648792760
1532015648792779
1532015648792787
1532015648792798
1532015649292750
1532015649292771
1532015649292780
1532015649292790
1532015649792916
1532015649792934
1532015649792953
1532015649792963
1532015650292956
1532015650292989
1532015650293000
1532015650293011
1532015650793033
1532015650793054
1532015650793065
1532015650793073
1532015650793167
1532015651293048
1532015651293083
1532015651293092
1532015651293102
1532015651793270
1532015651793289
1532015651793298
1532015651793308
1532015652293271
1532015652293292
1532015652293300
1532015652293311
1532015652793348
1532015652793369
1532015652793377
1532015652793388
1532015653293391
1532015653293409
1532015653293418
1532015653293429
1532015653793553
1532015653793575
1532015653793583
1532015653793593
1532015654293595
1532015654293615
1532015654293624
1532015654293633
1532015654793719
1532015654793737
1532015654793745
1532015654793755
1532015655293703
1532015655293732
1532015655293740
1532015655293753
1532015655794306
1532015655794324
1532015655794335
1532015655794344
1532015656293854
1532015656293873
1532015656293882
1532015656293891
1532015656794397
1532015656794418
1532015656794444
1532015656794453
1532015657294030
1532015657294047
1532015657294057
1532015657294066
1532015657794485
1532015657794501
1532015657794509
1532015657794519
1532015658294181
1532015658294199
1532015658294207
1532015658294216
1532015658794745
1532015658794761
1532015658794768
1532015658794777
1532015659295152
1532015659295198
1532015659295215
1532015659295230
1532015659794860
1532015659794878
1532015659794886
1532015659794895
1532015660294688
1532015660294708
1532015660294716
1532015660294726
1532015660794726
1532015660794756
1532015660794764
1532015660794774
1532015661294947
1532015661294964
1532015661294973
1532015661294983
1532015661794866
1532015661794883
1532015661794891
1532015661794900
1532015662295020
1532015662295036
1532015662295043
1532015662295053
1532015662795114
1532015662795132
1532015662795140
1532015662795149
1532015663295054
1532015663295075
1532015663295083
1532015663295091
1532015663795232
1532015663795252
1532015663795259
1532015663795268
1532015664296097
1532015664296115
1532015664296123
1532015664296133
1532015664795502
1532015664795521
1532015664795529
1532015664795538
1532015665295519
1532015665295542
1532015665295549
1532015665295560
1532015665795677
1532015665795693
1532015665795701
1532015665795711
1532015666295993
1532015666296014
1532015666296023
1532015666296035
1532015666795731
1532015666795751
1532015666795759
1532015666795768
1532015667295786
1532015667295803
1532015667295817
1532015667295825
1532015667795887
1532015667795907
1532015667795916
1532015667795925
1532015668296010
1532015668296027
1532015668296034
1532015668296042
1532015668796064
1532015668796084
1532015668796092
1532015668796104
1532015668796235
1532015669297084
1532015669297110
1532015669297118
1532015669297127
1532015669796374
1532015669796398
1532015669796405
1532015669796413
1532015670296391
1532015670296410
1532015670296417
1532015670296431
1532015670796430
1532015670796454
1532015670796470
1532015670796481
1532015671296635
1532015671296649
1532015671296658
1532015671296669
1532015671796645
1532015671796665
1532015671796673
1532015671796682
1532015672296717
1532015672296740
1532015672296748
1532015672296762
1532015672796832
1532015672796850
1532015672796858
1532015672796867
1532015673296846
1532015673296864
1532015673296873
1532015673296883
1532015673797047
1532015673797066
1532015673797081
1532015673797090
1532015674296919
1532015674296937
1532015674296944
1532015674296956
1532015674797130
1532015674797147
1532015674797155
1532015674797165
1532015675297355
1532015675297376
1532015675297390
1532015675297400
1532015675797359
1532015675797378
1532015675797386
1532015675797396
1532015676297446
1532015676297472
1532015676297480
1532015676297490
1532015676797544
1532015676797567
1532015676797647
1532015676797659
1532015677297607
1532015677297628
1532015677297637
1532015677297647
1532015677797629
1532015677797646
1532015677797654
1532015677797665
1532015678297686
1532015678297702
1532015678297711
1532015678297721
1532015678797889
1532015678797904
1532015678797912
1532015678797921
1532015679298023
1532015679298043
1532015679298052
1532015679298072
1532015679798002
1532015679798022
1532015679798031
1532015679798041
1532015680298127
1532015680298159
1532015680298173
1532015680298184
1532015680798155
1532015680798181
1532015680798191
1532015680798202
1532015681298236
1532015681298257
1532015681298266
1532015681298276
1532015681798341
1532015681798358
1532015681798367
1532015681798377
1532015682298353
1532015682298373
1532015682298381
1532015682298392
1532015682798501
1532015682798519
1532015682798539
1532015682798550
1532015683298530
1532015683298553
1532015683298561
1532015683298571
1532015683798532
1532015683798548
1532015683798566
1532015683798576
1532015684298741
1532015684298773
1532015684298783
1532015684298794
1532015684798913
1532015684798937
1532015684798946
1532015684798958
1532015685298886
1532015685298907
1532015685298915
1532015685298926
1532015685799056
1532015685799079
1532015685799088
1532015685799098
1532015686299052
1532015686299073
1532015686299082
1532015686299093
1532015686799199
1532015686799219
1532015686799238
1532015686799252
1532015687299164
1532015687299181
1532015687299191
1532015687299200
1532015687799254
1532015687799283
1532015687799291
1532015687799309
1532015688299371
1532015688299390
1532015688299398
1532015688299407
1532015688799412
1532015688799430
1532015688799438
1532015688799448
1532015689299583
1532015689299602
1532015689299610
1532015689299620
1532015689799586
1532015689799605
1532015689799613
1532015689799623
1532015690299727
1532015690299745
1532015690299753
1532015690299763
1532015690799751
1532015690799769
1532015690799777
1532015690799786
1532015691299895
1532015691299920
1532015691299928
1532015691299938
1532015691799965
1532015691799983
1532015691799991
1532015691800000
1532015692300033
1532015692300053
1532015692300061
1532015692300072
1532015692800129
1532015692800147
1532015692800156
1532015692800167
1532015693300257
1532015693300278
1532015693300293
1532015693300304
1532015693800423
1532015693800443
1532015693800453
1532015693800464
1532015694300417
1532015694300446
1532015694300455
1532015694300465
1532015694800518
1532015694800536
1532015694800550
1532015694800568
1532015695300716
1532015695300737
1532015695300746
1532015695300756
1532015695800728
1532015695800747
1532015695800760
1532015695800772
1532015696300805
1532015696300824
1532015696300833
1532015696300845
1532015696804199
1532015696804223
1532015696804234
1532015696804245
