1532014042636421
1532014043136490
1532014043636567
1532014044136638
1532014044636714
1532014045136786
1532014045636857
1532014046136932
1532014046637001
1532014047137112
1532014047637186
1532014048137259
1532014048637350
1532014049137427
1532014049637522
1532014050137600
1532014050637684
1532014051137765
1532014051637850
1532014052137922
1532014052637994
1532014053138068
1532014053638141
1532014054138220
1532014054638296
1532014055138366
1532014055638444
1532014056138519
1532014056638603
1532014057138683
1532014057638762
1532014058138840
1532014058638954
1532014059139034
1532014059639112
1532014060139195
1532014060639271
1532014061139361
1532014061639439
1532014062139531
1532014062639612
1532014063139700
1532014063639777
1532014064139870
1532014064639954
1532014065140056
1532014065640136
1532014066140215
1532014066640288
1532014067140416
1532014067640489
1532014068140574
1532014068640654
1532014069140737
1532014069640818
1532014070140904
1532014070640978
1532014071141057
1532014071641172
1532014072141269
1532014072641343
1532014073141424
1532014073641500
1532014074141580
1532014074641660
1532014075141749
1532014075641876
1532014076141955
1532014076642034
1532014077142114
1532014077642191
1532014078142265
1532014078642339
1532014079142419
1532014079642497
1532014080142574
1532014080642663
1532014081142738
1532014081642821
1532014082142897
1532014082642973
1532014083143054
1532014083643185
1532014084143263
1532014084643349
1532014085143425
1532014085643510
1532014086143585
1532014086643661
1532014087143744
1532014087643946
1532014088144025
1532014088644101
1532014089144177
1532014089644251
1532014090144340
1532014090644417
1532014091144503
1532014091644657
1532014092144734
1532014092644813
1532014093144892
1532014093644973
1532014094145063
1532014094645144
1532014095145255
1532014095645338
1532014096145414
1532014096645502
1532014097145579
1532014097645660
1532014098145739
1532014098645855
1532014099145932
1532014099645999
1532014100146088
1532014100646177
1532014101146256
1532014101646335
1532014102146414
1532014102646487
1532014103146569
1532014103646649
1532014104146728
1532014105146922
1532014105646996
1532014106147087
1532014106647162
1532014107147261
1532014107647547
1532014108147626
1532014108647704
1532014109147826
1532014109647905
1532014110147987
1532014110648112
1532014111148189
1532014111648264
1532014112148338
1532014112648431
1532014113148510
1532014113648590
1532014114148673
1532014114648767
1532014115148900
1532014115649160
1532014116149236
1532014116649316
1532014117149394
1532014117649465
1532014118149542
1532014118649665
1532014119149740
1532014119649818
1532014120149897
1532014120649987
1532014121150070
1532014121650144
1532014122150224
1532014122650342
1532014123150414
1532014123650490
1532014124150567
1532014124650643
1532014125150714
1532014125650795
1532014126150871
1532014126650952
1532014127151042
1532014127651178
1532014128151262
1532014128651373
1532014129151450
1532014129651523
1532014130151598
1532014130651669
1532014131151774
1532014131651873
1532014132151966
1532014132652043
1532014133152129
1532014133652208
1532014134152299
1532014134652374
1532014135152490
1532014135652573
1532014136152657
1532014137152814
1532014137652888
1532014138152987
1532014138653061
1532014139153145
1532014139653246
1532014140153334
1532014140653408
1532014141153493
1532014141653567
1532014142154235
