1532014042636978
1532014042636996
1532014042637003
1532014042637015
1532014042637023
1532014042637029
1532014043137040
1532014043137058
1532014043137066
1532014043137083
1532014043137092
1532014043137098
1532014043137106
1532014043637023
1532014043637036
1532014043637047
1532014043637055
1532014043637062
1532014043637071
1532014044137055
1532014044137068
1532014044137075
1532014044137082
1532014044137089
1532014044137096
1532014044637142
1532014044637157
1532014044637165
1532014044637172
1532014044637183
1532014044637189
1532014044637196
1532014045137194
1532014045137207
1532014045137214
1532014045137224
1532014045137230
1532014045137238
1532014045637305
1532014045637321
1532014045637328
1532014045637337
1532014045637343
1532014045637352
1532014045637358
1532014046137427
1532014046137445
1532014046137453
1532014046137461
1532014046137468
1532014046137476
1532014046137483
1532014046637383
1532014046637396
1532014046637403
1532014046637413
1532014046637420
1532014046637426
1532014047137482
1532014047137495
1532014047137502
1532014047137508
1532014047137514
1532014047137521
1532014047137528
1532014047637570
1532014047637586
1532014047637597
1532014047637604
1532014047637611
1532014047637620
1532014047637626
1532014048137700
1532014048137722
1532014048137730
1532014048137741
1532014048137751
1532014048137758
1532014048137765
1532014048637789
1532014048637813
1532014048637826
1532014048637834
1532014048637852
1532014048637860
1532014048637868
1532014049137951
1532014049138037
1532014049138056
1532014049138065
1532014049138073
1532014049138081
1532014049138093
1532014049637981
1532014049637997
1532014049638005
1532014049638014
1532014049638021
1532014049638030
1532014050138114
1532014050138130
1532014050138138
1532014050138145
1532014050138153
1532014050138163
1532014050138171
1532014050638233
1532014050638250
1532014050638258
1532014050638271
1532014050638278
1532014050638285
1532014050638293
1532014051138475
1532014051138493
1532014051138501
1532014051138509
1532014051138517
1532014051138525
1532014051138533
1532014051638402
1532014051638420
1532014051638428
1532014051638436
1532014051638448
1532014051638458
1532014052138436
1532014052138455
1532014052138463
1532014052138471
1532014052138478
1532014052138485
1532014052638434
1532014052638450
1532014052638458
1532014052638467
1532014052638475
1532014052638482
1532014053138505
1532014053138520
1532014053138527
1532014053138535
1532014053138542
1532014053138551
1532014053138558
1532014053638616
1532014053638630
1532014053638638
1532014053638646
1532014053638653
1532014053638660
1532014053638667
1532014054138708
1532014054138724
1532014054138731
1532014054138738
1532014054138745
1532014054138752
1532014054138758
1532014054638741
1532014054638755
1532014054638766
1532014054638773
1532014054638781
1532014054638788
1532014055138766
1532014055138777
1532014055138784
1532014055138797
1532014055138804
1532014055138810
1532014055638884
1532014055638898
1532014055638906
1532014055638914
1532014055638922
1532014055638929
1532014055638935
1532014056138932
1532014056138953
1532014056138961
1532014056138968
1532014056138975
1532014056138982
1532014056639070
1532014056639088
1532014056639097
1532014056639105
1532014056639113
1532014056639120
1532014056639127
1532014057139175
1532014057139194
1532014057139205
1532014057139213
1532014057139221
1532014057139229
1532014057139235
1532014057639229
1532014057639245
1532014057639253
1532014057639262
1532014057639270
1532014057639277
1532014058139256
1532014058139272
1532014058139279
1532014058139289
1532014058139297
1532014058139304
1532014058639393
1532014058639457
1532014058639467
1532014058639475
1532014058639490
1532014058639498
1532014058639509
1532014059139611
1532014059139630
1532014059139638
1532014059139646
1532014059139657
1532014059139665
1532014059139673
1532014059639606
1532014059639622
1532014059639630
1532014059639642
1532014059639650
1532014059639657
1532014060139762
1532014060139780
1532014060139795
1532014060139804
1532014060139813
1532014060139822
1532014060139838
1532014060639863
1532014060639889
1532014060639910
1532014060639920
1532014060639938
1532014060639952
1532014060639960
1532014061139884
1532014061139900
1532014061139910
1532014061139919
1532014061139932
1532014061139941
1532014061640016
1532014061640036
1532014061640046
1532014061640055
1532014061640063
1532014061640070
1532014061640079
1532014062140169
1532014062140189
1532014062140198
1532014062140206
1532014062140214
1532014062140222
1532014062140230
1532014062640172
1532014062640190
1532014062640198
1532014062640214
1532014062640222
1532014062640230
1532014063140312
1532014063140604
1532014063140622
1532014063140639
1532014063140653
1532014063140661
1532014063140675
1532014063640354
1532014063640371
1532014063640382
1532014063640391
1532014063640401
1532014063640411
1532014064140354
1532014064140371
1532014064140379
1532014064140388
1532014064140397
1532014064140405
1532014064640431
1532014064640450
1532014064640459
1532014064640467
1532014064640478
1532014064640490
1532014064640499
1532014065140541
1532014065140557
1532014065140566
1532014065140581
1532014065140590
1532014065140598
1532014065140611
1532014065640652
1532014065640671
1532014065640680
1532014065640688
1532014065640698
1532014065640706
1532014065640714
1532014066140757
1532014066140771
1532014066140781
1532014066140789
1532014066140797
1532014066140806
1532014066140815
1532014066640893
1532014066640907
1532014066640916
1532014066640924
1532014066640932
1532014066640942
1532014066640949
1532014067140931
1532014067140946
1532014067140957
1532014067140965
1532014067140975
1532014067140985
1532014067640979
1532014067640999
1532014067641008
1532014067641018
1532014067641026
1532014067641034
1532014068141372
1532014068142180
1532014068142235
1532014068142261
1532014068142277
1532014068142296
1532014068142311
1532014068641124
1532014068641140
1532014068641149
1532014068641157
1532014068641166
1532014068641174
1532014069141195
1532014069141211
1532014069141224
1532014069141232
1532014069141239
1532014069141247
1532014069141258
1532014069641287
1532014069641311
1532014069641319
1532014069641327
1532014069641335
1532014069641342
1532014069641349
1532014070141336
1532014070141356
1532014070141364
1532014070141372
1532014070141380
1532014070141389
1532014070641451
1532014070641479
1532014070641490
1532014070641498
1532014070641506
1532014070641513
1532014070641522
1532014071141474
1532014071141495
1532014071141504
1532014071141514
1532014071141522
1532014071141529
1532014071642013
1532014071642037
1532014071642053
1532014071642062
1532014071642071
1532014071642081
1532014071642090
1532014072141664
1532014072141680
1532014072141690
1532014072141698
1532014072141706
1532014072141715
1532014072641767
1532014072641785
1532014072641797
1532014072641805
1532014072641813
1532014072641822
1532014072641830
1532014073141873
1532014073141890
1532014073141898
1532014073141907
1532014073141915
1532014073141923
1532014073141931
1532014073642077
1532014073642092
1532014073642100
1532014073642114
1532014073642124
1532014073642132
1532014073642140
1532014074142035
1532014074142053
1532014074142062
1532014074142070
1532014074142077
1532014074142084
1532014074642145
1532014074642167
1532014074642177
1532014074642186
1532014074642194
1532014074642203
1532014074642211
1532014075142213
1532014075142226
1532014075142239
1532014075142247
1532014075142256
1532014075142267
1532014075642361
1532014075642780
1532014075642794
1532014075642804
1532014075642813
1532014075642821
1532014075642830
1532014076142402
1532014076142420
1532014076142436
1532014076142448
1532014076142455
1532014076142464
1532014076642461
1532014076642483
1532014076642491
1532014076642499
1532014076642511
1532014076642519
1532014077142598
1532014077142623
1532014077142634
1532014077142645
1532014077142656
1532014077142665
1532014077142674
1532014077642708
1532014077642731
1532014077642741
1532014077642750
1532014077642758
1532014077642770
1532014077642778
1532014078142735
1532014078142752
1532014078142760
1532014078142769
1532014078142777
1532014078142785
1532014078642852
1532014078642873
1532014078642883
1532014078642891
1532014078642898
1532014078642910
1532014078642918
1532014079142854
1532014079142883
1532014079142892
1532014079142900
1532014079142907
1532014079142914
1532014079642964
1532014079642983
1532014079642992
1532014079643004
1532014079643012
1532014079643019
1532014079643025
1532014080143153
1532014080143170
1532014080143179
1532014080143193
1532014080143201
1532014080143213
1532014080143227
1532014080643162
1532014080643178
1532014080643186
1532014080643200
1532014080643212
1532014080643219
1532014081143241
1532014081143259
1532014081143274
1532014081143283
1532014081143291
1532014081143298
1532014081143318
1532014081643259
1532014081643274
1532014081643282
1532014081643296
1532014081643304
1532014081643311
1532014082143406
1532014082143495
1532014082143505
1532014082143513
1532014082143530
1532014082143539
1532014082143547
1532014082643634
1532014082643656
1532014082643670
1532014082643678
1532014082643686
1532014082643693
1532014082643700
1532014083143638
1532014083143657
1532014083143668
1532014083143676
1532014083143685
1532014083143693
1532014083643846
1532014083644989
1532014083645009
1532014083645028
1532014083645039
1532014083645049
1532014083645065
1532014084143836
1532014084143850
1532014084143859
1532014084143868
1532014084143877
1532014084143884
1532014084643881
1532014084643898
1532014084643906
1532014084643919
1532014084643925
1532014084643933
1532014085143952
1532014085143969
1532014085143977
1532014085143992
1532014085144002
1532014085144017
1532014085144027
1532014085643942
1532014085643957
1532014085643966
1532014085643974
1532014085643982
1532014085643989
1532014086144058
1532014086144077
1532014086144086
1532014086144094
1532014086144102
1532014086144110
1532014086144122
1532014086644136
1532014086644157
1532014086644165
1532014086644176
1532014086644184
1532014086644191
1532014086644199
1532014087144273
1532014087144291
1532014087144300
1532014087144308
1532014087144316
1532014087144323
1532014087144331
1532014087644472
1532014087645651
1532014087645715
1532014087645762
1532014087645802
1532014087645815
1532014087645842
1532014088144570
1532014088144585
1532014088144593
1532014088144607
1532014088144615
1532014088144622
1532014088644551
1532014088644576
1532014088644584
1532014088644593
1532014088644601
1532014088644608
1532014089144682
1532014089144703
1532014089144711
1532014089144719
1532014089144727
1532014089144734
1532014089144745
1532014089644681
1532014089644697
1532014089644704
1532014089644818
1532014089644832
1532014089644848
1532014090144799
1532014090144815
1532014090144823
1532014090144830
1532014090144838
1532014090144845
1532014090644890
1532014090644908
1532014090644917
1532014090644925
1532014090644932
1532014090644940
1532014090644947
1532014091144969
1532014091144983
1532014091144991
1532014091145004
1532014091145012
1532014091145019
1532014091145027
1532014091645156
1532014091645624
1532014091645639
1532014091645649
1532014091645658
1532014091645668
1532014091645682
1532014092145337
1532014092145359
1532014092145369
1532014092145379
1532014092145387
1532014092145395
1532014092645403
1532014092645428
1532014092645439
1532014092645456
1532014092645466
1532014092645476
1532014093145511
1532014093145529
1532014093145539
1532014093145548
1532014093145557
1532014093145566
1532014093145577
1532014093645606
1532014093645622
1532014093645639
1532014093645648
1532014093645657
1532014093645669
1532014093645678
1532014094145845
1532014094145875
1532014094145889
1532014094145908
1532014094145921
1532014094145936
1532014094145956
1532014094645803
1532014094645819
1532014094645830
1532014094645841
1532014094645850
1532014094645859
1532014095145857
1532014095145872
1532014095145888
1532014095145898
1532014095145907
1532014095145916
1532014095645970
1532014095646135
1532014095646149
1532014095646165
1532014095646175
1532014095646184
1532014095646194
1532014096146009
1532014096146032
1532014096146043
1532014096146058
1532014096146067
1532014096146076
1532014096646283
1532014096646304
1532014096646320
1532014096646329
1532014096646338
1532014096646347
1532014096646366
1532014097146174
1532014097146190
1532014097146199
1532014097146214
1532014097146223
1532014097146232
1532014097646275
1532014097646295
1532014097646303
1532014097646313
1532014097646321
1532014097646329
1532014097646342
1532014098146308
1532014098146324
1532014098146333
1532014098146342
1532014098146350
1532014098146358
1532014098646360
1532014098646374
1532014098646382
1532014098646398
1532014098646406
1532014098646413
1532014099146481
1532014099146501
1532014099146522
1532014099146534
1532014099146543
1532014099146558
1532014099146566
1532014099646655
1532014099646675
1532014099646685
1532014099646693
1532014099646702
1532014099646712
1532014099646720
1532014100146586
1532014100146602
1532014100146610
1532014100146625
1532014100146637
1532014100146645
1532014100646741
1532014100646767
1532014100646776
1532014100646785
1532014100646793
1532014100646801
1532014100646809
1532014101146715
1532014101146733
1532014101146742
1532014101146750
1532014101146759
1532014101146766
1532014101646801
1532014101646822
1532014101646832
1532014101646841
1532014101646848
1532014101646856
1532014101646864
1532014102146918
1532014102146932
1532014102146946
1532014102146955
1532014102146964
1532014102146972
1532014102146979
1532014102646960
1532014102646975
1532014102646983
1532014102646997
1532014102647008
1532014102647015
1532014103146967
1532014103146982
1532014103146989
1532014103147001
1532014103147009
1532014103147017
1532014103647098
1532014103647146
1532014103647156
1532014103647164
1532014103647177
1532014103647185
1532014103647192
1532014104147198
1532014104147213
1532014104147221
1532014104147228
1532014104147235
1532014104147242
1532014104647237
1532014104647253
1532014104647260
1532014104647268
1532014104647275
1532014104647283
1532014105147380
1532014105147555
1532014105147568
1532014105147576
1532014105147590
1532014105147598
1532014105147610
1532014105647436
1532014105647455
1532014105647463
1532014105647471
1532014105647478
1532014105647489
1532014106147571
1532014106147585
1532014106147593
1532014106147601
1532014106147609
1532014106147616
1532014106147624
1532014106647630
1532014106647651
1532014106647660
1532014106647668
1532014106647675
1532014106647682
1532014107147704
1532014107147721
1532014107147729
1532014107147738
1532014107147746
1532014107147753
1532014107147760
1532014107648049
1532014107649234
1532014107649258
1532014107649272
1532014107649291
1532014107649302
1532014107649314
1532014108148094
1532014108148113
1532014108148122
1532014108148131
1532014108148138
1532014108148146
1532014108648221
1532014108648255
1532014108648269
1532014108648277
1532014108648284
1532014108648293
1532014108648301
1532014109148584
1532014109148599
1532014109148608
1532014109148616
1532014109148625
1532014109148632
1532014109148639
1532014109648461
1532014109648481
1532014109648490
1532014109648499
1532014109648507
1532014109648515
1532014110148589
1532014110148836
1532014110148851
1532014110148861
1532014110148869
1532014110148879
1532014110148887
1532014110648638
1532014110648657
1532014110648668
1532014110648677
1532014110648685
1532014110648692
1532014111149014
1532014111149222
1532014111149236
1532014111149245
1532014111149255
1532014111149263
1532014111149270
1532014111648776
1532014111648793
1532014111648802
1532014111648811
1532014111648825
1532014111648834
1532014112149309
1532014112149334
1532014112149344
1532014112149353
1532014112149361
1532014112149369
1532014112149376
1532014112648892
1532014112648912
1532014112648927
1532014112648936
1532014112648943
1532014112648950
1532014113149038
1532014113149474
1532014113149488
1532014113149496
1532014113149505
1532014113149516
1532014113149524
1532014113649061
1532014113649077
1532014113649085
1532014113649092
1532014113649098
1532014113649105
1532014114149258
1532014114149590
1532014114149604
1532014114149613
1532014114149622
1532014114149634
1532014114149642
1532014114649138
1532014114649158
1532014114649166
1532014114649173
1532014114649180
1532014114649187
1532014115149273
1532014115149662
1532014115149678
1532014115149688
1532014115149703
1532014115149710
1532014115149717
1532014115650059
1532014115651936
1532014115652005
1532014115652054
1532014115652091
1532014115652128
1532014115652262
1532014116149778
1532014116149796
1532014116149807
1532014116149816
1532014116149823
1532014116149831
1532014116649765
1532014116649779
1532014116649787
1532014116649796
1532014116649803
1532014116649811
1532014117149974
1532014117149998
1532014117150007
1532014117150015
1532014117150022
1532014117150030
1532014117150038
1532014117649949
1532014117649972
1532014117649981
1532014117649990
1532014117650005
1532014117650013
1532014118150052
1532014118150072
1532014118150080
1532014118150093
1532014118150101
1532014118150109
1532014118150117
1532014118650239
1532014118650260
1532014118650268
1532014118650282
1532014118650290
1532014118650344
1532014118650358
1532014119150220
1532014119150237
1532014119150244
1532014119150260
1532014119150268
1532014119150275
1532014119650340
1532014119650356
1532014119650365
1532014119650373
1532014119650382
1532014119650390
1532014119650398
1532014120150512
1532014120150537
1532014120150546
1532014120150557
1532014120150567
1532014120150575
1532014120150583
1532014120650507
1532014120650521
1532014120650529
1532014120650538
1532014120650547
1532014120650559
1532014121150551
1532014121150567
1532014121150575
1532014121150582
1532014121150589
1532014121150597
1532014121650642
1532014121650662
1532014121650669
1532014121650676
1532014121650684
1532014121650692
1532014121650700
1532014122150691
1532014122150706
1532014122150713
1532014122150722
1532014122150729
1532014122150737
1532014122650713
1532014122650727
1532014122650735
1532014122650743
1532014122650751
1532014122650758
1532014123150838
1532014123150851
1532014123150858
1532014123150865
1532014123150872
1532014123150880
1532014123150886
1532014123650987
1532014123651003
1532014123651012
1532014123651019
1532014123651028
1532014123651035
1532014123651043
1532014124150995
1532014124151008
1532014124151015
1532014124151022
1532014124151029
1532014124151036
1532014124651137
1532014124651156
1532014124651164
1532014124651172
1532014124651180
1532014124651188
1532014124651195
1532014125151079
1532014125151095
1532014125151103
1532014125151110
1532014125151117
1532014125151124
1532014125651205
1532014125651226
1532014125651234
1532014125651248
1532014125651257
1532014125651268
1532014125651276
1532014126151345
1532014126151399
1532014126151415
1532014126151423
1532014126151431
1532014126151438
1532014126151451
1532014126651425
1532014126651442
1532014126651450
1532014126651465
1532014126651473
1532014126651481
1532014127151473
1532014127151487
1532014127151494
1532014127151508
1532014127151515
1532014127151523
1532014127652167
1532014127653351
1532014127653375
1532014127653390
1532014127653407
1532014127653430
1532014127653445
1532014128151720
1532014128151740
1532014128151751
1532014128151765
1532014128151773
1532014128151785
1532014128651826
1532014128651842
1532014128651850
1532014128651859
1532014128651870
1532014128651877
1532014128651884
1532014129152086
1532014129152102
1532014129152110
1532014129152119
1532014129152127
1532014129152139
1532014129152146
1532014129651935
1532014129651949
1532014129651957
1532014129651967
1532014129651974
1532014129651981
1532014130152004
1532014130152021
1532014130152032
1532014130152040
1532014130152051
1532014130152059
1532014130152067
1532014130652106
1532014130652124
1532014130652133
1532014130652141
1532014130652149
1532014130652158
1532014130652165
1532014131152268
1532014131152282
1532014131152298
1532014131152306
1532014131152314
1532014131152322
1532014131152330
1532014131652436
1532014131652511
1532014131652522
1532014131652539
1532014131652548
1532014131652557
1532014131652565
1532014132152525
1532014132152544
1532014132152555
1532014132152564
1532014132152573
1532014132152581
1532014132652665
1532014132652687
1532014132652698
1532014132652706
1532014132652715
1532014132652723
1532014132652732
1532014133152813
1532014133152892
1532014133152904
1532014133152914
1532014133152923
1532014133152932
1532014133152941
1532014133652776
1532014133652791
1532014133652807
1532014133652816
1532014133652825
1532014133652834
1532014134152895
1532014134152914
1532014134152931
1532014134152939
1532014134152956
1532014134152972
1532014134152980
1532014134652964
1532014134652984
1532014134652993
1532014134653001
1532014134653014
1532014134653022
1532014135153043
1532014135153062
1532014135153072
1532014135153080
1532014135153089
1532014135153097
1532014135153104
1532014135653184
1532014135653203
1532014135653212
1532014135653221
1532014135653229
1532014135653242
1532014135653250
1532014136153141
1532014136153161
1532014136153168
1532014136153178
1532014136153185
1532014136153192
1532014136653205
1532014136653220
1532014136653236
1532014136653244
1532014136653254
1532014136653261
1532014136653283
1532014137153271
1532014137153291
1532014137153306
1532014137153314
1532014137153322
1532014137153329
1532014137653342
1532014137653360
1532014137653370
1532014137653378
1532014137653386
1532014137653394
1532014137653401
1532014138153478
1532014138153493
1532014138153501
1532014138153509
1532014138153517
1532014138153636
1532014138153646
1532014138653578
1532014138653593
1532014138653601
1532014138653615
1532014138653623
1532014138653631
1532014139153630
1532014139153645
1532014139153653
1532014139153663
1532014139153671
1532014139153679
1532014139654077
1532014139654100
1532014139654119
1532014139654131
1532014139654140
1532014139654159
1532014139654171
1532014140153813
1532014140153829
1532014140153837
1532014140153851
1532014140153859
1532014140153866
1532014140653954
1532014140653977
1532014140653987
1532014140653996
1532014140654004
1532014140654012
1532014140654020
1532014141153937
1532014141153955
1532014141153973
1532014141153983
1532014141153991
1532014141153999
1532014141654094
1532014141654116
1532014141654131
1532014141654141
1532014141654149
1532014141654157
1532014141654171
1532014142154500
1532014142162693
1532014142162713
1532014142162722
1532014142162731
1532014142162738
1532014142162747
