1531848786271737
1531848786271763
1531848786271771
1531848786271777
1531848786771686
1531848786771699
1531848786771709
1531848786771721
1531848787271770
1531848787271797
1531848787271806
1531848787271813
1531848787271823
1531848787771771
1531848787771789
1531848787771795
1531848787771808
1531848788271911
1531848788271930
1531848788271938
1531848788271944
1531848788271950
1531848788771938
1531848788771952
1531848788771960
1531848788771967
1531848789272042
1531848789272058
1531848789272067
1531848789272074
1531848789272082
1531848789772138
1531848789772152
1531848789772159
1531848789772165
1531848789772172
1531848790272207
1531848790272223
1531848790272243
1531848790272251
1531848790272258
1531848790772218
1531848790772233
1531848790772244
1531848790772253
1531848791272318
1531848791272331
1531848791272342
1531848791272350
1531848791272356
1531848791772430
1531848791772444
1531848791772451
1531848791772464
1531848791772472
1531848792272447
1531848792272460
1531848792272467
1531848792272473
1531848792772540
1531848792772557
1531848792772564
1531848792772570
1531848792772577
1531848793272627
1531848793272644
1531848793272651
1531848793272660
1531848793272668
1531848793772746
1531848793772759
1531848793772766
1531848793772772
1531848793772779
1531848794272777
1531848794272793
1531848794272800
1531848794272807
1531848794772873
1531848794772922
1531848794772932
1531848794772943
1531848794772950
1531848795272943
1531848795272959
1531848795272970
1531848795272978
1531848795773036
1531848795773058
1531848795773066
1531848795773074
1531848795773082
1531848796273066
1531848796273082
1531848796273090
1531848796273097
1531848796773085
1531848796773097
1531848796773105
1531848796773114
1531848797273206
1531848797273222
1531848797273230
1531848797273238
1531848797273245
1531848797773250
1531848797773266
1531848797773274
1531848797773285
1531848798273348
1531848798273360
1531848798273368
1531848798273376
1531848798273383
1531848798773408
1531848798773420
1531848798773427
1531848798773439
1531848798773447
1531848799273494
1531848799273507
1531848799273518
1531848799273526
1531848799273534
1531848799773702
1531848799773741
1531848799773752
1531848799773762
1531848799773769
1531848800273650
1531848800273663
1531848800273670
1531848800273677
1531848800773661
1531848800773674
1531848800773682
1531848800773694
1531848801273767
1531848801273798
1531848801273810
1531848801273818
1531848801273825
1531848801773858
1531848801773871
1531848801773879
1531848801773886
1531848801773893
1531848802273949
1531848802273964
1531848802273972
1531848802273982
1531848802273990
1531848802774044
1531848802774063
1531848802774071
1531848802774078
1531848802774086
1531848803274038
1531848803274052
1531848803274059
1531848803274066
1531848803774163
1531848803774180
1531848803774188
1531848803774195
1531848803774203
1531848804274220
1531848804274235
1531848804274242
1531848804274252
1531848804274260
1531848804774332
1531848804774351
1531848804774359
1531848804774370
1531848804774454
1531848805274364
1531848805274378
1531848805274387
1531848805274395
1531848805774462
1531848805774475
1531848805774483
1531848805774491
1531848805774498
1531848806274577
1531848806274591
1531848806274599
1531848806274607
1531848806274615
1531848806774663
1531848806774677
1531848806774685
1531848806774698
1531848806774706
1531848807274704
1531848807274718
1531848807274725
1531848807274738
1531848807774761
1531848807774780
1531848807774788
1531848807774795
1531848807774802
1531848808274891
1531848808274909
1531848808274917
1531848808274924
1531848808274931
1531848808774998
1531848808775013
1531848808775023
1531848808775031
1531848808775038
1531848809274998
1531848809275014
1531848809275024
1531848809275032
1531848809775052
1531848809775066
1531848809775074
1531848809775082
1531848809775090
1531848810275140
1531848810275156
1531848810275165
1531848810275172
1531848810275180
1531848810775252
1531848810775341
1531848810775351
1531848810775358
1531848810775365
1531848811275311
1531848811275325
1531848811275333
1531848811275341
1531848811775390
1531848811775403
1531848811775410
1531848811775418
1531848811775433
1531848812275494
1531848812275517
1531848812275524
1531848812275532
1531848812275540
1531848812775529
1531848812775551
1531848812775561
1531848812775568
1531848813275607
1531848813275621
1531848813275628
1531848813275635
1531848813275642
1531848813775674
1531848813775691
1531848813775699
1531848813775706
1531848813775712
1531848814275754
1531848814275772
1531848814275779
1531848814275785
1531848814275792
1531848814775852
1531848814775869
1531848814775876
1531848814775883
1531848814775890
1531848815275910
1531848815275929
1531848815275936
1531848815275943
1531848815275950
1531848815775996
1531848815776013
1531848815776021
1531848815776033
1531848815776040
1531848816276032
1531848816276050
1531848816276060
1531848816276070
1531848816776118
1531848816776136
1531848816776143
1531848816776152
1531848816776158
1531848817276270
1531848817276284
1531848817276291
1531848817276301
1531848817276307
1531848817776296
1531848817776310
1531848817776317
1531848817776323
1531848818276364
1531848818276379
1531848818276386
1531848818276393
1531848818276400
1531848818776465
1531848818776479
1531848818776486
1531848818776498
1531848818776505
1531848819276499
1531848819276515
1531848819276522
1531848819276537
1531848819776633
1531848819776647
1531848819776657
1531848819776671
1531848819776679
1531848820276674
1531848820276689
1531848820276696
1531848820276708
1531848820776817
1531848820776919
1531848820776932
1531848820776939
1531848820776949
1531848821277129
1531848821277439
1531848821277454
1531848821277463
1531848821277472
1531848821777046
1531848821777063
1531848821777075
1531848821777085
1531848822277184
1531848822277204
1531848822277213
1531848822277223
1531848822277232
1531848822777246
1531848822777266
1531848822777285
1531848822777295
1531848822777303
1531848823277203
1531848823277218
1531848823277226
1531848823277235
1531848823777307
1531848823777325
1531848823777336
1531848823777345
1531848823777352
1531848824277333
1531848824277347
1531848824277365
1531848824277375
1531848824777428
1531848824777446
1531848824777454
1531848824777468
1531848824777475
1531848825277569
1531848825277585
1531848825277593
1531848825277606
1531848825277614
1531848825777653
1531848825777674
1531848825777683
1531848825777698
1531848825777707
1531848826277809
1531848826277825
1531848826277834
1531848826277845
1531848826277853
1531848826777874
1531848826777890
1531848826777898
1531848826777912
1531848826777920
1531848827277785
1531848827277803
1531848827277812
1531848827277823
1531848827777878
1531848827777898
1531848827777908
1531848827777923
1531848827777937
1531848828277971
1531848828277987
1531848828277996
1531848828278010
1531848828278018
1531848828778081
1531848828778157
1531848828778170
1531848828778179
1531848828778190
1531848829278193
1531848829278210
1531848829278218
1531848829278232
1531848829778239
1531848829778256
1531848829778266
1531848829778281
1531848830278402
1531848830278422
1531848830278432
1531848830278444
1531848830278455
1531848830778528
1531848830778548
1531848830778557
1531848830778567
1531848830778576
1531848831278573
1531848831278591
1531848831278605
1531848831278613
1531848831778584
1531848831778600
1531848831778608
1531848831778616
1531848832278698
1531848832278777
1531848832278791
1531848832278800
1531848832278808
1531848832778779
1531848832778796
1531848832778804
1531848832778813
1531848833278817
1531848833278836
1531848833278845
1531848833278855
1531848833778906
1531848833778924
1531848833778933
1531848833778944
1531848833778953
1531848834278962
1531848834278982
1531848834278991
1531848834279007
1531848834779088
1531848834779106
1531848834779115
1531848834779124
1531848834779133
1531848835279223
1531848835279239
1531848835279248
1531848835279259
1531848835279267
1531848835779255
1531848835779273
1531848835779282
1531848835779292
1531848836279359
1531848836279378
1531848836279388
1531848836279397
1531848836279406
1531848836779392
1531848836779415
1531848836779425
1531848836779434
1531848837279456
1531848837279470
1531848837279478
1531848837279486
1531848837279494
1531848837779590
1531848837779610
1531848837779620
1531848837779637
1531848837779646
1531848838279619
1531848838279634
1531848838279643
1531848838279657
1531848838779713
1531848838779732
1531848838779742
1531848838779751
1531848838779759
1531848839279798
1531848839279814
1531848839279821
1531848839279830
1531848839279837
1531848839779845
1531848839779862
1531848839779869
1531848839779878
1531848840279914
1531848840279935
1531848840279945
1531848840279954
1531848840279962
1531848840780168
1531848840780181
1531848840780189
1531848840780202
1531848840780210
1531848841280150
1531848841280166
1531848841280175
1531848841280185
1531848841780242
1531848841780464
1531848841780476
1531848841780485
1531848841780499
1531848842280321
1531848842280336
1531848842280345
1531848842280353
1531848842780906
1531848842780994
1531848842781006
1531848842781015
1531848842781028
1531848843280407
1531848843280421
1531848843280429
1531848843280436
1531848843780519
1531848843780875
1531848843780889
1531848843780897
1531848843780904
1531848844280538
1531848844280554
1531848844280562
1531848844280570
1531848844780661
1531848844781034
1531848844781047
1531848844781055
1531848844781063
1531848845280807
1531848845280821
1531848845280829
1531848845280839
1531848845780977
1531848845781169
1531848845781183
1531848845781192
1531848845781200
1531848846281067
1531848846281087
1531848846281098
1531848846281107
1531848846781068
1531848846781085
1531848846781093
1531848846781103
1531848847281162
1531848847281178
1531848847281187
1531848847281195
1531848847281203
1531848847781205
1531848847781221
1531848847781229
1531848847781243
1531848848281275
1531848848281290
1531848848281297
1531848848281304
1531848848281311
1531848848781309
1531848848781324
1531848848781332
1531848848781345
1531848849281395
1531848849281410
1531848849281422
1531848849281431
1531848849281438
1531848849781507
1531848849781522
1531848849781531
1531848849781539
1531848849781546
1531848850281629
1531848850281645
1531848850281654
1531848850281663
1531848850281672
1531848850781645
1531848850781661
1531848850781669
1531848850781678
1531848851281735
1531848851281751
1531848851281759
1531848851281768
1531848851281798
1531848851781782
1531848851781796
1531848851781804
1531848851781815
1531848852281886
1531848852281901
1531848852281913
1531848852281922
1531848852281933
1531848852782012
1531848852782026
1531848852782034
1531848852782043
1531848852782051
1531848853282100
1531848853282119
1531848853282127
1531848853282141
1531848853282149
1531848853782163
1531848853782178
1531848853782186
1531848853782195
1531848853782203
1531848854282181
1531848854282196
1531848854282204
1531848854282212
1531848854782288
1531848854782310
1531848854782319
1531848854782328
1531848854782336
1531848855282368
1531848855282384
1531848855282392
1531848855282401
1531848855282408
1531848855782463
1531848855782552
1531848855782568
1531848855782577
1531848855782585
1531848856282494
1531848856282511
1531848856282520
1531848856282528
1531848856782546
1531848856782560
1531848856782569
1531848856782577
1531848856782584
1531848857282671
1531848857282736
1531848857282748
1531848857282756
1531848857282767
1531848857782686
1531848857782708
1531848857782719
1531848857782729
1531848858282837
1531848858282921
1531848858282932
1531848858282940
1531848858282951
1531848858782928
1531848858782949
1531848858782958
1531848858782969
1531848859283005
1531848859283019
1531848859283028
1531848859283038
1531848859283046
1531848859783009
1531848859783024
1531848859783032
1531848859783041
1531848860283147
1531848860283246
1531848860283257
1531848860283265
1531848860283274
1531848860783257
1531848860783272
1531848860783280
1531848860783288
1531848861283321
1531848861283339
1531848861283348
1531848861283357
1531848861283366
1531848861783340
1531848861783357
1531848861783366
1531848861783374
1531848862283427
1531848862283442
1531848862283451
1531848862283459
1531848862283467
1531848862783562
1531848862783579
1531848862783587
1531848862783598
1531848862783606
1531848863283586
1531848863283602
1531848863283611
1531848863283621
1531848863783664
1531848863783679
1531848863783688
1531848863783698
1531848863783707
1531848864283758
1531848864283772
1531848864283783
1531848864283792
1531848864283799
1531848864783836
1531848864783852
1531848864783860
1531848864783869
1531848864783876
1531848865283887
1531848865283902
1531848865283913
1531848865283921
1531848865283930
1531848865784023
1531848865784043
1531848865784052
1531848865784062
1531848865784070
1531848866284036
1531848866284054
1531848866284062
1531848866284070
1531848866784137
1531848866784254
1531848866784267
1531848866784278
1531848866784286
1531848867284243
1531848867284259
1531848867284268
1531848867284277
1531848867784234
1531848867784254
1531848867784262
1531848867784278
1531848868284394
1531848868284410
1531848868284419
1531848868284432
1531848868284441
1531848868784513
1531848868784528
1531848868784537
1531848868784553
1531848868784560
1531848869284432
1531848869284449
1531848869284458
1531848869284471
1531848869784577
1531848869784595
1531848869784603
1531848869784617
1531848869784625
1531848870284679
1531848870284704
1531848870284719
1531848870284729
1531848870284737
1531848870784813
1531848870784832
1531848870784841
1531848870784851
1531848870784864
1531848871284957
1531848871284983
1531848871284992
1531848871285000
1531848871285009
1531848871784924
1531848871784944
1531848871784958
1531848871784967
1531848872284959
1531848872284972
1531848872284980
1531848872284999
1531848872785044
1531848872785061
1531848872785069
1531848872785076
1531848872785084
1531848873285113
1531848873285128
1531848873285137
1531848873285147
1531848873285156
1531848873785142
1531848873785156
1531848873785164
1531848873785172
1531848874285257
1531848874285321
1531848874285331
1531848874285339
1531848874285349
1531848874785432
1531848874786083
1531848874786102
1531848874786123
1531848874786135
1531848875285580
1531848875285603
1531848875285613
1531848875285623
1531848875785669
1531848875785688
1531848875785698
1531848875785716
1531848875785726
1531848876285741
1531848876285758
1531848876285768
1531848876285779
1531848876285788
1531848876785813
1531848876785831
1531848876785841
1531848876785852
1531848876785862
1531848877286013
1531848877286035
1531848877286045
1531848877286055
1531848877286064
1531848877785943
1531848877785961
1531848877785971
1531848877785981
1531848878286002
1531848878286032
1531848878286047
1531848878286064
1531848878286076
1531848878786187
1531848878786264
1531848878786281
1531848878786291
1531848878786303
1531848879286229
1531848879286246
1531848879286259
1531848879286270
1531848879786341
1531848879786366
1531848879786377
1531848879786385
1531848879786395
1531848880286361
1531848880286381
1531848880286390
1531848880286400
1531848880786392
1531848880786410
1531848880786418
1531848880786428
1531848881286541
1531848881286563
1531848881286573
1531848881286594
1531848881286604
1531848881786625
1531848881786643
1531848881786652
1531848881786661
1531848881786670
1531848882286786
1531848882286807
1531848882286825
1531848882286835
1531848882286844
1531848882786853
1531848882786874
1531848882786892
1531848882786902
1531848883286770
1531848883286786
1531848883286795
1531848883286809
1531848883786892
1531848883786909
1531848883786918
1531848883786932
1531848883786943
1531848884286968
1531848884286985
1531848884286995
1531848884287010
1531848884287019
1531848884787080
1531848884787096
1531848884787105
1531848884787125
1531848884787133
1531848885287212
1531848885287226
1531848885287234
1531848885287248
1531848885287257
1531848885787443
1531848885793591
1531848885793616
1531848885793630
1531848885793642
