1532001501216454
1532001501716539
1532001502216595
1532001502716690
1532001503216774
1532001503716857
1532001504216939
1532001504717029
1532001505217124
1532001505717221
1532001506217295
1532001506717385
1532001507217464
1532001507717537
1532001508217641
1532001508717739
1532001509217821
1532001509717906
1532001510218014
1532001510718127
1532001511218228
1532001511718308
1532001512218395
1532001512718510
1532001513218602
1532001513718699
1532001514218809
1532001514718973
1532001515219054
1532001515719143
1532001516219245
1532001516719363
1532001517219453
1532001517719583
1532001518219839
1532001518720785
1532001519220887
1532001519721029
1532001520221249
1532001520721356
1532001521222883
1532001521722985
1532001522223065
1532001522723152
1532001523223903
1532001523723976
1532001524224140
1532001524724235
1532001525224363
1532001525724461
1532001526224605
1532001526724692
1532001527225921
1532001527726020
1532001528226111
1532001528726252
1532001529226351
1532001529726445
1532001530226576
1532001530726658
1532001531226831
1532001531727128
1532001532227236
1532001532727532
1532001533227800
1532001533727986
1532001534228085
1532001534728196
1532001535228289
1532001535728382
1532001536228479
1532001536728583
1532001537228773
1532001537728868
1532001538228964
1532001538729830
1532001539229917
1532001539730004
1532001540230107
1532001540730207
1532001541230317
1532001541730416
1532001542230494
1532001542730591
1532001543230668
1532001543730776
1532001544230868
1532001544730946
1532001545231063
1532001545731141
1532001546231249
1532001546731350
1532001547231491
1532001547731925
1532001548232042
1532001548732237
1532001549232317
1532001549732405
1532001550232484
1532001550732577
1532001551232652
1532001551732731
1532001552232841
1532001552732969
1532001553233068
1532001553733232
1532001554233419
1532001554733540
1532001555233620
1532001555733706
1532001556233816
1532001556733923
1532001557234016
1532001557734416
1532001558234544
1532001558734645
1532001559234766
1532001559734932
1532001560235033
1532001560735128
1532001561235234
1532001561735317
1532001562235531
1532001562735649
1532001563235748
1532001563735873
1532001564236015
1532001564736275
1532001565236364
1532001565736490
1532001566236592
1532001566736771
1532001567236858
1532001567736963
1532001568237056
1532001568737145
1532001569237230
1532001569737638
1532001570237750
1532001570737840
1532001571237923
1532001571738000
1532001572238107
1532001572738216
1532001573238303
1532001573738383
1532001574238513
1532001574738660
1532001575238825
1532001575739268
1532001576239358
1532001576739481
1532001577239703
1532001577739781
1532001578240100
1532001578740194
1532001579240292
1532001579740381
1532001580240498
1532001580740612
1532001581240725
1532001581740817
1532001582241037
1532001582741235
1532001583241340
1532001583741425
1532001584241513
1532001584741600
1532001585241686
1532001585741770
1532001586241858
1532001586741978
1532001587242764
1532001587742877
1532001588242968
1532001588743072
1532001589243279
1532001589743367
1532001590243456
1532001590743559
1532001591243671
1532001591743810
1532001592245168
1532001592745258
1532001593245374
1532001593745503
1532001594245606
1532001594745735
1532001595245842
1532001595745957
1532001596246082
1532001596746161
1532001597246296
1532001597746389
1532001598246581
1532001598746655
1532001599246771
1532001599746862
1532001600246963
