1534237654731708
1534237655731876
1534237656231958
1534237656732035
1534237657232108
1534237657732192
1534237658232278
1534237658732367
1534237659232450
1534237659732531
1534237660232613
1534237660732692
1534237661232768
1534237661732853
1534237662232925
1534237662733017
1534237663233091
1534237663733165
1534237664233250
1534237664733321
1534237665233392
1534237665733478
1534237666233550
1534237666733632
1534237667233703
1534237667733781
1534237668233880
1534237668733970
1534237669234040
1534237669734115
1534237670234201
1534237670734294
1534237671234369
1534237671734438
1534237672234512
1534237672734616
1534237673234690
1534237673734763
1534237674234846
1534237674734932
1534237675235015
1534237675735091
1534237676235698
1534237676735774
1534237677235859
1534237678236018
1534237678736091
1534237679236166
1534237679736243
1534237680736448
1534237681236524
1534237681736653
1534237682236732
1534237682736812
1534237683236910
1534237683737035
1534237684237116
1534237684737219
1534237685237302
1534237685737406
1534237686237484
1534237686737563
1534237687237656
1534237687737749
1534237688237841
1534237688737927
1534237689237970
1534237689738046
1534237690238129
1534237690738210
1534237691238292
1534237691738399
1534237692738556
1534237693238662
1534237693738779
1534237694238885
1534237694739109
1534237695239202
1534237695739292
1534237696239373
1534237696739454
1534237697239581
1534237697739664
1534237698239776
1534237698739898
1534237699240030
1534237699740154
1534237700240250
1534237700740341
1534237701240419
1534237701740538
1534237702240640
1534237702740718
1534237703240840
1534237703740952
1534237704241080
1534237704741180
1534237705241266
1534237705741344
1534237706241430
1534237706741514
1534237707241633
1534237707741717
1534237708241829
1534237708741905
1534237709241986
1534237709742063
1534237710242155
1534237710742278
1534237711242381
1534237711742468
1534237712242541
1534237712742615
1534237713242688
1534237713742787
1534237714242894
1534237714742974
1534237715243057
1534237715743146
1534237716243271
1534237716743435
1534237718243752
1534237718743855
1534237719744003
1534237720244087
1534237720744189
1534237721244308
1534237721744388
1534237722244478
1534237722744564
1534237723244641
1534237723744720
1534237724244816
1534237724744904
1534237725244982
1534237726745261
1534237727245337
1534237727745429
1534237728245542
1534237728745634
1534237729245757
1534237729745835
1534237730245952
1534237730746061
1534237731246156
1534237731746260
1534237732246403
1534237732746529
1534237733246634
1534237733746716
1534237734246820
1534237734746932
1534237735247032
1534237735747138
1534237736247212
1534237736747349
1534237737247433
1534237737747545
1534237738247673
1534237738747772
1534237739247854
1534237739747967
1534237740248081
1534237740748170
1534237741248264
1534237741748340
1534237742248454
1534237742748554
1534237743248649
1534237743748744
1534237744248851
1534237744748925
1534237745249005
1534237745749088
1534237746249179
1534237747749426
1534237748249523
1534237748749605
1534237749249679
1534237749749799
1534237750249906
1534237750749975
1534237751250080
1534237751750165
1534237752250248
1534237752750325
