1534237654233787
1534237654234640
1534237654234802
1534237654235017
1534237654235161
1534237654733690
1534237654733811
1534237654733911
1534237654734019
1534237654734083
1534237654734129
1534237655234671
1534237655234762
1534237655234880
1534237655234892
1534237655235002
1534237655235071
1534237655733416
1534237655733691
1534237655733853
1534237655734128
1534237655734333
1534237656233533
1534237656233815
1534237656234079
1534237656234184
1534237656234278
1534237656733175
1534237656733502
1534237656733835
1534237656734317
1534237656734474
1534237657233015
1534237657233351
1534237657233522
1534237657233681
1534237657233813
1534237657734238
1534237657734402
1534237657734450
1534237657734659
1534237657734907
1534237658234295
1534237658234713
1534237658234854
1534237658234999
1534237658235248
1534237658733808
1534237658733868
1534237658734018
1534237658734054
1534237658734567
1534237658734684
1534237659234565
1534237659234738
1534237659234977
1534237659235168
1534237659235249
1534237659733485
1534237659733611
1534237659734393
1534237659734623
1534237659735024
1534237659735176
1534237660234309
1534237660234713
1534237660234959
1534237660235474
1534237660235568
1534237660734440
1534237660734700
1534237660735018
1534237660735139
1534237660735388
1534237661234822
1534237661234947
1534237661235247
1534237661235442
1534237661235609
1534237661733601
1534237661734713
1534237661735084
1534237661735280
1534237661735372
1534237662235415
1534237662235561
1534237662235837
1534237662235943
1534237662236071
1534237662735226
1534237662735277
1534237662735353
1534237662735539
1534237662735779
1534237663234401
1534237663234644
1534237663234807
1534237663234893
1534237663235098
1534237663235306
1534237663734645
1534237663734830
1534237663735250
1534237663735549
1534237663735671
1534237664235942
1534237664236043
1534237664236059
1534237664236216
1534237664236238
1534237664236284
1534237664236328
1534237664734143
1534237664734250
1534237664734353
1534237664734684
1534237664735069
1534237665234233
1534237665234785
1534237665235504
1534237665235865
1534237665236072
1534237665734509
1534237665734750
1534237665734897
1534237665735026
1534237665735211
1534237665735302
1534237665735690
1534237666234954
1534237666235075
1534237666235202
1534237666235312
1534237666235374
1534237666735048
1534237666735327
1534237666735579
1534237666735971
1534237666736230
1534237667236083
1534237667237110
1534237667237322
1534237667237442
1534237667237561
1534237667734615
1534237667734803
1534237667735642
1534237667735960
1534237667736253
1534237668235319
1534237668235479
1534237668235617
1534237668235875
1534237668236368
1534237668236592
1534237668734884
1534237668734913
1534237668734922
1534237668735618
1534237668735778
1534237668736260
1534237668736430
1534237668736685
1534237669235797
1534237669235985
1534237669236557
1534237669236662
1534237669236895
1534237669734951
1534237669735775
1534237669735864
1534237669736236
1534237669736367
1534237670235714
1534237670236056
1534237670236595
1534237670236729
1534237670236752
1534237670236847
1534237670734907
1534237670735173
1534237670735743
1534237670735861
1534237670735916
1534237671234952
1534237671236024
1534237671236190
1534237671236341
1534237671236489
1534237671735462
1534237671735797
1534237671736115
1534237671736526
1534237671736846
1534237672235655
1534237672236012
1534237672236305
1534237672236589
1534237672236750
1534237672736977
1534237672737074
1534237672737185
1534237672737295
1534237672737366
1534237673235735
1534237673236061
1534237673236562
1534237673236756
1534237673236902
1534237673237014
1534237673737065
1534237673737269
1534237673737289
1534237673737375
1534237673737458
1534237673737477
1534237673737512
1534237674236680
1534237674236862
1534237674237115
1534237674237318
1534237674237507
1534237674736044
1534237674736324
1534237674736538
1534237674736834
1534237674737037
1534237675236151
1534237675236355
1534237675236472
1534237675236554
1534237675236604
1534237675737008
1534237675737353
1534237675737620
1534237675737831
1534237675737995
1534237676237661
1534237676237952
1534237676238279
1534237676238368
1534237676238679
1534237676736846
1534237676737362
1534237676737543
1534237676737703
1534237676737788
1534237677236552
1534237677237200
1534237677237568
1534237677238047
1534237677238356
1534237677238549
1534237677238668
1534237677736572
1534237677737911
1534237677738205
1534237677738393
1534237677738549
1534237678237779
1534237678237914
1534237678238122
1534237678238309
1534237678238438
1534237678738483
1534237678738633
1534237678738826
1534237678738995
1534237678739100
1534237679236831
1534237679237474
1534237679237616
1534237679237750
1534237679237802
1534237679737702
1534237679738101
1534237679738456
1534237679738771
1534237679738950
1534237680237047
1534237680238181
1534237680238454
1534237680238614
1534237680238664
1534237680737729
1534237680737854
1534237680738492
1534237680738563
1534237680739286
1534237680739396
1534237681239425
1534237681239713
1534237681239972
1534237681240208
1534237681240464
1534237681741802
1534237681742038
1534237681742241
1534237681742427
1534237681742573
1534237682240165
1534237682240390
1534237682240743
1534237682240997
1534237682241236
1534237682739203
1534237682739587
1534237682739980
1534237682740418
1534237682740662
1534237683238850
1534237683239250
1534237683239474
1534237683239616
1534237683239927
1534237683740586
1534237683740658
1534237683740795
1534237683740909
1534237683741319
1534237684239248
1534237684239844
1534237684240364
1534237684240715
1534237684240876
1534237684738967
1534237684739450
1534237684739543
1534237684739762
1534237684739853
1534237685239218
1534237685239445
1534237685239818
1534237685240209
1534237685240607
1534237685740896
1534237685741389
1534237685741532
1534237685741662
1534237685741857
1534237686239275
1534237686239765
1534237686240056
1534237686240255
1534237686240388
1534237686739416
1534237686739933
1534237686740261
1534237686740474
1534237686740614
1534237687240534
1534237687240704
1534237687240900
1534237687241085
1534237687241198
1534237687740245
1534237687740442
1534237687740649
1534237687740828
1534237687740923
1534237688239082
1534237688239903
1534237688240346
1534237688240684
1534237688240950
1534237688740717
1534237688740966
1534237688741167
1534237688741341
1534237688741363
1534237688741529
1534237689240578
1534237689240845
1534237689241054
1534237689241204
1534237689241270
1534237689739713
1534237689740020
1534237689740316
1534237689740463
1534237689740649
1534237690239295
1534237690239496
1534237690239675
1534237690239826
1534237690240375
1534237690240517
1534237690240747
1534237690739823
1534237690740092
1534237690740385
1534237690740478
1534237690740821
1534237691239425
1534237691239588
1534237691239907
1534237691240283
1534237691240755
1534237691240965
1534237691241149
1534237691740334
1534237691740362
1534237691740621
1534237691740993
1534237691741195
1534237691741381
1534237692240113
1534237692240371
1534237692240630
1534237692240980
1534237692241171
1534237692241365
1534237692740870
1534237692741096
1534237692741330
1534237692741354
1534237692741736
1534237692741816
1534237693241357
1534237693242216
1534237693242354
1534237693242451
1534237693242686
1534237693242829
1534237693739790
1534237693740287
1534237693740571
1534237693740937
1534237693741063
1534237694240223
1534237694240403
1534237694240456
1534237694240713
1534237694241239
1534237694241324
1534237694740094
1534237694741214
1534237694741409
1534237694741597
1534237694741807
1534237695240863
1534237695241011
1534237695241578
1534237695242103
1534237695242330
1534237695741112
1534237695741229
1534237695741369
1534237695742438
1534237695743142
1534237695743168
1534237695743183
1534237696240388
1534237696241558
1534237696241692
1534237696241737
1534237696242784
1534237696243010
1534237696243088
1534237696740624
1534237696741104
1534237696741579
1534237696742545
1534237696742644
1534237696743237
1534237697242274
1534237697243079
1534237697243380
1534237697243572
1534237697243857
1534237697742150
1534237697742447
1534237697742665
1534237697743013
1534237697743204
1534237698241773
1534237698242229
1534237698243024
1534237698243636
1534237698243994
1534237698743318
1534237698743563
1534237698743862
1534237698744107
1534237698744392
1534237699244757
1534237699244911
1534237699245187
1534237699245341
1534237699245451
1534237699245621
1534237699742693
1534237699743429
1534237699744056
1534237699744392
1534237699744608
1534237700241903
1534237700242517
1534237700242997
1534237700243320
1534237700243530
1534237700742192
1534237700742462
1534237700743056
1534237700743310
1534237700743593
1534237701242930
1534237701243318
1534237701243626
1534237701243879
1534237701244086
1534237701743082
1534237701743523
1534237701743841
1534237701744049
1534237701744199
1534237702244635
1534237702244915
1534237702245076
1534237702245248
1534237702245391
1534237702744274
1534237702744432
1534237702744694
1534237702744951
1534237702745161
1534237703244810
1534237703245381
1534237703245728
1534237703246018
1534237703246259
1534237703744433
1534237703744698
1534237703744868
1534237703745226
1534237703745448
1534237704242854
1534237704243625
1534237704244003
1534237704244273
1534237704244471
1534237704743293
1534237704743532
1534237704743893
1534237704744142
1534237704744366
1534237705243395
1534237705243616
1534237705243910
1534237705244260
1534237705244462
1534237705244567
1534237705743854
1534237705744047
1534237705744538
1534237705744744
1534237705744884
1534237706242399
1534237706242583
1534237706242767
1534237706243174
1534237706243701
1534237706243920
1534237706742609
1534237706742876
1534237706743192
1534237706743292
1534237706743376
1534237707242974
1534237707243401
1534237707243558
1534237707243746
1534237707243842
1534237707743483
1534237707743624
1534237707743738
1534237707744336
1534237707744641
1534237708243307
1534237708243601
1534237708243625
1534237708243795
1534237708243947
1534237708244158
1534237708743269
1534237708743559
1534237708743774
1534237708743887
1534237708743958
1534237709243366
1534237709243582
1534237709243621
1534237709243699
1534237709244368
1534237709244529
1534237709244670
1534237709743441
1534237709743514
1534237709743816
1534237709744057
1534237709744141
1534237709745172
1534237710245048
1534237710245124
1534237710245239
1534237710245338
1534237710245405
1534237710743500
1534237710743863
1534237710744049
1534237710744144
1534237710744207
1534237711243341
1534237711243582
1534237711243807
1534237711243838
1534237711243875
1534237711245161
1534237711245260
1534237711245336
1534237711745268
1534237711745438
1534237711745562
1534237711745837
1534237711745861
1534237711745971
1534237712244015
1534237712244076
1534237712244202
1534237712244330
1534237712244432
1534237712743868
1534237712744647
1534237712744715
1534237712745042
1534237712745304
1534237713245199
1534237713245495
1534237713245733
1534237713246061
1534237713246200
1534237713744765
1534237713745044
1534237713745262
1534237713745513
1534237713745689
1534237714244028
1534237714244190
1534237714244647
1534237714244781
1534237714246159
1534237714246403
1534237714744491
1534237714745141
1534237714745517
1534237714745796
1534237714745978
1534237715243982
1534237715244562
1534237715244604
1534237715244945
1534237715245709
1534237715246183
1534237715745814
1534237715745991
1534237715746192
1534237715746509
1534237715746843
1534237716244745
1534237716245121
1534237716245412
1534237716245525
1534237716245954
1534237716745070
1534237716745297
1534237716745501
1534237716745710
1534237716745794
1534237716746392
1534237717244188
1534237717245460
1534237717245636
1534237717245879
1534237717246069
1534237717744964
1534237717745016
1534237717745147
1534237717745239
1534237717745344
1534237718245715
1534237718245833
1534237718245925
1534237718246032
1534237718246075
1534237718246320
1534237718745538
1534237718745613
1534237718745739
1534237718745898
1534237718745987
1534237719245028
1534237719246643
1534237719246864
1534237719247092
1534237719247318
1534237719745038
1534237719745606
1534237719746064
1534237719746403
1534237719746720
1534237720248042
1534237720248212
1534237720248440
1534237720248630
1534237720248756
1534237720745905
1534237720746443
1534237720746763
1534237720746898
1534237720746960
1534237721246174
1534237721246748
1534237721247429
1534237721247644
1534237721247860
1534237721745929
1534237721746418
1534237721746908
1534237721747313
1534237721747516
1534237722246856
1534237722246937
1534237722247813
1534237722248259
1534237722248486
1534237722746499
1534237722747052
1534237722747353
1534237722747774
1534237722747918
1534237723247688
1534237723247784
1534237723247900
1534237723248015
1534237723248073
1534237723746968
1534237723747134
1534237723747328
1534237723747549
1534237723747690
1534237724246873
1534237724247267
1534237724247526
1534237724247841
1534237724248096
1534237724747109
1534237724747286
1534237724747433
1534237724747982
1534237724748392
1534237725246851
1534237725247252
1534237725247639
1534237725247725
1534237725247871
1534237725746832
1534237725747655
1534237725748176
1534237725748619
1534237725748790
1534237726246335
1534237726247630
1534237726248024
1534237726248382
1534237726248750
1534237726748164
1534237726748224
1534237726748364
1534237726748480
1534237726748553
1534237727247954
1534237727249004
1534237727249345
1534237727249641
1534237727249899
1534237727748787
1534237727748855
1534237727749086
1534237727749245
1534237727749377
1534237728247659
1534237728248024
1534237728248340
1534237728249018
1534237728249145
1534237728748060
1534237728748260
1534237728748470
1534237728748654
1534237728749177
1534237729248071
1534237729248555
1534237729248648
1534237729249795
1534237729250009
1534237729250153
1534237729748075
1534237729748366
1534237729748514
1534237729749465
1534237729749691
1534237729749721
1534237729749897
1534237730248398
1534237730249052
1534237730249131
1534237730249338
1534237730249439
1534237730748323
1534237730748696
1534237730749046
1534237730749400
1534237730749628
1534237731248137
1534237731248350
1534237731248755
1534237731249007
1534237731249230
1534237731748139
1534237731748692
1534237731749085
1534237731749426
1534237731749449
1534237731749714
1534237732251095
1534237732251210
1534237732251347
1534237732251549
1534237732251734
1534237732747748
1534237732748275
1534237732748397
1534237732748544
1534237732750755
1534237732750777
1534237732750854
1534237733249715
1534237733250616
1534237733250860
1534237733251053
1534237733251230
1534237733749930
1534237733750885
1534237733751310
1534237733751550
1534237733751719
1534237734248041
1534237734248271
1534237734248368
1534237734248810
1534237734249873
1534237734250120
1534237734750980
1534237734751147
1534237734751268
1534237734751380
1534237734751541
1534237735250971
1534237735251204
1534237735251435
1534237735251464
1534237735251622
1534237735251857
1534237735750180
1534237735750694
1534237735751180
1534237735751763
1534237735752134
1534237736249748
1534237736249873
1534237736249982
1534237736250070
1534237736250118
1534237736250522
1534237736749635
1534237736750082
1534237736750351
1534237736750648
1534237736750671
1534237736750880
1534237736752226
1534237737251493
1534237737251575
1534237737251814
1534237737251995
1534237737252091
1534237737748926
1534237737748997
1534237737749634
1534237737749718
1534237737749793
1534237738250667
1534237738250922
1534237738251319
1534237738251703
1534237738251812
1534237738748690
1534237738749650
1534237738750566
1534237738750591
1534237738750886
1534237738751236
1534237739249434
1534237739250362
1534237739250498
1534237739251013
1534237739251450
1534237739749229
1534237739749915
1534237739750540
1534237739751101
1534237739751403
1534237740249783
1534237740249853
1534237740249979
1534237740250077
1534237740250207
1534237740750944
1534237740751151
1534237740751438
1534237740751663
1534237740751924
1534237740752234
1534237741249719
1534237741249749
1534237741249757
1534237741250205
1534237741250235
1534237741250400
1534237741251671
1534237741251958
1534237741252102
1534237741751056
1534237741751293
1534237741751592
1534237741751838
1534237741752043
1534237742250587
1534237742250620
1534237742250986
1534237742251930
1534237742252224
1534237742252254
1534237742252442
1534237742750512
1534237742750901
1534237742751364
1534237742751683
1534237742751803
1534237743250388
1534237743250537
1534237743250803
1534237743250846
1534237743251930
1534237743252299
1534237743252613
1534237743751782
1534237743752192
1534237743752431
1534237743752651
1534237743752808
1534237744251512
1534237744251593
1534237744251673
1534237744252073
1534237744252177
1534237744750406
1534237744750837
1534237744751083
1534237744751228
1534237744751313
1534237745250649
1534237745250993
1534237745251316
1534237745251497
1534237745251657
1534237745751571
1534237745751717
1534237745751865
1534237745752017
1534237745752147
1534237746250496
1534237746251080
1534237746251468
1534237746251670
1534237746251867
1534237746749995
1534237746751170
1534237746751460
1534237746751657
1534237746751846
1534237747250152
1534237747251619
1534237747251889
1534237747252113
1534237747252366
1534237747750730
1534237747751309
1534237747751772
1534237747752212
1534237747752360
1534237748252747
1534237748252883
1534237748253147
1534237748253458
1534237748253572
1534237748751363
1534237748751495
1534237748751644
1534237748751817
1534237748751967
1534237749250855
1534237749250958
1534237749251593
1534237749251619
1534237749251804
1534237749251963
1534237749751753
1534237749751946
1534237749752219
1534237749752359
1534237749752666
1534237750252107
1534237750252765
1534237750253121
1534237750253200
1534237750253387
1534237750752143
1534237750752289
1534237750752502
1534237750752709
1534237750752885
1534237751252167
1534237751252288
1534237751252432
1534237751252904
1534237751253113
1534237751253239
1534237751751686
1534237751751862
1534237751752251
1534237751752611
1534237751752943
1534237752252885
1534237752252948
1534237752253201
1534237752253299
1534237752253362
1534237752753024
1534237752753280
1534237752753478
1534237752753548
1534237752753909
1534237753251333
1534237753252905
1534237753253140
1534237753253389
1534237753253545
