1534237654734741
1534237655734384
1534237656235181
1534237656734446
1534237657233948
1534237657735767
1534237658234913
1534237658735151
1534237659235412
1534237659734779
1534237660235152
1534237660735369
1534237661235703
1534237661736215
1534237662236222
1534237662736210
1534237663235667
1534237663735718
1534237664237130
1534237664735825
1534237665235749
1534237665735780
1534237666237085
1534237666736244
1534237667237727
1534237667735873
1534237668236322
1534237668736336
1534237669236710
1534237669736323
1534237670236765
1534237670737152
1534237671236218
1534237671736709
1534237672236925
1534237672738044
1534237673237637
1534237673738159
1534237674237711
1534237674737623
1534237675237588
1534237675738067
1534237676238818
1534237676738081
1534237677238017
1534237678238535
1534237678739295
1534237679238931
1534237679738864
1534237680739172
1534237681240574
1534237681742946
1534237682241221
1534237682740815
1534237683240210
1534237683741946
1534237684240792
1534237684740562
1534237685240823
1534237685742074
1534237686240575
1534237686740796
1534237687241538
1534237687741671
1534237688240917
1534237688741614
1534237689241638
1534237689741242
1534237690240685
1534237690741546
1534237691241746
1534237691741573
1534237692742050
1534237693243182
1534237693742486
1534237694242592
1534237694743139
1534237695242607
1534237695742772
1534237696244130
1534237696743498
1534237697243637
1534237697744421
1534237698243871
1534237698744731
1534237699246838
1534237699743891
1534237700243471
1534237700743763
1534237701244580
1534237701744535
1534237702245554
1534237702745307
1534237703245649
1534237703745466
1534237704244205
1534237704744569
1534237705244532
1534237705745051
1534237706244352
1534237706744719
1534237707245309
1534237707744989
1534237708245367
1534237708744986
1534237709245824
1534237709744902
1534237710246229
1534237710744958
1534237711246125
1534237711746145
1534237712245510
1534237712746286
1534237713246403
1534237713746539
1534237714245115
1534237714745893
1534237715246499
1534237715746853
1534237716246703
1534237716746579
1534237718247035
1534237718746509
1534237719747008
1534237720248831
1534237720747246
1534237721248024
1534237721747319
1534237722247763
1534237722748136
1534237723248870
1534237723747973
1534237724248333
1534237724748714
1534237725248677
1534237726749844
1534237727251075
1534237727750459
1534237728249395
1534237728750055
1534237729249269
1534237729749736
1534237730250515
1534237730749887
1534237731249412
1534237731749932
1534237732252694
1534237732749485
1534237733250490
1534237733751202
1534237734249906
1534237734752427
1534237735252145
1534237735752127
1534237736250596
1534237736750899
1534237737252588
1534237737751057
1534237738251933
1534237738751076
1534237739251320
1534237739751087
1534237740251514
1534237740752219
1534237741250991
1534237741752207
1534237742251633
1534237742752189
1534237743253433
1534237743753075
1534237744252553
1534237744752985
1534237745251884
1534237745752382
1534237746251854
1534237747752042
1534237748253552
1534237748752576
1534237749252092
1534237749753808
1534237750253299
1534237750753352
1534237751254442
1534237751753314
1534237752253903
1534237752754352
