1534239523494667
1534239523994742
1534239524494858
1534239524994929
1534239525495001
1534239525995073
1534239526495150
1534239528995491
1534239529495563
1534239532496097
1534239533496246
1534239533996317
1534239535996660
1534239536496753
1534239536996836
1534239537496919
1534239537996991
1534239538497062
1534239540997546
1534239541497622
1534239541997693
1534239544498098
1534239544998168
1534239545498246
1534239546498454
1534239550999227
1534239551499303
1534239554499835
1534239558000431
1534239559000580
1534239560000725
1534239560500806
1534239563501323
1534239566501855
1534239572002899
1534239574503357
1534239575003441
1534239576003715
1534239576503790
1534239578004187
1534239581004661
1534239585505394
1534239587505743
1534239588005818
1534239588505979
1534239589006054
1534239590006238
1534239590506345
1534239595507337
1534239597007581
1534239598007775
1534239600508212
1534239601508418
1534239602008497
1534239608009504
1534239613010373
1534239616510980
