1534239522495629
1534239522496072
1534239522496485
1534239522496963
1534239522497301
1534239522497672
1534239522497783
1534239522498508
1534239522498814
1534239522498969
1534239522499267
1534239522499358
1534239522995250
1534239522995499
1534239522996612
1534239522997217
1534239522997531
1534239522997692
1534239522997990
1534239522998131
1534239522998255
1534239522998475
1534239523496374
1534239523496837
1534239523497153
1534239523497622
1534239523497734
1534239523497802
1534239523497865
1534239523498005
1534239523498204
1534239523498264
1534239523995313
1534239523996660
1534239523997219
1534239523997680
1534239523998163
1534239523998542
1534239523998618
1534239523998826
1534239523998963
1534239523999043
1534239524495315
1534239524496227
1534239524496698
1534239524496884
1534239524497254
1534239524497354
1534239524497654
1534239524498007
1534239524498252
1534239524498374
1534239524498481
1534239524498594
1534239524498756
1534239524995865
1534239524995980
1534239524996065
1534239524996467
1534239524996484
1534239524997256
1534239524997300
1534239524997498
1534239524998211
1534239524998727
1534239524998803
1534239524999097
1534239524999165
1534239525495749
1534239525496349
1534239525496378
1534239525496626
1534239525497149
1534239525497640
1534239525498168
1534239525498572
1534239525498616
1534239525498683
1534239525498758
1534239525995800
1534239525996149
1534239525996363
1534239525996653
1534239525996876
1534239525997031
1534239525997107
1534239525997363
1534239525997415
1534239525998306
1534239525998400
1534239525998464
1534239526496286
1534239526496556
1534239526497037
1534239526497266
1534239526497806
1534239526498253
1534239526498555
1534239526498817
1534239526498901
1534239526499069
1534239526995719
1534239526995802
1534239526996323
1534239526996457
1534239526996550
1534239526997206
1534239526997319
1534239526997538
1534239526997629
1534239526998430
1534239526999521
1534239526999758
1534239526999960
1534239527000074
1534239527496558
1534239527497014
1534239527497116
1534239527497316
1534239527497625
1534239527497760
1534239527497946
1534239527498152
1534239527498252
1534239527498323
1534239527498373
1534239527996682
1534239527997371
1534239527997434
1534239527997579
1534239527997837
1534239527997953
1534239527998169
1534239527998246
1534239527998348
1534239527998493
1534239528495889
1534239528496317
1534239528496505
1534239528496966
1534239528497437
1534239528497657
1534239528497813
1534239528498405
1534239528498734
1534239528499042
1534239528499110
1534239528499242
1534239528499454
1534239528996645
1534239528997081
1534239528997323
1534239528997953
1534239528998550
1534239528998845
1534239528999348
1534239528999428
1534239528999545
1534239528999718
1534239529496324
1534239529496695
1534239529497262
1534239529497578
1534239529497881
1534239529498098
1534239529498361
1534239529498658
1534239529498802
1534239529498852
1534239529996317
1534239529996978
1534239529997359
1534239529998039
1534239529998527
1534239529998761
1534239529999152
1534239529999447
1534239529999657
1534239529999796
1534239530496447
1534239530496745
1534239530496901
1534239530496980
1534239530497662
1534239530497798
1534239530497987
1534239530498386
1534239530498669
1534239530498795
1534239530500134
1534239530500343
1534239530500447
1534239530996503
1534239530997150
1534239530997176
1534239530997987
1534239530998082
1534239530998177
1534239530998340
1534239530998409
1534239530998474
1534239530998522
1534239531496430
1534239531496446
1534239531496462
1534239531496522
1534239531497566
1534239531498103
1534239531498693
1534239531499030
1534239531499113
1534239531500351
1534239531500442
1534239531500506
1534239531996766
1534239531996964
1534239531997565
1534239531998127
1534239531998573
1534239531999093
1534239531999539
1534239531999905
1534239532000010
1534239532000201
1534239532498447
1534239532498716
1534239532499099
1534239532499703
1534239532499857
1534239532499926
1534239532500011
1534239532500111
1534239532500158
1534239532996986
1534239532997483
1534239532997878
1534239532998493
1534239532998865
1534239532999247
1534239532999327
1534239532999491
1534239532999628
1534239532999702
1534239533496736
1534239533496808
1534239533496880
1534239533497607
1534239533497700
1534239533497896
1534239533498013
1534239533498111
1534239533498146
1534239533499020
1534239533499129
1534239533499340
1534239533499410
1534239533499980
1534239533500040
1534239533500344
1534239533500394
1534239533997973
1534239533998022
1534239533998163
1534239533998684
1534239533999076
1534239533999624
1534239533999924
1534239534000361
1534239534000585
1534239534000702
1534239534496984
1534239534497263
1534239534497555
1534239534497658
1534239534497688
1534239534498186
1534239534498314
1534239534498552
1534239534498609
1534239534499585
1534239534500036
1534239534500318
1534239534500590
1534239534500721
1534239534500774
1534239534997329
1534239534997740
1534239534998011
1534239534998363
1534239534999033
1534239534999499
1534239534999913
1534239535000103
1534239535000303
1534239535000770
1534239535498749
1534239535498977
1534239535499404
1534239535499783
1534239535500067
1534239535500378
1534239535500639
1534239535500819
1534239535500946
1534239535997299
1534239535998181
1534239535998479
1534239535998774
1534239535999050
1534239535999243
1534239535999467
1534239536000026
1534239536000346
1534239536000758
1534239536001139
1534239536497825
1534239536498177
1534239536498724
1534239536499291
1534239536499542
1534239536499915
1534239536500180
1534239536500342
1534239536500448
1534239536500530
1534239536997823
1534239536998272
1534239536998771
1534239536999060
1534239536999377
1534239536999502
1534239536999893
1534239537000365
1534239537000627
1534239537000869
1534239537001009
1534239537001034
1534239537001266
1534239537498292
1534239537498740
1534239537498764
1534239537498771
1534239537498781
1534239537499607
1534239537499969
1534239537500277
1534239537500327
1534239537500397
1534239537500833
1534239537998015
1534239537998398
1534239537998802
1534239537999298
1534239537999552
1534239537999899
1534239538000456
1534239538000785
1534239538001063
1534239538001106
1534239538498087
1534239538498683
1534239538498826
1534239538499415
1534239538499937
1534239538500511
1534239538500854
1534239538501017
1534239538501169
1534239538501302
1534239538998952
1534239538999121
1534239538999333
1534239538999378
1534239538999442
1534239539000340
1534239539000437
1534239539000552
1534239539001514
1534239539001588
1534239539001642
1534239539497852
1534239539498567
1534239539499474
1534239539499912
1534239539500288
1534239539500779
1534239539501093
1534239539501411
1534239539501480
1534239539501561
1534239539998260
1534239539998484
1534239539998850
1534239539999049
1534239539999322
1534239539999461
1534239539999649
1534239539999756
1534239540000016
1534239540000314
1534239540000486
1534239540498100
1534239540498371
1534239540498620
1534239540498744
1534239540498936
1534239540499047
1534239540499257
1534239540499379
1534239540499443
1534239540499625
1534239540500259
1534239540500472
1534239540500607
1534239540500666
1534239540501353
1534239540501454
1534239540501601
1534239540998075
1534239540998642
1534239540998952
1534239540999157
1534239540999237
1534239540999261
1534239540999759
1534239541000024
1534239541000319
1534239541000583
1534239541000841
1534239541000881
1534239541501143
1534239541501298
1534239541501610
1534239541501831
1534239541502204
1534239541502559
1534239541502860
1534239541503018
1534239541503072
1534239541998669
1534239541999146
1534239541999336
1534239541999534
1534239542000397
1534239542000999
1534239542001519
1534239542001770
1534239542001970
1534239542002083
1534239542498704
1534239542499310
1534239542500012
1534239542500184
1534239542500816
1534239542501015
1534239542501577
1534239542501820
1534239542501840
1534239542501979
1534239542502089
1534239542998787
1534239542999755
1534239543000092
1534239543000381
1534239543000730
1534239543001157
1534239543001454
1534239543001537
1534239543001891
1534239543499002
1534239543499343
1534239543499717
1534239543499800
1534239543500137
1534239543500900
1534239543501206
1534239543501346
1534239543501468
1534239543502010
1534239543502135
1534239543502290
1534239543998431
1534239543998617
1534239543999620
1534239544000144
1534239544000735
1534239544000761
1534239544002244
1534239544002344
1534239544002463
1534239544002577
1534239544002802
1534239544002956
1534239544500080
1534239544500135
1534239544500224
1534239544500563
1534239544500856
1534239544500987
1534239544501280
1534239544501698
1534239544502252
1534239544502331
1534239544502488
1534239544999204
1534239544999404
1534239544999433
1534239544999835
1534239545000156
1534239545000844
1534239545001228
1534239545001325
1534239545001477
1534239545001748
1534239545001807
1534239545001875
1534239545499544
1534239545499559
1534239545499572
1534239545500230
1534239545500636
1534239545500872
1534239545501508
1534239545501609
1534239545501719
1534239545501914
1534239545502031
1534239545999238
1534239545999544
1534239545999603
1534239545999889
1534239546000036
1534239546000130
1534239546000761
1534239546001027
1534239546001324
1534239546001510
1534239546001601
1534239546001654
1534239546499270
1534239546499549
1534239546499773
1534239546500027
1534239546500127
1534239546500385
1534239546501252
1534239546501571
1534239546502081
1534239546502612
1534239546999146
1534239546999460
1534239546999753
1534239547000102
1534239547000445
1534239547000740
1534239547000932
1534239547001278
1534239547001461
1534239547001635
1534239547001993
1534239547002117
1534239547002208
1534239547002256
1534239547499602
1534239547500037
1534239547500681
1534239547501267
1534239547501476
1534239547501565
1534239547501661
1534239547502007
1534239547502397
1534239547502578
1534239547999834
1534239548000277
1534239548000963
1534239548001132
1534239548002004
1534239548002478
1534239548003076
1534239548003342
1534239548003426
1534239548003451
1534239548003497
1534239548499890
1534239548500367
1534239548500964
1534239548501589
1534239548501868
1534239548502242
1534239548502414
1534239548502617
1534239548502795
1534239548504394
1534239548504809
1534239548504990
1534239549000434
1534239549001943
1534239549002440
1534239549002772
1534239549003089
1534239549003434
1534239549003644
1534239549003871
1534239549004204
1534239549004409
1534239549004479
1534239549499713
1534239549500516
1534239549500673
1534239549501618
1534239549501788
1534239549501873
1534239549502827
1534239549503012
1534239549503259
1534239549504063
1534239549504400
1534239550000202
1534239550000638
1534239550001106
1534239550003279
1534239550003374
1534239550003745
1534239550003792
1534239550004100
1534239550004752
1534239550005239
1534239550500070
1534239550500290
1534239550500438
1534239550500563
1534239550502487
1534239550502858
1534239550503742
1534239550504113
1534239550504324
1534239550504397
1534239550504495
1534239551000692
1534239551000762
1534239551000845
1534239551001133
1534239551001229
1534239551001837
1534239551001982
1534239551002062
1534239551002128
1534239551003059
1534239551003190
1534239551003576
1534239551003772
1534239551502056
1534239551502559
1534239551503325
1534239551503849
1534239551504226
1534239551504591
1534239551504671
1534239551504753
1534239551504847
1534239551504936
1534239551999843
1534239552000528
1534239552000761
1534239552001148
1534239552001803
1534239552001999
1534239552002746
1534239552003430
1534239552003962
1534239552004183
1534239552004229
1534239552501946
1534239552502715
1534239552503104
1534239552503616
1534239552503988
1534239552504519
1534239552504731
1534239552505216
1534239552505452
1534239553000959
1534239553001594
1534239553002414
1534239553003164
1534239553003463
1534239553003753
1534239553003959
1534239553004170
1534239553004305
1534239553502496
1534239553503070
1534239553503450
1534239553503721
1534239553504493
1534239553504810
1534239553505131
1534239553505348
1534239553505558
1534239554000583
1534239554001056
1534239554001282
1534239554001645
1534239554001691
1534239554001846
1534239554003030
1534239554003177
1534239554003383
1534239554003601
1534239554004703
1534239554005049
1534239554005136
1534239554006425
1534239554006554
1534239554006816
1534239554501176
1534239554501291
1534239554501454
1534239554502115
1534239554502450
1534239554502647
1534239554502824
1534239554503165
1534239554503304
1534239554503719
1534239554503801
1534239554504408
1534239554504546
1534239554504682
1534239555000737
1534239555001351
1534239555001668
1534239555002426
1534239555002808
1534239555003555
1534239555004150
1534239555004641
1534239555005089
1534239555005477
1534239555005570
1534239555500563
1534239555501725
1534239555502004
1534239555502721
1534239555503550
1534239555503803
1534239555504418
1534239555504877
1534239555505157
1534239555505460
1534239555505739
1534239556003337
1534239556003430
1534239556003522
1534239556003801
1534239556004238
1534239556004671
1534239556005030
1534239556005149
1534239556005174
1534239556005592
1534239556500815
1534239556501034
1534239556501445
1534239556501562
1534239556501605
1534239556502459
1534239556503546
1534239556504070
1534239556504520
1534239556504714
1534239556505086
1534239556505378
1534239557000935
1534239557001020
1534239557001946
1534239557002511
1534239557003118
1534239557003443
1534239557003895
1534239557004332
1534239557004447
1534239557004493
1534239557004816
1534239557004862
1534239557501470
1534239557501497
1534239557502091
1534239557502274
1534239557502791
1534239557503242
1534239557503811
1534239557504317
1534239557505009
1534239557505534
1534239557506149
1534239558002647
1534239558002800
1534239558002980
1534239558003208
1534239558003364
1534239558003660
1534239558003766
1534239558003951
1534239558004052
1534239558004203
1534239558004264
1534239558005095
1534239558005270
1534239558503396
1534239558503498
1534239558503668
1534239558504152
1534239558504439
1534239558504643
1534239558504747
1534239558504928
1534239558505058
1534239559001372
1534239559001856
1534239559002564
1534239559003020
1534239559003112
1534239559003689
1534239559004159
1534239559004598
1534239559004932
1534239559005094
1534239559005238
1534239559501280
1534239559501434
1534239559501721
1534239559501860
1534239559502155
1534239559502323
1534239559502488
1534239559502738
1534239559502918
1534239559503119
1534239559503265
1534239559503332
1534239559503993
1534239559504450
1534239559504880
1534239559505315
1534239559505515
1534239559505862
1534239560001379
1534239560002330
1534239560002652
1534239560003032
1534239560003459
1534239560003662
1534239560003787
1534239560004041
1534239560004104
1534239560005317
1534239560005690
1534239560005751
1534239560501740
1534239560502473
1534239560503012
1534239560503373
1534239560503878
1534239560504353
1534239560505140
1534239560505458
1534239560505579
1534239560505842
1534239561002119
1534239561002443
1534239561002895
1534239561003845
1534239561004272
1534239561004344
1534239561004734
1534239561004886
1534239561005699
1534239561006129
1534239561006498
1534239561006668
1534239561502260
1534239561502870
1534239561503614
1534239561504107
1534239561504598
1534239561504885
1534239561505015
1534239561505201
1534239561505366
1534239562002305
1534239562002855
1534239562003516
1534239562004054
1534239562004637
1534239562004722
1534239562004904
1534239562005155
1534239562005834
1534239562006299
1534239562502073
1534239562502728
1534239562503128
1534239562503729
1534239562504203
1534239562504624
1534239562505544
1534239562505618
1534239562505708
1534239562506034
1534239563003339
1534239563004246
1534239563004962
1534239563005186
1534239563005620
1534239563006150
1534239563006422
1534239563006695
1534239563006813
1534239563504010
1534239563504125
1534239563504668
1534239563505296
1534239563505671
1534239563505886
1534239563506229
1534239563506360
1534239563506603
1534239564002631
1534239564003498
1534239564003652
1534239564003865
1534239564004200
1534239564004570
1534239564004910
1534239564005278
1534239564005776
1534239564006001
1534239564006342
1534239564006805
1534239564007170
1534239564007410
1534239564007529
1534239564503265
1534239564503554
1534239564504120
1534239564504427
1534239564504450
1534239564504887
1534239564505077
1534239564505314
1534239564505472
1534239564505609
1534239565003505
1534239565003822
1534239565004220
1534239565004594
1534239565004861
1534239565005228
1534239565005624
1534239565005914
1534239565006153
1534239565006267
1534239565502758
1534239565503641
1534239565503908
1534239565504346
1534239565504501
1534239565505518
1534239565506042
1534239565506101
1534239565506116
1534239565507204
1534239565507551
1534239566003056
1534239566003613
1534239566004196
1534239566004559
1534239566005162
1534239566005683
1534239566006017
1534239566006175
1534239566006286
1534239566007689
1534239566007808
1534239566007873
1534239566502714
1534239566503952
1534239566504386
1534239566505011
1534239566505620
1534239566506113
1534239566506214
1534239566506233
1534239566506396
1534239566506553
1534239566506662
1534239567003389
1534239567003882
1534239567004442
1534239567004937
1534239567005720
1534239567006310
1534239567006720
1534239567006979
1534239567007083
1534239567007173
1534239567502904
1534239567503096
1534239567504345
1534239567504591
1534239567504856
1534239567505996
1534239567506228
1534239567506283
1534239567506800
1534239567506840
1534239567506974
1534239567507311
1534239567508898
1534239567508999
1534239567509176
1534239568002950
1534239568003834
1534239568004277
1534239568004975
1534239568005456
1534239568006107
1534239568006909
1534239568007341
1534239568007716
1534239568007770
1534239568503574
1534239568504291
1534239568504828
1534239568505462
1534239568506013
1534239568506438
1534239568506623
1534239568507284
1534239568507685
1534239568507782
1534239569004285
1534239569004630
1534239569004881
1534239569005134
1534239569005501
1534239569005795
1534239569006116
1534239569006361
1534239569006527
1534239569006700
1534239569503549
1534239569503861
1534239569504312
1534239569504699
1534239569504891
1534239569505255
1534239569507136
1534239569507265
1534239569507506
1534239569507721
1534239570003173
1534239570003460
1534239570004161
1534239570004242
1534239570004454
1534239570004594
1534239570006299
1534239570006551
1534239570006646
1534239570006740
1534239570007803
1534239570007984
1534239570008107
1534239570009138
1534239570009177
1534239570009263
1534239570009427
1534239570503873
1534239570504081
1534239570504640
1534239570505368
1534239570505868
1534239570506359
1534239570506620
1534239570506785
1534239570507130
1534239570507266
1534239571004764
1534239571004823
1534239571005015
1534239571005065
1534239571005321
1534239571005401
1534239571005636
1534239571005717
1534239571006146
1534239571006267
1534239571006307
1534239571006454
1534239571503847
1534239571503913
1534239571504195
1534239571504405
1534239571506019
1534239571506760
1534239571507149
1534239571507510
1534239571508100
1534239571508505
1534239571508757
1534239572004027
1534239572004085
1534239572004522
1534239572004571
1534239572004616
1534239572005674
1534239572005973
1534239572006120
1534239572006186
1534239572006617
1534239572006744
1534239572006812
1534239572006875
1534239572007099
1534239572007131
1534239572008970
1534239572009125
1534239572009316
1534239572503564
1534239572503766
1534239572504312
1534239572504430
1534239572504722
1534239572504827
1534239572504865
1534239572505594
1534239572505796
1534239572506249
1534239572506604
1534239572506860
1534239572506882
1534239572507007
1534239572507198
1534239573003697
1534239573004428
1534239573004611
1534239573004936
1534239573006073
1534239573006249
1534239573006387
1534239573007857
1534239573008111
1534239573008492
1534239573008645
1534239573008825
1534239573503811
1534239573503902
1534239573504872
1534239573505304
1534239573505933
1534239573506649
1534239573507497
1534239573507896
1534239573508216
1534239573508590
1534239573508883
1534239573509094
1534239574004465
1534239574005115
1534239574005529
1534239574006101
1534239574006603
1534239574007295
1534239574007747
1534239574008507
1534239574008934
1534239574009047
1534239574504600
1534239574505265
1534239574505637
1534239574505969
1534239574506353
1534239574506774
1534239574507207
1534239574507415
1534239574507565
1534239574507682
1534239575004656
1534239575004951
1534239575005286
1534239575005493
1534239575005970
1534239575006668
1534239575007096
1534239575007407
1534239575007741
1534239575008200
1534239575008307
1534239575505011
1534239575505496
1534239575506126
1534239575506640
1534239575506985
1534239575507559
1534239575508141
1534239575508459
1534239575508700
1534239575509105
1534239576004614
1534239576005688
1534239576006132
1534239576006799
1534239576007206
1534239576007436
1534239576008673
1534239576008719
1534239576008914
1534239576008989
1534239576504848
1534239576505269
1534239576505942
1534239576506496
1534239576507036
1534239576507538
1534239576507871
1534239576508165
1534239576508872
1534239576509206
1534239577004999
1534239577005760
1534239577006005
1534239577006661
1534239577007613
1534239577007984
1534239577008451
1534239577008903
1534239577009151
1534239577009335
1534239577505151
1534239577505431
1534239577506041
1534239577506516
1534239577507885
1534239577507968
1534239577508336
1534239577508464
1534239577508561
1534239577508928
1534239577508984
1534239578006585
1534239578006789
1534239578007162
1534239578007313
1534239578007424
1534239578007497
1534239578007553
1534239578008935
1534239578009037
1534239578009125
1534239578010603
1534239578011231
1534239578011311
1534239578505622
1534239578505677
1534239578506594
1534239578506740
1534239578507390
1534239578507523
1534239578508534
1534239578509332
1534239578509628
1534239578509860
1534239578510064
1534239579005292
1534239579005948
1534239579006580
1534239579007171
1534239579007567
1534239579008101
1534239579008429
1534239579008562
1534239579008610
1534239579008758
1534239579505361
1534239579505784
1534239579506145
1534239579506319
1534239579506394
1534239579507466
1534239579507667
1534239579507959
1534239579508043
1534239579508124
1534239579508163
1534239579509742
1534239579509963
1534239579510154
1534239579511467
1534239579512296
1534239580005095
1534239580006439
1534239580007164
1534239580007566
1534239580007745
1534239580008204
1534239580008667
1534239580008789
1534239580008900
1534239580009078
1534239580505283
1534239580505665
1534239580506090
1534239580506206
1534239580506621
1534239580506975
1534239580507150
1534239580507402
1534239580507457
1534239580509320
1534239580509531
1534239580509552
1534239580509942
1534239580510067
1534239580510194
1534239581006245
1534239581006450
1534239581007041
1534239581007944
1534239581008430
1534239581008591
1534239581008716
1534239581008854
1534239581008956
1534239581009192
1534239581505693
1534239581506034
1534239581506402
1534239581506759
1534239581507108
1534239581507370
1534239581508107
1534239581509493
1534239581510002
1534239581510327
1534239581510725
1534239581510922
1534239582006939
1534239582007973
1534239582008927
1534239582009925
1534239582010005
1534239582010161
1534239582010255
1534239582010463
1534239582010689
1534239582010940
1534239582011435
1534239582505502
1534239582505679
1534239582506219
1534239582506302
1534239582506705
1534239582506788
1534239582507169
1534239582507259
1534239582507876
1534239582508337
1534239582508680
1534239582508986
1534239582509164
1534239582509492
1534239582509577
1534239583005968
1534239583006509
1534239583006991
1534239583007915
1534239583008295
1534239583008673
1534239583009098
1534239583009239
1534239583009528
1534239583010117
1534239583507281
1534239583507697
1534239583508713
1534239583509245
1534239583509677
1534239583510026
1534239583510361
1534239583510695
1534239583510802
1534239584006185
1534239584006766
1534239584007321
1534239584007715
1534239584008224
1534239584008832
1534239584009230
1534239584009441
1534239584009660
1534239584009822
1534239584505979
1534239584506468
1534239584506884
1534239584507085
1534239584507721
1534239584508512
1534239584509157
1534239584509491
1534239584510349
1534239584510429
1534239584510498
1534239585006622
1534239585007328
1534239585008089
1534239585008571
1534239585008940
1534239585009455
1534239585009604
1534239585009740
1534239585009829
1534239585506609
1534239585506913
1534239585507178
1534239585507427
1534239585507608
1534239585507814
1534239585507911
1534239585508629
1534239585508917
1534239585509039
1534239586009088
1534239586009463
1534239586009671
1534239586009955
1534239586010459
1534239586010980
1534239586011361
1534239586011639
1534239586011757
1534239586506299
1534239586506537
1534239586506759
1534239586506872
1534239586506931
1534239586507274
1534239586507340
1534239586508030
1534239586508498
1534239586508820
1534239586509164
1534239586509442
1534239586509654
1534239586509790
1534239586509853
1534239587006376
1534239587007180
1534239587007776
1534239587008179
1534239587008498
1534239587009097
1534239587009739
1534239587009787
1534239587010229
1534239587010550
1534239587506291
1534239587506389
1534239587507922
1534239587507996
1534239587508097
1534239587508208
1534239587508449
1534239587508522
1534239587508596
1534239587508837
1534239587508937
1534239587509078
1534239587509132
1534239587510541
1534239587510628
1534239587510723
1534239588006314
1534239588006811
1534239588006902
1534239588007042
1534239588007338
1534239588007404
1534239588008014
1534239588008228
1534239588008583
1534239588008806
1534239588009054
1534239588009157
1534239588009341
1534239588506537
1534239588508169
1534239588508356
1534239588508480
1534239588508597
1534239588508648
1534239588509471
1534239588509584
1534239588510419
1534239588510721
1534239588510812
1534239588511390
1534239588511418
1534239588511452
1534239589007330
1534239589007719
1534239589008220
1534239589008763
1534239589009240
1534239589009556
1534239589009977
1534239589010130
1534239589010242
1534239589010488
1534239589507432
1534239589508142
1534239589508700
1534239589509030
1534239589509607
1534239589510234
1534239589510726
1534239589510988
1534239589511260
1534239589511431
1534239590009188
1534239590009812
1534239590009855
1534239590009888
1534239590009962
1534239590010258
1534239590010299
1534239590010376
1534239590010747
1534239590010826
1534239590010993
1534239590011282
1534239590507061
1534239590507384
1534239590507490
1534239590507662
1534239590507943
1534239590508155
1534239590508333
1534239590508465
1534239590508575
1534239590508606
1534239590510372
1534239590510596
1534239590510853
1534239590511107
1534239590511327
1534239590511446
1534239591007886
1534239591008051
1534239591008623
1534239591009082
1534239591009726
1534239591009889
1534239591010193
1534239591010536
1534239591010695
1534239591010780
1534239591507243
1534239591507498
1534239591508240
1534239591508773
1534239591509197
1534239591509497
1534239591510327
1534239591510927
1534239591511440
1534239591511777
1534239591512373
1534239592007778
1534239592008555
1534239592009258
1534239592009623
1534239592010293
1534239592010987
1534239592011230
1534239592011375
1534239592011632
1534239592011809
1534239592508186
1534239592508489
1534239592508988
1534239592509456
1534239592510055
1534239592510760
1534239592511190
1534239592511585
1534239592512302
1534239592512419
1534239593009983
1534239593010278
1534239593010765
1534239593011577
1534239593011829
1534239593012239
1534239593012420
1534239593012518
1534239593012665
1534239593508007
1534239593508210
1534239593508658
1534239593509088
1534239593509409
1534239593509623
1534239593509717
1534239593510465
1534239593510768
1534239593511036
1534239593511061
1534239593511447
1534239593511597
1534239593511671
1534239594007915
1534239594009352
1534239594009886
1534239594010299
1534239594010653
1534239594010929
1534239594011289
1534239594011546
1534239594011621
1534239594011825
1534239594012050
1534239594508109
1534239594509644
1534239594511444
1534239594511506
1534239594511624
1534239594512165
1534239594512720
1534239594513089
1534239594513180
1534239594513855
1534239595008457
1534239595009097
1534239595009691
1534239595010262
1534239595010808
1534239595011435
1534239595011990
1534239595012522
1534239595012724
1534239595012950
1534239595508259
1534239595508870
1534239595509478
1534239595510308
1534239595510695
1534239595511154
1534239595511628
1534239595512052
1534239595512315
1534239595512549
1534239596010338
1534239596010677
1534239596011119
1534239596011698
1534239596011945
1534239596012092
1534239596012500
1534239596012680
1534239596012917
1534239596013053
1534239596013319
1534239596508840
1534239596509506
1534239596509955
1534239596510194
1534239596510651
1534239596510806
1534239596511178
1534239596511207
1534239596511383
1534239596511538
1534239597008568
1534239597009053
1534239597009451
1534239597009879
1534239597010204
1534239597010564
1534239597010823
1534239597011070
1534239597011256
1534239597011359
1534239597508483
1534239597509392
1534239597510016
1534239597510668
1534239597511093
1534239597511510
1534239597512129
1534239597512224
1534239597512248
1534239597512355
1534239597512536
1534239598010022
1534239598010559
1534239598010931
1534239598011578
1534239598012068
1534239598012402
1534239598012482
1534239598012641
1534239598012794
1534239598508577
1534239598508656
1534239598508745
1534239598509461
1534239598510237
1534239598510983
1534239598511938
1534239598512268
1534239598512774
1534239598512990
1534239598513320
1534239598513492
1534239599008819
1534239599009088
1534239599009277
1534239599009419
1534239599009557
1534239599010809
1534239599011186
1534239599011537
1534239599011625
1534239599011812
1534239599011995
1534239599012091
1534239599013579
1534239599013732
1534239599013974
1534239599014317
1534239599509610
1534239599510074
1534239599510785
1534239599511278
1534239599511964
1534239599512505
1534239599512984
1534239599513349
1534239599513682
1534239599514002
1534239599514221
1534239600008781
1534239600008895
1534239600009922
1534239600010350
1534239600010708
1534239600010916
1534239600011141
1534239600011267
1534239600012568
1534239600012649
1534239600012669
1534239600012925
1534239600014032
1534239600014144
1534239600511311
1534239600511417
1534239600511573
1534239600511781
1534239600512011
1534239600512135
1534239600512200
1534239600512277
1534239600512858
1534239600512986
1534239600513153
1534239601010065
1534239601010523
1534239601011273
1534239601011628
1534239601011993
1534239601012345
1534239601012615
1534239601012732
1534239601012944
1534239601013035
1534239601509470
1534239601509910
1534239601510584
1534239601511078
1534239601511339
1534239601511573
1534239601512126
1534239601512870
1534239601513110
1534239601513188
1534239602013240
1534239602013421
1534239602013707
1534239602013904
1534239602014030
1534239602014685
1534239602014753
1534239602014910
1534239602015125
1534239602509767
1534239602510278
1534239602510565
1534239602511002
1534239602511434
1534239602512009
1534239602512505
1534239602512918
1534239602513225
1534239602513512
1534239602513538
1534239602513715
1534239603009998
1534239603010305
1534239603010504
1534239603010669
1534239603010930
1534239603011183
1534239603011343
1534239603011612
1534239603011755
1534239603011873
1534239603011989
1534239603012026
1534239603013545
1534239603013809
1534239603014003
1534239603014045
1534239603510068
1534239603510658
1534239603511508
1534239603512130
1534239603512886
1534239603513097
1534239603513286
1534239603513451
1534239603513517
1534239603513536
1534239604010057
1534239604010610
1534239604011034
1534239604011380
1534239604011936
1534239604012379
1534239604012979
1534239604013256
1534239604014380
1534239604014690
1534239604014844
1534239604510107
1534239604510201
1534239604510332
1534239604510778
1534239604510896
1534239604511013
1534239604511128
1534239604512034
1534239604512501
1534239604512797
1534239604513036
1534239604513382
1534239605009620
1534239605009937
1534239605010037
1534239605011204
1534239605011325
1534239605011508
1534239605011633
1534239605012581
1534239605012669
1534239605012896
1534239605012953
1534239605013013
1534239605013863
1534239605014220
1534239605509799
1534239605510465
1534239605510980
1534239605511034
1534239605511522
1534239605511721
1534239605511893
1534239605512209
1534239605512305
1534239605512855
1534239605513020
1534239605513099
1534239606009936
1534239606010043
1534239606010454
1534239606010807
1534239606010844
1534239606011676
1534239606011850
1534239606012191
1534239606012271
1534239606012584
1534239606012702
1534239606012760
1534239606013563
1534239606013666
1534239606013847
1534239606510158
1534239606510427
1534239606510632
1534239606511199
1534239606511474
1534239606511772
1534239606512288
1534239606512675
1534239606512693
1534239606512710
1534239606513080
1534239606513320
1534239606513389
1534239607010437
1534239607011061
1534239607011723
1534239607012395
1534239607012874
1534239607013472
1534239607013704
1534239607013782
1534239607013904
1534239607014005
1534239607510601
1534239607511064
1534239607511704
1534239607512368
1534239607512667
1534239607512692
1534239607512863
1534239607513334
1534239607513627
1534239607513689
1534239607513781
1534239608012439
1534239608012507
1534239608012642
1534239608012839
1534239608013074
1534239608013227
1534239608013388
1534239608013442
1534239608014393
1534239608014541
1534239608014639
1534239608510912
1534239608511195
1534239608511632
1534239608511883
1534239608512412
1534239608512904
1534239608513444
1534239608513892
1534239608514330
1534239608514616
1534239608514776
1534239609010925
1534239609011304
1534239609011917
1534239609012488
1534239609012676
1534239609012842
1534239609013527
1534239609013567
1534239609013588
1534239609013807
1534239609013970
1534239609510508
1534239609511325
1534239609512050
1534239609512354
1534239609513073
1534239609513123
1534239609513662
1534239609513942
1534239609514033
1534239609514067
1534239609514105
1534239609514140
1534239610011130
1534239610011434
1534239610011600
1534239610011800
1534239610012013
1534239610012363
1534239610012399
1534239610013028
1534239610014216
1534239610014624
1534239610014745
1534239610015001
1534239610015176
1534239610510679
1534239610510737
1534239610512002
1534239610512584
1534239610513204
1534239610513788
1534239610514376
1534239610514883
1534239610515266
1534239610515355
1534239610515497
1534239611010965
1534239611011599
1534239611011931
1534239611012168
1534239611012925
1534239611013077
1534239611013303
1534239611013483
1534239611014369
1534239611014519
1534239611014659
1534239611014794
1534239611014996
1534239611015135
1534239611512386
1534239611512501
1534239611512685
1534239611513567
1534239611514148
1534239611514571
1534239611514804
1534239611515046
1534239611515112
1534239612012469
1534239612012914
1534239612013416
1534239612013687
1534239612014058
1534239612014707
1534239612015041
1534239612015085
1534239612015143
1534239612511318
1534239612511783
1534239612512864
1534239612513567
1534239612514078
1534239612514538
1534239612514689
1534239612515073
1534239612515317
1534239612515545
1534239613012926
1534239613013360
1534239613013634
1534239613013779
1534239613014030
1534239613014715
1534239613014912
1534239613015350
1534239613015422
1534239613016002
1534239613016151
1534239613511230
1534239613512094
1534239613512662
1534239613512777
1534239613513987
1534239613514336
1534239613514705
1534239613514866
1534239613515165
1534239613516283
1534239613516393
1534239613516728
1534239614011456
1534239614013106
1534239614013591
1534239614014399
1534239614015239
1534239614015767
1534239614016298
1534239614016852
1534239614017223
1534239614017417
1534239614513171
1534239614514542
1534239614514897
1534239614515722
1534239614516002
1534239614516696
1534239614516889
1534239614517435
1534239614517836
1534239614518572
1534239614518713
1534239615012700
1534239615013503
1534239615014592
1534239615015547
1534239615016534
1534239615016971
1534239615017293
1534239615017749
1534239615018002
1534239615511681
1534239615511699
1534239615511714
1534239615512227
1534239615513700
1534239615513905
1534239615514160
1534239615514396
1534239615514818
1534239615515102
1534239615515614
1534239615516097
1534239615516588
1534239615516684
1534239615516770
1534239616012249
1534239616012504
1534239616013040
1534239616013750
1534239616014141
1534239616014227
1534239616014457
1534239616014575
1534239616014765
1534239616015336
1534239616015829
1534239616016241
1534239616512425
1534239616512987
1534239616513502
1534239616513933
1534239616514582
1534239616514797
1534239616515152
1534239616515240
1534239616515443
1534239616515618
1534239616515698
1534239617012068
1534239617012895
1534239617013445
1534239617013931
1534239617014084
1534239617014577
1534239617015016
1534239617015461
1534239617015623
1534239617015703
1534239617015852
1534239617015915
1534239617015944
1534239617512812
1534239617513628
1534239617514232
1534239617514808
1534239617515232
1534239617515998
1534239617516485
1534239617516776
1534239617517027
1534239618012401
1534239618012565
1534239618012972
1534239618013317
1534239618014042
1534239618015212
1534239618015459
1534239618015947
1534239618016271
1534239618017011
1534239618017200
1534239618512539
1534239618513109
1534239618513604
1534239618513629
1534239618514335
1534239618514960
1534239618515084
1534239618515183
1534239618515263
1534239618515445
1534239618515535
1534239619014054
1534239619015258
1534239619016050
1534239619016684
1534239619017206
1534239619017256
1534239619017529
1534239619017601
1534239619017752
1534239619512398
1534239619512545
1534239619512921
1534239619513063
1534239619513298
1534239619514083
1534239619514899
1534239619515114
1534239619515255
1534239619515597
1534239619515802
1534239619515867
1534239620012493
1534239620014198
1534239620014573
1534239620015170
1534239620015682
1534239620016081
1534239620016772
1534239620017004
1534239620017115
1534239620017675
1534239620512772
1534239620513150
1534239620513592
1534239620513800
1534239620514331
1534239620514460
1534239620514514
1534239620514640
1534239620514768
1534239620515813
1534239620515945
1534239620516055
1534239621012297
1534239621012779
1534239621012946
1534239621013173
1534239621013336
1534239621013628
1534239621013836
1534239621014278
1534239621014537
1534239621014638
1534239621014718
1534239621014878
1534239621016233
1534239621016644
1534239621016786
1534239621016891
1534239621514503
1534239621514598
1534239621515373
1534239621516001
1534239621516576
1534239621516895
1534239621517230
1534239621517402
1534239621517784
