1534239522499051
1534239522499087
1534239522499108
1534239522499126
1534239522499145
1534239522499164
1534239522499183
1534239522499203
1534239522499379
1534239522499391
1534239522995641
1534239522996705
1534239522997488
1534239522997669
1534239522997851
1534239522998106
1534239522998160
1534239522998435
1534239522998518
1534239522998529
1534239523497146
1534239523497181
1534239523497588
1534239523497658
1534239523497799
1534239523497899
1534239523497924
1534239523498240
1534239523498288
1534239523498300
1534239523996881
1534239523997344
1534239523997763
1534239523998224
1534239523998584
1534239523998678
1534239523998905
1534239523999011
1534239523999060
1534239523999070
1534239524496414
1534239524496810
1534239524497026
1534239524497422
1534239524497706
1534239524498122
1534239524498334
1534239524498410
1534239524498773
1534239524996270
1534239524996297
1534239524996511
1534239524997418
1534239524997527
1534239524998761
1534239524998830
1534239524999140
1534239524999210
1534239524999221
1534239525496529
1534239525496996
1534239525497343
1534239525497948
1534239525498461
1534239525498786
1534239525498809
1534239525498827
1534239525498839
1534239525498847
1534239525997334
1534239525997362
1534239525997383
1534239525997403
1534239525997421
1534239525997442
1534239525998424
1534239525998490
1534239525998508
1534239526496888
1534239526497246
1534239526497452
1534239526498037
1534239526498484
1534239526498752
1534239526498883
1534239526499032
1534239526499091
1534239526499102
1534239526995904
1534239526996591
1534239526996626
1534239526997351
1534239526997665
1534239526999556
1534239526999938
1534239527000143
1534239527000161
1534239527000171
1534239527497006
1534239527497058
1534239527497691
1534239527497715
1534239527497734
1534239527498267
1534239527498290
1534239527498365
1534239527498400
1534239527498413
1534239527996830
1534239527997645
1534239527997670
1534239527997689
1534239527998126
1534239527998149
1534239527998391
1534239527998413
1534239527998662
1534239527998674
1534239528496644
1534239528497134
1534239528497952
1534239528497986
1534239528498686
1534239528499036
1534239528499336
1534239528499358
1534239528499480
1534239528499490
1534239528997209
1534239528997504
1534239528998089
1534239528998740
1534239528998903
1534239528999380
1534239528999489
1534239528999669
1534239528999734
1534239528999745
1534239529497316
1534239529497346
1534239529497781
1534239529498028
1534239529498173
1534239529498435
1534239529498836
1534239529498865
1534239529498882
1534239529498892
1534239529997164
1534239529997814
1534239529998511
1534239529998626
1534239529998925
1534239529999363
1534239529999503
1534239529999739
1534239529999834
1534239529999845
1534239530496697
1534239530496815
1534239530496944
1534239530497716
1534239530498019
1534239530498736
1534239530498910
1534239530500415
1534239530500466
1534239530500478
1534239530996812
1534239530997789
1534239530998550
1534239530998578
1534239530998599
1534239530998619
1534239530998640
1534239530998661
1534239530998675
1534239530998685
1534239531496558
1534239531497740
1534239531498273
1534239531498744
1534239531499423
1534239531499447
1534239531500390
1534239531500481
1534239531500523
1534239531500534
1534239531997293
1534239531997862
1534239531998279
1534239531998784
1534239531999323
1534239531999689
1534239531999955
1534239532000056
1534239532000230
1534239532000243
1534239532498893
1534239532498922
1534239532499487
1534239532500179
1534239532500207
1534239532500226
1534239532500244
1534239532500265
1534239532500286
1534239532500297
1534239532997833
1534239532998469
1534239532998847
1534239532999068
1534239532999280
1534239532999386
1534239532999589
1534239532999655
1534239532999718
1534239532999733
1534239533498213
1534239533498251
1534239533498279
1534239533498300
1534239533498320
1534239533499622
1534239533499653
1534239533500128
1534239533500430
1534239533500443
1534239533998114
1534239533998272
1534239533998907
1534239533999148
1534239533999838
1534239533999995
1534239534000493
1534239534000638
1534239534000774
1534239534000786
1534239534497549
1534239534497797
1534239534497827
1534239534498388
1534239534498696
1534239534500311
1534239534500497
1534239534500629
1534239534500894
1534239534500906
1534239534997975
1534239534998506
1534239534998532
1534239534999287
1534239534999730
1534239535000003
1534239535000271
1534239535000330
1534239535000792
1534239535000803
1534239535498852
1534239535499110
1534239535499613
1534239535499989
1534239535500201
1534239535500465
1534239535500721
1534239535500883
1534239535500962
1534239535500972
1534239535998298
1534239535998568
1534239535998892
1534239535999145
1534239535999496
1534239536000190
1534239536000554
1534239536000828
1534239536001157
1534239536001167
1534239536500562
1534239536500591
1534239536500612
1534239536500633
1534239536500653
1534239536500674
1534239536500695
1534239536500714
1534239536500727
1534239536500736
1534239536998508
1534239536999008
1534239536999273
1534239536999606
1534239537000507
1534239537000852
1534239537001124
1534239537001322
1534239537001337
1534239537001345
1534239537498681
1534239537498955
1534239537498978
1534239537499926
1534239537500285
1534239537500313
1534239537500375
1534239537500493
1534239537500892
1534239537500904
1534239537998719
1534239537999089
1534239537999531
1534239537999819
1534239538000085
1534239538000524
1534239538000900
1534239538001223
1534239538001239
1534239538001248
1534239538498820
1534239538498895
1534239538498919
1534239538499715
1534239538500658
1534239538500978
1534239538501151
1534239538501239
1534239538501324
1534239538501340
1534239538999085
1534239538999168
1534239538999530
1534239538999555
1534239538999576
1534239539000486
1534239539000610
1534239539001568
1534239539001666
1534239539001681
1534239539498896
1534239539499658
1534239539500219
1534239539500392
1534239539501023
1534239539501374
1534239539501440
1534239539501526
1534239539501582
1534239539501594
1534239539998583
1534239539999294
1534239539999321
1534239540000129
1534239540000157
1534239540000179
1534239540000198
1534239540000358
1534239540000621
1534239540000634
1534239540498140
1534239540498722
1534239540499027
1534239540499334
1534239540499427
1534239540500560
1534239540500646
1534239540501508
1534239540501647
1534239540501661
1534239540998871
1534239540999044
1534239540999220
1534239540999823
1534239541000155
1534239541000504
1534239541000695
1534239541000894
1534239541000909
1534239541000919
1534239541501201
1534239541501368
1534239541501802
1534239541501924
1534239541502364
1534239541502610
1534239541502958
1534239541503121
1534239541503135
1534239541503144
1534239541999433
1534239541999460
1534239541999563
1534239542000672
1534239542001300
1534239542001714
1534239542001909
1534239542002004
1534239542002099
1534239542002110
1534239542499480
1534239542500154
1534239542500590
1534239542500932
1534239542501337
1534239542501687
1534239542501883
1534239542502038
1534239542502106
1534239542502117
1534239542999028
1534239543000163
1534239543000189
1534239543000718
1534239543001000
1534239543001214
1534239543001518
1534239543001647
1534239543001964
1534239543001976
1534239543499628
1534239543499780
1534239543499911
1534239543500190
1534239543501185
1534239543501325
1534239543501413
1534239543502186
1534239543502309
1534239543502320
1534239543998653
1534239544000474
1534239544001092
1534239544002286
1534239544002412
1534239544002526
1534239544002717
1534239544002850
1534239544002989
1534239544003001
1534239544501435
1534239544501459
1534239544501480
1534239544501499
1534239544501518
1534239544501537
1534239544501728
1534239544502310
1534239544502504
1534239544502515
1534239544999510
1534239544999892
1534239545000269
1534239545000889
1534239545001286
1534239545001400
1534239545001793
1534239545001839
1534239545001903
1534239545001914
1534239545500020
1534239545500421
1534239545500810
1534239545500943
1534239545501554
1534239545501767
1534239545501801
1534239545501975
1534239545502061
1534239545502073
1534239545999908
1534239545999937
1534239545999960
1534239546000479
1534239546001053
1534239546001512
1534239546001538
1534239546001635
1534239546001791
1534239546001809
1534239546500211
1534239546500240
1534239546500262
1534239546500283
1534239546500415
1534239546501331
1534239546501638
1534239546502457
1534239546502742
1534239546502755
1534239546999566
1534239547000196
1534239547000586
1534239547000912
1534239547001370
1534239547001521
1534239547001749
1534239547002165
1534239547002271
1534239547002282
1534239547500122
1534239547500722
1534239547501337
1534239547501547
1534239547501645
1534239547501863
1534239547502116
1534239547502485
1534239547502622
1534239547502636
1534239548000555
1534239548001255
1534239548002398
1534239548002568
1534239548003217
1534239548003565
1534239548003599
1534239548003621
1534239548003636
1534239548003646
1534239548500566
1534239548500599
1534239548503984
1534239548504013
1534239548504043
1534239548504067
1534239548504090
1534239548505016
1534239548505033
1534239548505044
1534239549002171
1534239549002680
1534239549002968
1534239549003504
1534239549003530
1534239549004029
1534239549004056
1534239549004504
1534239549004531
1534239549004541
1534239549500594
1534239549500720
1534239549501750
1534239549501842
1534239549501931
1534239549502975
1534239549503194
1534239549504258
1534239549504480
1534239549504494
1534239550000959
1534239550002416
1534239550003327
1534239550003432
1534239550003864
1534239550003892
1534239550004533
1534239550005199
1534239550005279
1534239550005295
1534239550500371
1534239550500516
1534239550500597
1534239550503217
1534239550503985
1534239550504149
1534239550504356
1534239550504428
1534239550504515
1534239550504527
1534239551001173
1534239551001206
1534239551001232
1534239551001536
1534239551002026
1534239551003164
1534239551003232
1534239551003662
1534239551003796
1534239551003809
1534239551503546
1534239551503580
1534239551503605
1534239551503967
1534239551504480
1534239551504632
1534239551504707
1534239551504786
1534239551504963
1534239551504980
1534239552000732
1534239552000834
1534239552001328
1534239552002296
1534239552003047
1534239552003803
1534239552004099
1534239552004258
1534239552004288
1534239552004299
1534239552502234
1534239552502933
1534239552503274
1534239552503742
1534239552504206
1534239552504584
1534239552504789
1534239552505315
1534239552505513
1534239552505527
1534239553001361
1534239553002096
1534239553002483
1534239553003229
1534239553003632
1534239553003870
1534239553004003
1534239553004254
1534239553004332
1534239553004345
1534239553502706
1534239553503392
1534239553503658
1534239553503996
1534239553504695
1534239553504976
1534239553505298
1534239553505523
1534239553505579
1534239553505591
1534239554001917
1534239554001949
1534239554001987
1534239554003219
1534239554003662
1534239554005093
1534239554005174
1534239554006652
1534239554006846
1534239554006860
1534239554501505
1534239554501536
1534239554501558
1534239554502577
1534239554503004
1534239554503486
1534239554503834
1534239554504590
1534239554504709
1534239554504722
1534239555000801
1534239555001513
1534239555001745
1534239555003047
1534239555004449
1534239555005193
1534239555005511
1534239555005590
1534239555005608
1534239555501883
1534239555502473
1534239555503152
1534239555504169
1534239555504648
1534239555505348
1534239555505519
1534239555505787
1534239555505804
1534239555505814
1534239556003485
1534239556003517
1534239556005032
1534239556005058
1534239556005080
1534239556005101
1534239556005122
1534239556005566
1534239556005614
1534239556005625
1534239556501145
1534239556501508
1534239556501681
1534239556503874
1534239556504274
1534239556504577
1534239556504844
1534239556505118
1534239556505399
1534239556505413
1534239557001331
1534239557002743
1534239557003199
1534239557003727
1534239557004159
1534239557004568
1534239557004592
1534239557004859
1534239557004877
1534239557004887
1534239557501728
1534239557502279
1534239557502307
1534239557503649
1534239557504231
1534239557504841
1534239557505349
1534239557505666
1534239557506223
1534239557506242
1534239558005326
1534239558005358
1534239558005382
1534239558005406
1534239558005429
1534239558005451
1534239558005477
1534239558005502
1534239558005517
1534239558005527
1534239558506431
1534239558506464
1534239558506486
1534239558506513
1534239558506539
1534239558506564
1534239558506601
1534239558506624
1534239558506640
1534239558506650
1534239559002299
1534239559002710
1534239559003069
1534239559003143
1534239559004335
1534239559004777
1534239559005074
1534239559005210
1534239559005286
1534239559005298
1534239559501521
1534239559501931
1534239559502401
1534239559502791
1534239559503185
1534239559504571
1534239559505452
1534239559505688
1534239559505926
1534239559505938
1534239560004106
1534239560004149
1534239560004183
1534239560004206
1534239560004228
1534239560004249
1534239560004274
1534239560006271
1534239560006292
1534239560006301
1534239560502939
1534239560503345
1534239560503853
1534239560504163
1534239560504674
1534239560505433
1534239560505556
1534239560505726
1534239560505863
1534239560505875
1534239561002389
1534239561002569
1534239561002932
1534239561004118
1534239561004323
1534239561004458
1534239561004769
1534239561006215
1534239561006692
1534239561006705
1534239561503352
1534239561504037
1534239561504536
1534239561504765
1534239561504929
1534239561505054
1534239561505267
1534239561505397
1534239561505414
1534239562003084
1534239562003657
1534239562004123
1534239562004952
1534239562004979
1534239562005003
1534239562005541
1534239562005871
1534239562006371
1534239562006386
1534239562502893
1534239562503377
1534239562503888
1534239562504463
1534239562504793
1534239562505798
1534239562505825
1534239562505847
1534239562506095
1534239562506113
1534239563004027
1534239563004343
1534239563005117
1534239563005450
1534239563005810
1534239563006322
1534239563006635
1534239563006845
1534239563006863
1534239563006874
1534239563504259
1534239563504293
1534239563504884
1534239563505504
1534239563505749
1534239563506052
1534239563506286
1534239563506482
1534239563506624
1534239563506637
1534239564003590
1534239564003704
1534239564004862
1534239564005572
1534239564006316
1534239564006977
1534239564007314
1534239564007488
1534239564007548
1534239564007561
1534239564503433
1534239564504038
1534239564504385
1534239564504807
1534239564504985
1534239564505231
1534239564505403
1534239564505544
1534239564505631
1534239564505644
1534239565004011
1534239565004384
1534239565004741
1534239565005011
1534239565005534
1534239565005796
1534239565006067
1534239565006217
1534239565006303
1534239565006317
1534239565503227
1534239565504178
1534239565504542
1534239565505643
1534239565506110
1534239565506142
1534239565507287
1534239565507570
1534239565507589
1534239566003343
1534239566004361
1534239566004721
1534239566005378
1534239566005756
1534239566006118
1534239566006255
1534239566008488
1534239566008510
1534239566008520
1534239566504313
1534239566504491
1534239566505170
1534239566505730
1534239566506153
1534239566506381
1534239566506506
1534239566506606
1534239566506683
1534239566506697
1534239567004100
1534239567004664
1534239567005194
1534239567006104
1534239567006624
1534239567006871
1534239567007033
1534239567007142
1534239567007249
1534239567007273
1534239567503385
1534239567504782
1534239567504913
1534239567506545
1534239567506980
1534239567507015
1534239567507690
1534239567509060
1534239567509203
1534239567509218
1534239568004208
1534239568004876
1534239568005429
1534239568005631
1534239568006201
1534239568007374
1534239568007859
1534239568007883
1534239568007897
1534239568007906
1534239568504429
1534239568505043
1534239568505745
1534239568506283
1534239568506536
1534239568506887
1534239568507589
1534239568507744
1534239568507801
1534239568507813
1534239569004718
1534239569004921
1534239569005203
1534239569005604
1534239569006007
1534239569006313
1534239569006568
1534239569006595
1534239569006722
1534239569503989
1534239569504025
1534239569504626
1534239569505026
1534239569505756
1534239569507180
1534239569507399
1534239569507605
1534239569507766
1534239569507778
1534239570004891
1534239570004925
1534239570004948
1534239570006680
1534239570006761
1534239570008058
1534239570008140
1534239570009209
1534239570009447
1534239570009460
1534239570505643
1534239570505676
1534239570505698
1534239570506327
1534239570506403
1534239570506658
1534239570506819
1534239570507204
1534239570507286
1534239570507298
1534239571004903
1534239571004938
1534239571005094
1534239571005125
1534239571005491
1534239571005686
1534239571006247
1534239571006334
1534239571006475
1534239571006489
1534239571504025
1534239571504349
1534239571504447
1534239571506851
1534239571507387
1534239571507565
1534239571508141
1534239571508561
1534239571508779
1534239571508793
1534239572007161
1534239572007191
1534239572007216
1534239572007240
1534239572007263
1534239572007286
1534239572007309
1534239572009276
1534239572009335
1534239572009348
1534239572503811
1534239572504606
1534239572504805
1534239572505944
1534239572506381
1534239572506769
1534239572506967
1534239572507249
1534239572507268
1534239572507279
1534239573004525
1534239573004700
1534239573004988
1534239573006380
1534239573006447
1534239573008160
1534239573008600
1534239573008676
1534239573009048
1534239573009061
1534239573504217
1534239573505667
1534239573507056
1534239573507808
1534239573508194
1534239573508404
1534239573508778
1534239573508954
1534239573509251
1534239573509264
1534239574005298
1534239574005855
1534239574006478
1534239574006856
1534239574007391
1534239574007804
1534239574008589
1534239574009006
1534239574009230
1534239574009250
1534239574505518
1534239574505833
1534239574506173
1534239574506572
1534239574506873
1534239574507283
1534239574507449
1534239574507639
1534239574507700
1534239574507716
1534239575005074
1534239575005416
1534239575005584
1534239575006338
1534239575007004
1534239575007544
1534239575007773
1534239575008235
1534239575008521
1534239575008534
1534239575505698
1534239575506445
1534239575506928
1534239575507238
1534239575507822
1534239575508212
1534239575508506
1534239575508733
1534239575509126
1534239575509145
1534239576006931
1534239576006969
1534239576006999
1534239576007249
1534239576007473
1534239576009314
1534239576009339
1534239576009359
1534239576009377
1534239576009388
1534239576506649
1534239576506681
1534239576506703
1534239576507186
1534239576507627
1534239576508031
1534239576508346
1534239576509239
1534239576509260
1534239576509271
1534239577005950
1534239577006055
1534239577006977
1534239577007753
1534239577008244
1534239577008767
1534239577009025
1534239577009251
1534239577009358
1534239577009374
1534239577505696
1534239577506367
1534239577506712
1534239577508312
1534239577508341
1534239577508365
1534239577508758
1534239577508783
1534239577509066
1534239577509086
1534239578009208
1534239578009236
1534239578009259
1534239578009282
1534239578009304
1534239578009325
1534239578009347
1534239578011266
1534239578011330
1534239578011343
1534239578505702
1534239578506794
1534239578506824
1534239578507708
1534239578508575
1534239578509474
1534239578509832
1534239578509894
1534239578510151
1534239578510170
1534239579006188
1534239579006819
1534239579007500
1534239579007631
1534239579008163
1534239579008510
1534239579008619
1534239579008651
1534239579008806
1534239579008821
1534239579505924
1534239579506252
1534239579506372
1534239579507841
1534239579508103
1534239579510092
1534239579510272
1534239579511627
1534239579512399
1534239579512414
1534239580006877
1534239580007477
1534239580007965
1534239580007997
1534239580008542
1534239580008829
1534239580008859
1534239580008932
1534239580009160
1534239580009171
1534239580506074
1534239580506516
1534239580506697
1534239580507414
1534239580507441
1534239580509863
1534239580510039
1534239580510101
1534239580510214
1534239580510228
1534239581007916
1534239581007947
1534239581008155
1534239581008647
1534239581008674
1534239581008777
1534239581008935
1534239581008991
1534239581009233
1534239581009246
1534239581506222
1534239581506559
1534239581506794
1534239581507144
1534239581507503
1534239581509797
1534239581510142
1534239581510411
1534239581510941
1534239581510954
1534239582007129
1534239582008193
1534239582008990
1534239582010093
1534239582010124
1534239582010522
1534239582010560
1534239582010773
1534239582011491
1534239582011505
1534239582506010
1534239582506349
1534239582506821
1534239582507289
1534239582508477
1534239582509026
1534239582509366
1534239582509709
1534239582509727
1534239582509737
1534239583006800
1534239583007405
1534239583008198
1534239583008473
1534239583008875
1534239583009356
1534239583009395
1534239583009598
1534239583010145
1534239583010159
1534239583507536
1534239583508616
1534239583509064
1534239583509414
1534239583509872
1534239583510072
1534239583510569
1534239583510890
1534239583510911
1534239583510922
1534239584006881
1534239584007544
1534239584008162
1534239584008438
1534239584009022
1534239584009601
1534239584009630
1534239584009712
1534239584009848
1534239584009863
1534239584506631
1534239584507144
1534239584508151
1534239584508760
1534239584509196
1534239584509535
1534239584510405
1534239584510488
1534239584510511
1534239584510528
1534239585007203
1534239585007904
1534239585008237
1534239585008609
1534239585009237
1534239585009502
1534239585009649
1534239585009776
1534239585009848
1534239585009862
1534239585507675
1534239585507706
1534239585507730
1534239585507752
1534239585507779
1534239585508015
1534239585508666
1534239585508962
1534239585509067
1534239585509081
1534239586011903
1534239586011933
1534239586011957
1534239586011983
1534239586012006
1534239586012028
1534239586012057
1534239586012078
1534239586012094
1534239586012106
1534239586506628
1534239586507054
1534239586507082
1534239586507577
1534239586508742
1534239586508986
1534239586509523
1534239586509763
1534239586509907
1534239586509921
1534239587006759
1534239587007565
1534239587007883
1534239587008240
1534239587009155
1534239587009886
1534239587009910
1534239587010374
1534239587010571
1534239587010588
1534239587509224
1534239587509251
1534239587509273
1534239587509296
1534239587509318
1534239587509339
1534239587509359
1534239587510683
1534239587510755
1534239587510774
1534239588007111
1534239588007146
1534239588007171
1534239588007728
1534239588008313
1534239588008970
1534239588009195
1534239588009220
1534239588009360
1534239588009373
1534239588509037
1534239588509067
1534239588509091
1534239588509115
1534239588509862
1534239588509888
1534239588511658
1534239588511688
1534239588511702
1534239588511712
1534239589007517
1534239589007855
1534239589008389
1534239589008831
1534239589009318
1534239589009811
1534239589010105
1534239589010272
1534239589010525
1534239589010541
1534239589507723
1534239589508264
1534239589508797
1534239589509393
1534239589509873
1534239589510297
1534239589511183
1534239589511212
1534239589511665
1534239589511681
1534239590009670
1534239590010038
1534239590010075
1534239590010100
1534239590010608
1534239590010636
1534239590010802
1534239590011082
1534239590011313
1534239590011325
1534239590508641
1534239590508675
1534239590508708
1534239590508738
1534239590508761
1534239590511076
1534239590511304
1534239590511408
1534239590511464
1534239590511477
1534239591008176
1534239591008667
1534239591009252
1534239591010048
1534239591010076
1534239591010370
1534239591010671
1534239591010751
1534239591010833
1534239591010845
1534239591507670
1534239591508885
1534239591509278
1534239591510640
1534239591511033
1534239591511552
1534239591512178
1534239591512422
1534239591512445
1534239592008904
1534239592009599
1534239592009854
1534239592010421
1534239592011176
1534239592011350
1534239592011505
1534239592011710
1534239592011852
1534239592011865
1534239592508538
1534239592509053
1534239592509760
1534239592510705
1534239592511160
1534239592511351
1534239592511689
1534239592512390
1534239592512482
1534239592512498
1534239593010211
1534239593010321
1534239593010870
1534239593011917
1534239593011951
1534239593012281
1534239593012467
1534239593012589
1534239593012688
1534239593012702
1534239593508485
1534239593508753
1534239593509596
1534239593509752
1534239593511019
1534239593511165
1534239593511496
1534239593511642
1534239593511694
1534239594007966
1534239594010227
1534239594010399
1534239594010905
1534239594011173
1534239594011552
1534239594011580
1534239594011907
1534239594012086
1534239594012102
1534239594509949
1534239594511809
1534239594511840
1534239594511865
1534239594512351
1534239594513026
1534239594513400
1534239594513429
1534239594513969
1534239594513986
1534239595009333
1534239595009922
1534239595010462
1534239595011034
1534239595011677
1534239595012146
1534239595012591
1534239595012937
1534239595013008
1534239595013026
1534239595510240
1534239595510274
1534239595510351
1534239595510911
1534239595511200
1534239595511697
1534239595512286
1534239595512518
1534239595512578
1534239595512592
1534239596010389
1534239596011003
1534239596011246
1534239596011825
1534239596012220
1534239596012569
1534239596013010
1534239596013085
1534239596013347
1534239596013366
1534239596509140
1534239596509811
1534239596510242
1534239596510271
1534239596510713
1534239596510881
1534239596511317
1534239596511421
1534239596511569
1534239596511584
1534239597009594
1534239597009623
1534239597010371
1534239597010404
1534239597010878
1534239597010909
1534239597011328
1534239597011357
1534239597011372
1534239597011386
1534239597509707
1534239597510277
1534239597510712
1534239597511209
1534239597511796
1534239597512174
1534239597512331
1534239597512411
1534239597512639
1534239597512655
1534239598010484
1534239598010637
1534239598011208
1534239598011619
1534239598012209
1534239598012439
1534239598012543
1534239598012701
1534239598012822
1534239598012835
1534239598509001
1534239598510397
1534239598511353
1534239598512555
1534239598513041
1534239598513068
1534239598513515
1534239598513545
1534239598513561
1534239599009194
1534239599009462
1534239599009492
1534239599011351
1534239599011731
1534239599011972
1534239599012038
1534239599013888
1534239599014339
1534239599014355
1534239599510426
1534239599510984
1534239599511544
1534239599512250
1534239599512557
1534239599513056
1534239599513521
1534239599514087
1534239599514286
1534239599514300
1534239600008999
1534239600010499
1534239600010793
1534239600010970
1534239600011210
1534239600012885
1534239600012961
1534239600014108
1534239600014165
1534239600014178
1534239600511367
1534239600511496
1534239600511676
1534239600511884
1534239600512098
1534239600512210
1534239600512247
1534239600513021
1534239600513174
1534239600513188
1534239601010949
1534239601011349
1534239601011754
1534239601012068
1534239601012386
1534239601012647
1534239601012762
1534239601012986
1534239601013076
1534239601013088
1534239601510446
1534239601510628
1534239601511232
1534239601511444
1534239601511611
1534239601512182
1534239601512929
1534239601513145
1534239601513209
1534239601513222
1534239602013304
1534239602013529
1534239602013953
1534239602014156
1534239602014776
1534239602014814
1534239602014936
1534239602015191
1534239602015211
1534239602510484
1534239602510662
1534239602511195
1534239602512222
1534239602512742
1534239602513114
1534239602513320
1534239602513690
1534239602513744
1534239602513764
1534239603010113
1534239603010435
1534239603010647
1534239603011073
1534239603011507
1534239603011675
1534239603011928
1534239603013921
1534239603014063
1534239603014078
1534239603510476
1534239603510889
1534239603511776
1534239603512307
1534239603512966
1534239603513220
1534239603513483
1534239603513554
1534239603513571
1534239603513581
1534239604010458
1534239604011257
1534239604011792
1534239604012192
1534239604012794
1534239604013175
1534239604013296
1534239604014776
1534239604014865
1534239604014877
1534239604510156
1534239604510265
1534239604510390
1534239604510971
1534239604511042
1534239604512638
1534239604512950
1534239604513122
1534239604513453
1534239604513469
1534239605009664
1534239605010206
1534239605011395
1534239605011577
1534239605011669
1534239605012815
1534239605013002
1534239605013973
1534239605014241
1534239605014254
1534239605510678
1534239605511206
1534239605511232
1534239605511628
1534239605511754
1534239605512003
1534239605512364
1534239605513056
1534239605513136
1534239605513148
1534239606010185
1534239606010570
1534239606010875
1534239606011895
1534239606012301
1534239606012657
1534239606012740
1534239606013733
1534239606013865
1534239606013877
1534239606510207
1534239606510498
1534239606510733
1534239606511642
1534239606512551
1534239606512858
1534239606513194
1534239606513354
1534239606513406
1534239606513416
1534239607011323
1534239607012097
1534239607012768
1534239607013348
1534239607013518
1534239607013758
1534239607013836
1534239607013952
1534239607014025
1534239607014038
1534239607511220
1534239607511892
1534239607512447
1534239607512838
1534239607512901
1534239607513512
1534239607513721
1534239607513745
1534239607513799
1534239607513811
1534239608015623
1534239608015657
1534239608015684
1534239608015708
1534239608015731
1534239608015754
1534239608015779
1534239608015810
1534239608015825
1534239608015835
1534239608511520
1534239608512249
1534239608512278
1534239608513264
1534239608514079
1534239608514397
1534239608514730
1534239608514796
1534239608514816
1534239609011656
1534239609012222
1534239609012626
1534239609012722
1534239609013144
1534239609013562
1534239609013702
1534239609013847
1534239609013993
1534239609014007
1534239609511536
1534239609512322
1534239609512488
1534239609513243
1534239609513266
1534239609513822
1534239609513989
1534239609514098
1534239609514233
1534239610011527
1534239610011685
1534239610011949
1534239610012492
1534239610014441
1534239610014725
1534239610014909
1534239610015081
1534239610015234
1534239610015246
1534239610510772
1534239610512879
1534239610513411
1534239610513989
1534239610514489
1534239610515121
1534239610515608
1534239610515636
1534239610515651
1534239610515661
1534239611011069
1534239611011880
1534239611011986
1534239611013043
1534239611013540
1534239611014720
1534239611015056
1534239611015153
1534239611015171
1534239611515146
1534239611515176
1534239611515199
1534239611515224
1534239611515249
1534239611515271
1534239611515291
1534239611515311
1534239611515324
1534239611515334
1534239612012515
1534239612013138
1534239612013606
1534239612013903
1534239612014128
1534239612014922
1534239612015173
1534239612015197
1534239612015211
1534239612015221
1534239612511935
1534239612513164
1534239612513759
1534239612514283
1534239612514807
1534239612514841
1534239612515229
1534239612515506
1534239612515568
1534239612515581
1534239613013360
1534239613013396
1534239613014031
1534239613014062
1534239613014085
1534239613015199
1534239613015755
1534239613016109
1534239613016180
1534239613016197
1534239613512748
1534239613512782
1534239613512813
1534239613516943
1534239613516979
1534239613517003
1534239613517028
1534239613517054
1534239613517070
1534239613517080
1534239614013358
1534239614013915
1534239614014901
1534239614015662
1534239614016268
1534239614016843
1534239614017118
1534239614017453
1534239614017476
1534239614017488
1534239614513565
1534239614515458
1534239614515490
1534239614516293
1534239614516322
1534239614516923
1534239614517776
1534239614518812
1534239614518836
1534239614518854
1534239615013065
1534239615013716
1534239615014790
1534239615015765
1534239615016776
1534239615017235
1534239615017670
1534239615017817
1534239615018114
1534239615018129
1534239615511815
1534239615512534
1534239615514020
1534239615514837
1534239615515525
1534239615516003
1534239615516374
1534239615516801
1534239615516821
1534239615516832
1534239616012297
1534239616012602
1534239616013911
1534239616014199
1534239616014283
1534239616014514
1534239616014855
1534239616015389
1534239616016302
1534239616016319
1534239616515839
1534239616515873
1534239616515898
1534239616515921
1534239616515947
1534239616515972
1534239616516002
1534239616516025
1534239616516040
1534239616516050
1534239617013071
1534239617013659
1534239617014248
1534239617014276
1534239617014648
1534239617015118
1534239617015975
1534239617016004
1534239617016019
1534239617016030
1534239617513016
1534239617513871
1534239617514519
1534239617515173
1534239617515668
1534239617516182
1534239617516521
1534239617516879
1534239617517303
1534239617517323
1534239618012749
1534239618013204
1534239618013621
1534239618015003
1534239618016098
1534239618016132
1534239618016569
1534239618017127
1534239618017220
1534239618017233
1534239618513576
1534239618514020
1534239618514934
1534239618515030
1534239618515145
1534239618515242
1534239618515296
1534239618515496
1534239618515554
1534239618515566
1534239619014158
1534239619015409
1534239619016139
1534239619016763
1534239619017370
1534239619017397
1534239619017655
1534239619017682
1534239619017807
1534239619017820
1534239619512582
1534239619513360
1534239619513391
1534239619515006
1534239619515511
1534239619515538
1534239619515632
1534239619515941
1534239619515958
1534239619515968
1534239620014762
1534239620014800
1534239620015407
1534239620016402
1534239620017038
1534239620017072
1534239620017357
1534239620017756
1534239620017778
1534239620017789
1534239620513213
1534239620513660
1534239620513853
1534239620514426
1534239620514498
1534239620514830
1534239620515856
1534239620516009
1534239620516094
1534239620516107
1534239621012340
1534239621013026
1534239621013414
1534239621013973
1534239621014671
1534239621014698
1534239621016729
1534239621016847
1534239621016909
1534239621016920
1534239621514552
1534239621514632
1534239621515677
1534239621516346
1534239621516875
1534239621517225
1534239621517265
1534239621517636
1534239621517843
1534239621517856
