1534239523498802
1534239523998596
1534239524498498
1534239524997555
1534239525498758
1534239525998845
1534239526498830
1534239527498738
1534239528999554
1534239529499133
1534239532500809
1534239533499316
1534239534000211
1534239536000001
1534239536501443
1534239537000145
1534239537500407
1534239538000443
1534239538500421
1534239539000329
1534239541000833
1534239541502930
1534239542001247
1534239544502636
1534239545001137
1534239545501938
1534239546502578
1534239551003660
1534239551505345
1534239554504124
1534239558006600
1534239558507321
1534239559004062
1534239560005778
1534239560505377
1534239563506144
1534239566506514
1534239572008975
1534239574507613
1534239575007511
1534239576009215
1534239576508935
1534239578010689
1534239581009790
1534239585509672
1534239587510475
1534239588009511
1534239588511087
1534239589010083
1534239590011828
1534239590510520
1534239595512553
1534239597011734
1534239598012805
1534239600513509
1534239601512788
1534239602014756
1534239608016534
1534239613015671
1534239616517544
