1534167557515868
1534167558015936
1534167558516001
1534167559016069
1534167559516134
1534167560016202
1534167560516271
1534167561016341
1534167561516410
1534167562016482
1534167562516551
1534167563016634
1534167563516701
1534167564016773
1534167564516845
1534167565516977
1534167566017055
1534167566517123
1534167567017190
1534167567517262
1534167568017360
1534167569017494
1534167569517562
1534167570017629
1534167570517710
1534167571017780
1534167571517851
1534167572017920
1534167572517993
1534167573018062
1534167573518129
1534167574018206
1534167574518276
1534167575018343
1534167575518422
1534167576018492
1534167576518563
1534167577018632
1534167578018784
1534167578518852
1534167579018919
1534167579518988
1534167580019056
1534167580519134
1534167581019214
1534167581519284
1534167582019360
1534167582519430
1534167583019497
1534167583519580
1534167584019648
1534167584519716
1534167585019786
1534167585519857
1534167586019926
1534167586519999
1534167587020082
1534167587520147
1534167588520282
1534167589020352
1534167589520422
1534167590020498
1534167590520564
1534167591020632
1534167591520698
1534167592020761
1534167592520833
1534167593020901
1534167593520966
1534167594521092
1534167595021153
1534167595521214
1534167596021276
1534167596521342
1534167597021414
1534167597521483
1534167598021564
1534167598521643
1534167599021711
1534167599521790
1534167600021863
1534167600521939
1534167601022012
1534167602522237
1534167603022304
1534167603522372
1534167604522515
1534167605522648
1534167606022718
1534167606522786
1534167607022855
1534167607522927
1534167608022994
1534167608523071
1534167609023137
1534167609523218
1534167610023284
1534167610523355
1534167611523491
1534167612023558
1534167613023707
1534167613523774
1534167614023842
1534167614523909
1534167615023995
1534167615524063
1534167616024130
1534167616524198
1534167617024266
1534167617524334
1534167618024410
1534167618524483
1534167619024546
1534167619524607
1534167620524746
1534167621024819
1534167621524886
1534167622024960
1534167622525033
1534167623025100
1534167623525172
1534167624025234
1534167624525295
1534167625025366
1534167625525432
1534167626025493
1534167626525559
1534167627025647
1534167627525715
1534167628025784
1534167628525854
1534167629025921
1534167629525991
1534167630026065
1534167630526136
1534167631026206
1534167631526274
1534167632026363
1534167632526432
1534167633026500
1534167633526568
1534167634526702
1534167635026769
1534167635526836
1534167636026911
1534167636526978
1534167637527121
1534167638027189
1534167638527264
1534167639027341
1534167639527409
1534167640027489
1534167640527567
1534167641527717
1534167642027787
1534167642527847
1534167643027922
1534167643527994
1534167644028061
1534167644528136
1534167645028205
1534167645528270
1534167646028343
1534167646528414
1534167647028488
1534167647528558
1534167648028634
1534167648528706
1534167649028773
1534167649528851
1534167650028928
1534167650529000
1534167651029079
1534167651529151
1534167652029216
1534167653029342
1534167653529406
1534167654029470
1534167654529531
1534167655029591
1534167655529652
1534167656029712
