1534167557016791
1534167557016913
1534167557516277
1534167557516363
1534167558016432
1534167558016538
1534167558516503
1534167558516652
1534167559016685
1534167559016769
1534167559516591
1534167559516698
1534167559516739
1534167560016603
1534167560016737
1534167560516739
1534167560516889
1534167561016977
1534167561017063
1534167561516874
1534167561517002
1534167562016901
1534167562016966
1534167562017031
1534167562517075
1534167562517174
1534167563017023
1534167563017077
1534167563517180
1534167563517260
1534167564017294
1534167564017389
1534167564517292
1534167564517477
1534167565017355
1534167565017481
1534167565517364
1534167565517531
1534167565517648
1534167566017413
1534167566017581
1534167566517652
1534167566517683
1534167566517763
1534167567017653
1534167567017790
1534167567517759
1534167567517831
1534167568017863
1534167568017972
1534167568518042
1534167568518077
1534167568518149
1534167569017998
1534167569018055
1534167569018073
1534167569018154
1534167569518127
1534167569518186
1534167570018097
1534167570018162
1534167570518242
1534167570518300
1534167571018309
1534167571018390
1534167571018405
1534167571518308
1534167571518386
1534167572018441
1534167572018527
1534167572518566
1534167572518657
1534167573018558
1534167573018575
1534167573018664
1534167573518689
1534167573518767
1534167574018900
1534167574018954
1534167574518765
1534167574518856
1534167575018783
1534167575019014
1534167575019104
1534167575518986
1534167575519082
1534167576019116
1534167576019200
1534167576519126
1534167576519203
1534167577019150
1534167577019184
1534167577019238
1534167577519204
1534167577519324
1534167578019303
1534167578019333
1534167578019397
1534167578519341
1534167578519386
1534167578519539
1534167579019438
1534167579019536
1534167579519456
1534167579519478
1534167579519583
1534167579519591
1534167579519603
1534167580019553
1534167580019634
1534167580519664
1534167580519776
1534167581019704
1534167581019802
1534167581519618
1534167581519689
1534167581519835
1534167582019909
1534167582020014
1534167582519982
1534167582520086
1534167583019954
1534167583020046
1534167583520138
1534167583520224
1534167584020186
1534167584020285
1534167584520266
1534167584520387
1534167585020140
1534167585020289
1534167585520420
1534167585520528
1534167586020442
1534167586020507
1534167586020537
1534167586520374
1534167586520657
1534167587020434
1534167587020743
1534167587520615
1534167587520711
1534167588020685
1534167588020804
1534167588520730
1534167588520829
1534167589020791
1534167589020843
1534167589520830
1534167589521164
1534167590020879
1534167590021061
1534167590521064
1534167590521094
1534167590521159
1534167591021089
1534167591021172
1534167591521160
1534167591521281
1534167592021259
1534167592021375
1534167592521239
1534167592521288
1534167593021383
1534167593021486
1534167593521424
1534167593521527
1534167594021507
1534167594021587
1534167594521430
1534167594521625
1534167595021562
1534167595021696
1534167595521690
1534167595521721
1534167595521794
1534167596021698
1534167596021782
1534167596521829
1534167596521912
1534167597021853
1534167597022107
1534167597522154
1534167597522217
1534167598022023
1534167598022192
1534167598522174
1534167598522319
1534167599022353
1534167599022420
1534167599522407
1534167599522501
1534167600022435
1534167600022534
1534167600522453
1534167600522483
1534167600522560
1534167601022516
1534167601022609
1534167601522414
1534167601522552
1534167601522738
1534167602022544
1534167602022760
1534167602522815
1534167602522910
1534167603022893
1534167603022972
1534167603522911
1534167603523022
1534167604022970
1534167604023049
1534167604523078
1534167604523124
1534167605022991
1534167605023071
1534167605523048
1534167605523283
1534167606023240
1534167606023360
1534167606023383
1534167606523188
1534167606523370
1534167607023390
1534167607023443
1534167607523295
1534167607523580
1534167608023446
1534167608023542
1534167608523796
1534167608523875
1534167609023436
1534167609023457
1534167609023797
1534167609523641
1534167609523761
1534167610023611
1534167610023790
1534167610523849
1534167610523888
1534167610523895
1534167610523916
1534167611023901
1534167611024054
1534167611524017
1534167611524142
1534167612024106
1534167612024170
1534167612524197
1534167612524253
1534167613024133
1534167613024269
1534167613524176
1534167613524331
1534167614024206
1534167614024410
1534167614524443
1534167614524582
1534167615024375
1534167615024427
1534167615524481
1534167615524681
1534167616024795
1534167616024871
1534167616524537
1534167616524717
1534167617024796
1534167617024828
1534167617024905
1534167617524918
1534167617524958
1534167617525019
1534167618025009
1534167618025111
1534167618524853
1534167618524926
1534167619024983
1534167619025009
1534167619025091
1534167619525062
1534167619525170
1534167620025191
1534167620025294
1534167620525240
1534167620525336
1534167621025353
1534167621025453
1534167621525500
1534167621525576
1534167622025494
1534167622025599
1534167622525612
1534167622525697
1534167623025668
1534167623025726
1534167623525539
1534167623525684
1534167624025651
1534167624025681
1534167624025762
1534167624525761
1534167624525875
1534167624525894
1534167625025924
1534167625025990
1534167625525795
1534167625526013
1534167626026006
1534167626026112
1534167626525924
1534167626526028
1534167627026104
1534167627026283
1534167627526237
1534167627526355
1534167628026211
1534167628026458
1534167628526375
1534167628526488
1534167629026506
1534167629026579
1534167629526509
1534167629526562
1534167630026520
1534167630026594
1534167630526688
1534167630526787
1534167631026872
1534167631026936
1534167631526810
1534167631526926
1534167632026932
1534167632026963
1534167632027028
1534167632526947
1534167632527045
1534167633027265
1534167633027350
1534167633526927
1534167633527181
1534167634027119
1534167634027230
1534167634527244
1534167634527335
1534167635027331
1534167635027426
1534167635527361
1534167635527409
1534167636027431
1534167636027532
1534167636527427
1534167636527648
1534167637027626
1534167637027694
1534167637527769
1534167637527821
1534167638027671
1534167638027810
1534167638527836
1534167638527867
1534167638527944
1534167639027845
1534167639028033
1534167639028099
1534167639527955
1534167639528067
1534167640028016
1534167640028165
1534167640528202
1534167640528244
1534167641028055
1534167641028084
1534167641028134
1534167641528111
1534167641528220
1534167641528336
1534167642028339
1534167642028459
1534167642528335
1534167642528424
1534167643028327
1534167643028530
1534167643528547
1534167643528569
1534167643528659
1534167644028576
1534167644028647
1534167644528689
1534167644528814
1534167645028786
1534167645028871
1534167645528566
1534167645528800
1534167646028825
1534167646028913
1534167646528839
1534167646529061
1534167647029020
1534167647029151
1534167647529117
1534167647529153
1534167647529241
1534167648029140
1534167648029225
1534167648529332
1534167648529392
1534167649029291
1534167649029402
1534167649529375
1534167649529405
1534167649529507
1534167650029264
1534167650029563
1534167650529446
1534167650529604
1534167650529622
1534167651029666
1534167651029714
1534167651529623
1534167651529696
1534167652029760
1534167652029870
1534167652529720
1534167652529821
1534167653029758
1534167653029828
1534167653029911
1534167653529906
1534167653529947
1534167654029938
1534167654029994
1534167654530016
1534167654530080
1534167655030058
1534167655030189
1534167655530108
1534167655530173
1534167655530190
1534167655530268
1534167656030175
1534167656030270
