1534167557516745
1534167558017037
1534167558517301
1534167559017282
1534167559517100
1534167560017139
1534167560517457
1534167561017644
1534167561517324
1534167562017767
1534167562517579
1534167563017626
1534167563517817
1534167564017877
1534167564517830
1534167565517918
1534167566017879
1534167566518288
1534167567018215
1534167567518278
1534167568018470
1534167569018451
1534167569518644
1534167570018690
1534167570518883
1534167571018810
1534167571518864
1534167572018968
1534167572519239
1534167573019070
1534167573519353
1534167574019560
1534167574519349
1534167575019338
1534167575519473
1534167576019657
1534167576519592
1534167577019659
1534167578019792
1534167578519938
1534167579019999
1534167579519934
1534167580020113
1534167580520314
1534167581020245
1534167581520430
1534167582020484
1534167582520427
1534167583020475
1534167583520794
1534167584020739
1534167584520793
1534167585020703
1534167585521021
1534167586021215
1534167586520899
1534167587020984
1534167587521145
1534167588521238
1534167589021682
1534167589521390
1534167590021427
1534167590521604
1534167591021657
1534167591521848
1534167592021788
1534167592521744
1534167593022061
1534167593521952
1534167594521960
1534167595022004
1534167595522313
1534167596022157
1534167596522441
1534167597022379
1534167597522799
1534167598022736
1534167598522689
1534167599022992
1534167599522913
1534167600022963
1534167600522922
1534167601023088
1534167602523519
1534167603023442
1534167603523386
1534167604523748
1534167605523628
1534167606023800
1534167606523750
1534167607023921
1534167607523850
1534167608024025
1534167608524342
1534167609023931
1534167609524211
1534167610024399
1534167610524578
1534167611524566
1534167612024622
1534167613024646
1534167613524697
1534167614024867
1534167614525167
1534167615024852
1534167615525162
1534167616025392
1534167616525066
1534167617025478
1534167617525534
1534167618025462
1534167618525520
1534167619025565
1534167619525542
1534167620525758
1534167621025937
1534167621526248
1534167622026059
1534167622526113
1534167623026186
1534167623526106
1534167624026190
1534167624526224
1534167625026653
1534167625526363
1534167626026515
1534167626526451
1534167627026782
1534167627526818
1534167628026783
1534167628526851
1534167629027123
1534167629527079
1534167630027272
1534167630527168
1534167631027515
1534167631527287
1534167632027462
1534167632527416
1534167633027843
1534167633527652
1534167634527791
1534167635028068
1534167635527874
1534167636028083
1534167636528002
1534167637528424
1534167638028172
1534167638528479
1534167639028425
1534167639528478
1534167640028532
1534167640528875
1534167641528583
1534167642029021
1534167642528870
1534167643028922
1534167643529067
1534167644029164
1534167644529316
1534167645029247
1534167645529074
1534167646029490
1534167646529433
1534167647029605
1534167647529656
1534167648029726
1534167648530043
1534167649029848
1534167649529906
1534167650029736
1534167650530008
1534167651030352
1534167651530134
1534167652030437
1534167653030296
1534167653530615
1534167654030455
1534167654530607
1534167655030561
1534167655530634
1534167656030671
