1532010615714578
1532010616214655
1532010616714732
1532010617214809
1532010617714877
1532010618214963
1532010618715042
1532010619215113
1532010619715184
1532010620215257
1532010620715328
1532010621715479
1532010622215551
1532010622715620
1532010623215691
1532010623715762
1532010624215833
1532010624715915
1532010625215988
1532010625716067
1532010626216138
1532010626716208
1532010627216281
1532010627716373
1532010628216444
1532010628716527
1532010629216608
1532010629716687
1532010630216782
1532010630716861
1532010631216941
1532010631717032
1532010632217117
1532010632717216
1532010633217290
1532010633717392
1532010634217477
1532010634717555
1532010635717755
1532010636217836
1532010636717927
1532010637218043
1532010637718121
1532010638218196
1532010638718317
1532010639218412
1532010639718498
1532010644719347
1532010644719347
1532010644719347
1532010644719347
1532010644719347
1532010644719347
1532010644719347
1532010644719347
1532010645219452
1532010645719556
1532010646219633
1532010646719713
1532010647219810
1532010647719886
1532010648219967
1532010648720139
1532010649220211
1532010649720295
1532010650220386
1532010650720462
1532010651220542
1532010651720617
1532010652220714
1532010652720821
1532010653220946
1532010653721021
1532010654221248
1532010654721343
1532010655221424
1532010655721503
1532010656721706
1532010657221785
1532010657721866
1532010658221963
1532010658722050
1532010659222126
1532010659722226
1532010660222314
1532010660722391
1532010661222469
1532010661722547
1532010662222634
1532010662722723
1532010663722879
1532010664222977
1532010664723061
1532010665223145
1532010665723233
1532010666223318
1532010666723388
1532010667223507
1532010667723625
1532010668223708
1532010669223876
1532010669723955
1532010670224031
1532010670724117
1532010671224192
1532010671724270
1532010672224374
1532010672724452
1532010673224529
1532010673724663
1532010674224767
1532010674724845
1532010675224919
1532010676225110
1532010676725183
1532010677225267
1532010677725342
1532010678225438
1532010678725517
1532010679225598
1532010679725681
1532010680225790
1532010680725916
1532010681226024
1532010681726108
1532010682226188
1532010683226399
1532010683726481
1532010684226554
1532010684726639
1532010685226721
1532010685726798
1532010686226877
1532010686726965
1532010687227048
1532010687727131
1532010688227218
1532010688727314
1532010689227398
1532010689727486
1532010690227563
1532010690727673
1532010691227850
1532010691727947
1532010692228061
1532010692728137
1532010693228211
1532010693728308
1532010694228383
1532010694728469
1532010695228560
1532010695728631
1532010696228703
1532010697228864
1532010697728939
1532010698229054
1532010698729133
1532010699229212
1532010699729312
1532010700229386
1532010700729468
1532010701229565
1532010701729638
1532010702229752
1532010702729825
1532010703229903
1532010704230074
1532010704730162
1532010705730326
1532010706230410
1532010706730514
1532010707230590
1532010707730667
1532010708230748
1532010708730864
1532010709230965
1532010709731054
1532010710231128
1532010710731230
1532010711231313
1532010711731405
1532010712731568
1532010713231645
1532010713731737
1532010714231834
1532010714731912
1532010715231991
1532010715732068
1532010716232165
1532010716732253
1532010717232334
1532010717732504
1532010718232597
1532010718732680
1532010719232797
1532010719733050
