1532010615715124
1532010615715164
1532010615715173
1532010615715181
1532010616215112
1532010616215132
1532010616215139
1532010616215147
1532010616715260
1532010616715273
1532010616715282
1532010616715293
1532010617215193
1532010617215209
1532010617215219
1532010617215228
1532010617715242
1532010617715264
1532010617715271
1532010617715282
1532010618215474
1532010618215494
1532010618215501
1532010618215514
1532010618715459
1532010618715476
1532010618715486
1532010618715494
1532010619215516
1532010619215535
1532010619215542
1532010619215550
1532010619715598
1532010619715613
1532010619715620
1532010619715630
1532010620215646
1532010620215663
1532010620215681
1532010620215689
1532010620715683
1532010620715705
1532010620715712
1532010620715720
1532010621215809
1532010621215823
1532010621215829
1532010621215843
1532010621715831
1532010621715846
1532010621715859
1532010621715868
1532010622215878
1532010622215899
1532010622215906
1532010622215914
1532010622715986
1532010622716000
1532010622716007
1532010622716022
1532010623216020
1532010623216036
1532010623216048
1532010623216055
1532010623716170
1532010623716186
1532010623716193
1532010623716204
1532010624216165
1532010624216178
1532010624216188
1532010624216196
1532010624716335
1532010624716349
1532010624716356
1532010624716363
1532010625216361
1532010625216383
1532010625216390
1532010625216398
1532010625716535
1532010625716551
1532010625716559
1532010625716568
1532010626216503
1532010626216518
1532010626216526
1532010626216535
1532010626716613
1532010626716630
1532010626716637
1532010626716646
1532010627216752
1532010627216770
1532010627216778
1532010627216786
1532010627716768
1532010627716787
1532010627716794
1532010627716803
1532010628216876
1532010628216894
1532010628216902
1532010628216910
1532010628716946
1532010628716963
1532010628716971
1532010628716981
1532010629217142
1532010629217161
1532010629217170
1532010629217180
1532010629717196
1532010629717215
1532010629717230
1532010629717239
1532010630217378
1532010630217396
1532010630217404
1532010630217414
1532010630717451
1532010630717472
1532010630717484
1532010630717494
1532010631217478
1532010631217500
1532010631217510
1532010631217521
1532010631717676
1532010631717694
1532010631717703
1532010631717713
1532010632217802
1532010632217821
1532010632217830
1532010632217840
1532010632717962
1532010632717984
1532010632717993
1532010632718004
1532010633217707
1532010633217724
1532010633217733
1532010633217743
1532010633717900
1532010633717918
1532010633717926
1532010633717934
1532010634217963
1532010634217981
1532010634217990
1532010634217999
1532010634718058
1532010634718075
1532010634718083
1532010634718092
1532010635218521
1532010635218540
1532010635218549
1532010635218558
1532010635718278
1532010635718307
1532010635718316
1532010635718327
1532010636218335
1532010636218353
1532010636218368
1532010636218378
1532010636718431
1532010636718450
1532010636718458
1532010636718467
1532010637218549
1532010637218569
1532010637218579
1532010637218589
1532010637718706
1532010637718724
1532010637718733
1532010637718742
1532010638218901
1532010638218921
1532010638218931
1532010638218942
1532010638718928
1532010638718948
1532010638718957
1532010638718967
1532010639218974
1532010639218998
1532010639219007
1532010639219018
1532010639719077
1532010639719094
1532010639719103
1532010639719113
1532010640219141
1532010645102346
1532010645102357
1532010645102378
1532010645102386
1532010645102394
1532010645102402
1532010645102416
1532010645102424
1532010645102507
1532010645102517
1532010645102525
1532010645102538
1532010645102546
1532010645102554
1532010645102561
1532010645102575
1532010645102584
1532010645102689
1532010645102699
1532010645102706
1532010645102720
1532010645102728
1532010645102736
1532010645102743
1532010645102756
1532010645102764
1532010645102845
1532010645102856
1532010645102864
1532010645102877
1532010645102884
1532010645102891
1532010645102899
1532010645102912
1532010645102919
1532010645103126
1532010645103136
1532010645103150
1532010645103158
1532010645103165
1532010645103172
1532010645103181
1532010645220971
1532010645220996
1532010645221026
1532010645221038
1532010645720265
1532010645720283
1532010645720291
1532010645720306
1532010646220427
1532010646220446
1532010646220454
1532010646220464
1532010646720250
1532010646720271
1532010646720280
1532010646720290
1532010647220527
1532010647220549
1532010647220562
1532010647220572
1532010647720421
1532010647720443
1532010647720452
1532010647720461
1532010648220605
1532010648220625
1532010648220632
1532010648220642
1532010648720856
1532010648720874
1532010648720882
1532010648720899
1532010649220739
1532010649220758
1532010649220773
1532010649220781
1532010649220936
1532010649720980
1532010649721001
1532010649721012
1532010649721029
1532010650221007
1532010650221027
1532010650221034
1532010650221043
1532010650721181
1532010650721201
1532010650721212
1532010650721221
1532010651221328
1532010651221343
1532010651221352
1532010651221360
1532010651721142
1532010651721160
1532010651721168
1532010651721178
1532010652221510
1532010652221542
1532010652221550
1532010652221559
1532010652721310
1532010652721329
1532010652721338
1532010652721352
1532010653221457
1532010653221476
1532010653221484
1532010653221493
1532010653721557
1532010653721575
1532010653721583
1532010653721593
1532010654221893
1532010654221921
1532010654221929
1532010654221939
1532010654721966
1532010654721984
1532010654721993
1532010654722003
1532010655221921
1532010655221945
1532010655221959
1532010655221970
1532010655722077
1532010655722095
1532010655722104
1532010655722114
1532010656222207
1532010656222230
1532010656222239
1532010656222249
1532010656722218
1532010656722238
1532010656722247
1532010656722257
1532010657222423
1532010657222441
1532010657222451
1532010657222463
1532010657722396
1532010657722415
1532010657722424
1532010657722434
1532010658222988
1532010658223006
1532010658223013
1532010658223023
1532010658722571
1532010658722590
1532010658722598
1532010658722608
1532010659222693
1532010659222713
1532010659222721
1532010659222730
1532010659722644
1532010659722662
1532010659722670
1532010659722680
1532010660223105
1532010660223125
1532010660223133
1532010660223143
1532010660722970
1532010660722997
1532010660723008
1532010660723019
1532010661223126
1532010661223148
1532010661223156
1532010661223166
1532010661723204
1532010661723223
1532010661723231
1532010661723244
1532010662223218
1532010662223237
1532010662223246
1532010662223256
1532010662723559
1532010662723577
1532010662723586
1532010662723596
1532010663223348
1532010663223368
1532010663223377
1532010663223387
1532010663723521
1532010663723537
1532010663723545
1532010663723561
1532010664223590
1532010664223609
1532010664223618
1532010664223628
1532010664723606
1532010664723631
1532010664723640
1532010664723651
1532010665223667
1532010665223697
1532010665223709
1532010665223720
1532010665723766
1532010665723783
1532010665723792
1532010665723801
1532010666223864
1532010666223881
1532010666223890
1532010666223904
1532010666723873
1532010666723889
1532010666723898
1532010666723910
1532010667224002
1532010667224023
1532010667224038
1532010667224048
1532010667724491
1532010667724508
1532010667724517
1532010667724526
1532010668224383
1532010668224400
1532010668224408
1532010668224418
1532010668724344
1532010668724368
1532010668724377
1532010668724387
1532010669224410
1532010669224432
1532010669224440
1532010669224450
1532010669724892
1532010669724912
1532010669724922
1532010669724933
1532010670224622
1532010670224643
1532010670224651
1532010670224661
1532010670724594
1532010670724615
1532010670724626
1532010670724638
1532010671224853
1532010671224875
1532010671224885
1532010671224896
1532010671724902
1532010671724921
1532010671724930
1532010671724940
1532010672224973
1532010672224992
1532010672225001
1532010672225012
1532010672725008
1532010672725027
1532010672725036
1532010672725046
1532010673225140
1532010673225158
1532010673225167
1532010673225177
1532010673725414
1532010673725433
1532010673725442
1532010673725452
1532010674225339
1532010674225365
1532010674225377
1532010674225388
1532010674725397
1532010674725418
1532010674725427
1532010674725437
1532010675225425
1532010675225445
1532010675225464
1532010675225474
1532010675725555
1532010675725572
1532010675725580
1532010675725589
1532010676225806
1532010676225823
1532010676225830
1532010676225838
1532010676725631
1532010676725649
1532010676725657
1532010676725665
1532010677225783
1532010677225804
1532010677225812
1532010677225821
1532010677725933
1532010677725951
1532010677725959
1532010677725969
1532010678225947
1532010678225965
1532010678225973
1532010678225982
1532010678726132
1532010678726154
1532010678726164
1532010678726174
1532010679226191
1532010679226208
1532010679226217
1532010679226225
1532010679726314
1532010679726333
1532010679726341
1532010679726350
1532010680226240
1532010680226258
1532010680226267
1532010680226276
1532010680726687
1532010680726704
1532010680726713
1532010680726722
1532010681226951
1532010681226970
1532010681226985
1532010681226996
1532010681726719
1532010681726736
1532010681726745
1532010681726754
1532010682226739
1532010682226760
1532010682226767
1532010682226776
1532010682727173
1532010682727193
1532010682727202
1532010682727212
1532010683227042
1532010683227062
1532010683227071
1532010683227080
1532010683727042
1532010683727060
1532010683727069
1532010683727078
1532010684227219
1532010684227246
1532010684227255
1532010684227265
1532010684727212
1532010684727229
1532010684727237
1532010684727246
1532010685227157
1532010685227176
1532010685227184
1532010685227193
1532010685727342
1532010685727361
1532010685727369
1532010685727378
1532010686227423
1532010686227441
1532010686227449
1532010686227458
1532010686727610
1532010686727636
1532010686727644
1532010686727654
1532010687227578
1532010687227602
1532010687227610
1532010687227625
1532010687727736
1532010687727752
1532010687727762
1532010687727771
1532010688227901
1532010688227924
1532010688227935
1532010688227945
1532010688727824
1532010688727841
1532010688727849
1532010688727858
1532010689227996
1532010689228014
1532010689228022
1532010689228034
1532010689728028
1532010689728048
1532010689728058
1532010689728069
1532010690228193
1532010690228213
1532010690228223
1532010690228233
1532010690728182
1532010690728200
1532010690728208
1532010690728217
1532010691228318
1532010691228336
1532010691228343
1532010691228352
1532010691728484
1532010691728501
1532010691728509
1532010691728518
1532010692228933
1532010692228952
1532010692228964
1532010692228973
1532010692728679
1532010692728697
1532010692728706
1532010692728715
1532010693228838
1532010693228859
1532010693228867
1532010693228876
1532010693728758
1532010693728774
1532010693728782
1532010693728796
1532010694228801
1532010694228820
1532010694228828
1532010694228837
1532010694728935
1532010694728950
1532010694728958
1532010694728966
1532010695229001
1532010695229018
1532010695229025
1532010695229034
1532010695729070
1532010695729087
1532010695729104
1532010695729112
1532010696229145
1532010696229162
1532010696229169
1532010696229178
1532010696729268
1532010696729286
1532010696729294
1532010696729302
1532010697229264
1532010697229281
1532010697229289
1532010697229297
1532010697729454
1532010697729470
1532010697729477
1532010697729489
1532010698229608
1532010698229625
1532010698229634
1532010698229643
1532010698729652
1532010698729671
1532010698729682
1532010698729691
1532010699230114
1532010699230134
1532010699230143
1532010699230159
1532010699730017
1532010699730043
1532010699730051
1532010699730065
1532010700229940
1532010700229962
1532010700229970
1532010700229980
1532010700730024
1532010700730044
1532010700730053
1532010700730062
1532010701230110
1532010701230128
1532010701230137
1532010701230147
1532010701730228
1532010701730245
1532010701730253
1532010701730263
1532010702230396
1532010702230419
1532010702230430
1532010702230440
1532010702730266
1532010702730291
1532010702730306
1532010702730315
1532010703230712
1532010703230729
1532010703230737
1532010703230746
1532010703730528
1532010703730545
1532010703730553
1532010703730562
1532010704230522
1532010704230537
1532010704230545
1532010704230559
1532010704730645
1532010704730666
1532010704730674
1532010704730683
1532010705230728
1532010705230745
1532010705230756
1532010705230773
1532010705730752
1532010705730770
1532010705730778
1532010705730786
1532010706230947
1532010706230963
1532010706230971
1532010706230980
1532010706731124
1532010706731141
1532010706731149
1532010706731159
1532010707231142
1532010707231161
1532010707231169
1532010707231178
1532010707731188
1532010707731208
1532010707731216
1532010707731227
1532010708231336
1532010708231362
1532010708231374
1532010708231383
1532010708731332
1532010708731351
1532010708731360
1532010708731369
1532010709231648
1532010709231665
1532010709231672
1532010709231681
1532010709731522
1532010709731539
1532010709731553
1532010709731562
1532010710231915
1532010710231933
1532010710231941
1532010710231949
1532010710732017
1532010710732037
1532010710732046
1532010710732054
1532010711231893
1532010711231911
1532010711231920
1532010711231938
1532010711732139
1532010711732159
1532010711732172
1532010711732186
1532010712232101
1532010712232121
1532010712232131
1532010712232142
1532010712732176
1532010712732204
1532010712732214
1532010712732225
1532010713232204
1532010713232225
1532010713232234
1532010713232244
1532010713732310
1532010713732329
1532010713732338
1532010713732348
1532010714232511
1532010714232537
1532010714232547
1532010714232557
1532010714732537
1532010714732558
1532010714732567
1532010714732711
1532010715232694
1532010715232714
1532010715232722
1532010715232732
1532010715732699
1532010715732717
1532010715732725
1532010715732735
1532010716233043
1532010716233062
1532010716233077
1532010716233093
1532010716732934
1532010716732966
1532010716732977
1532010716732987
1532010717232948
1532010717232967
1532010717232975
1532010717232984
1532010717734205
1532010717734260
1532010717734289
1532010717734331
1532010718233291
1532010718233315
1532010718233324
1532010718233333
1532010718733936
1532010718733955
1532010718733963
1532010718733974
1532010719233464
1532010719233484
1532010719233493
1532010719233503
1532010719735691
1532010719735746
1532010719735762
1532010719735784
