1532010615715688
1532010616215688
1532010616715928
1532010617215702
1532010617715805
1532010618216061
1532010618715968
1532010619216063
1532010619716237
1532010620216337
1532010620716194
1532010621716330
1532010622216561
1532010622716680
1532010623216566
1532010623716825
1532010624216691
1532010624716958
1532010625216832
1532010625717113
1532010626217086
1532010626717326
1532010627217456
1532010627717340
1532010628217487
1532010628717632
1532010629217865
1532010629717849
1532010630218094
1532010630718026
1532010631218142
1532010631718446
1532010632218528
1532010632718706
1532010633218269
1532010633718602
1532010634218777
1532010634718657
1532010635718914
1532010636218906
1532010636719160
1532010637219141
1532010637719382
1532010638219540
1532010638719845
1532010639219587
1532010639719793
1532010645103835
1532010645104946
1532010645105875
1532010645106947
1532010645107960
1532010645110066
1532010645112107
1532010645113234
1532010645221781
1532010645720939
1532010646221025
1532010646720805
1532010647221153
1532010647721171
1532010648221189
1532010648721571
1532010649221329
1532010649721654
1532010650221546
1532010650721898
1532010651222074
1532010651721734
1532010652222117
1532010652721915
1532010653222209
1532010653722316
1532010654222473
1532010654722714
1532010655222511
1532010655722787
1532010656722871
1532010657223075
1532010657723042
1532010658223727
1532010658723182
1532010659223457
1532010659723186
1532010660223722
1532010660723544
1532010661223835
1532010661723828
1532010662223845
1532010662724150
1532010663724235
1532010664224150
1532010664724230
1532010665224213
1532010665724432
1532010666224583
1532010666724490
1532010667224688
1532010667725110
1532010668224983
1532010669225054
1532010669725552
1532010670225224
1532010670725204
1532010671225463
1532010671725610
1532010672225627
1532010672725594
1532010673225873
1532010673726186
1532010674225916
1532010674725959
1532010675226010
1532010676226569
1532010676726236
1532010677226512
1532010677726643
1532010678226889
1532010678726673
1532010679226870
1532010679727027
1532010680226858
1532010680727384
1532010681227528
1532010681727272
1532010682227391
1532010683227656
1532010683727623
1532010684227910
1532010684727784
1532010685227739
1532010685728048
1532010686228062
1532010686728289
1532010687228160
1532010687728427
1532010688228802
1532010688728456
1532010689228651
1532010689728629
1532010690228931
1532010690728789
1532010691229018
1532010691729160
1532010692229664
1532010692729299
1532010693229519
1532010693729421
1532010694229697
1532010694729510
1532010695229524
1532010695729632
1532010696229778
1532010697229938
1532010697730166
1532010698230273
1532010698730323
1532010699230676
1532010699730550
1532010700230570
1532010700730779
1532010701230698
1532010701730948
1532010702231068
1532010702730916
1532010703231285
1532010704231057
1532010704731311
1532010705066960
1532010705731298
1532010706231689
1532010706731831
1532010707231817
1532010707731715
1532010708232047
1532010708732176
1532010709232309
1532010709732133
1532010710232444
1532010710732731
1532010711232436
1532010711732729
1532010712733214
1532010713232922
1532010713733032
1532010714233243
1532010714733169
1532010715233263
1532010715733273
1532010716233872
1532010716733551
1532010717233671
1532010717735420
1532010718233958
1532010718734556
1532010719234177
1532010719738458
