1534237122516128
1534237123016224
1534237123516320
1534237124016421
1534237124516698
1534237125016803
1534237125516902
1534237126016997
1534237126517107
1534237127017214
1534237127517303
1534237128017381
1534237128517464
1534237129017551
1534237129517636
1534237130017712
1534237130517824
1534237131017900
1534237131517980
1534237132018056
1534237132518133
1534237133018209
1534237133518282
1534237134018376
1534237134518454
1534237135018531
1534237135518604
1534237136018677
1534237136518750
1534237137018826
1534237137518902
1534237138019005
1534237138519079
1534237139019152
1534237139519246
1534237140019319
1534237140519401
1534237141019486
1534237141519562
1534237142019637
1534237142519718
1534237143019803
1534237143519886
1534237144019973
1534237144520044
1534237145020120
1534237145520224
1534237146020299
1534237146520386
1534237147020497
1534237147520583
1534237148020659
1534237148520736
1534237149020813
1534237149520890
1534237150020965
1534237150521042
1534237151021129
1534237151521214
1534237152021295
1534237152521367
1534237153021486
1534237153521565
1534237154021646
1534237154521751
1534237155021832
1534237155521916
1534237156022018
1534237156522171
1534237157022247
1534237157522339
1534237158022422
1534237158522498
1534237159022590
1534237159522666
1534237160022740
1534237160522818
1534237161022908
1534237161522982
1534237162023062
1534237162523191
1534237163023302
1534237163523402
1534237164023477
1534237164523554
1534237165023643
1534237165523721
1534237166023829
1534237166523902
1534237167023980
1534237167524078
1534237168024170
1534237168524261
1534237169024377
1534237169524460
1534237170024550
1534237170524638
1534237171024712
1534237171524807
1534237172024887
1534237172524962
1534237173025036
1534237173525117
1534237174025224
1534237174525296
1534237175025373
1534237175525453
1534237176025583
1534237176525681
1534237177025764
1534237177525896
1534237178025971
1534237178526078
1534237179026168
1534237179526256
1534237180026362
1534237180526444
1534237181026705
1534237181526805
1534237182026879
1534237182526991
1534237183027075
1534237183527168
1534237184027271
1534237184527391
1534237185027467
1534237185527542
1534237186027627
1534237186527745
1534237187027845
1534237187527936
1534237188028011
1534237188528094
1534237189028169
1534237189528244
1534237190028318
1534237190528392
1534237191028481
1534237191528575
1534237192028654
1534237192528762
1534237193028845
1534237193528990
1534237194029081
1534237194529159
1534237195029262
1534237195529345
1534237196029436
1534237196529519
1534237197029592
1534237197529719
1534237198529906
1534237199029985
1534237199530066
1534237200030165
1534237200530255
1534237201030336
1534237201530422
1534237202030552
1534237202530638
1534237203030736
1534237203530946
1534237204031036
1534237204531169
1534237205031245
1534237205531323
1534237206031406
1534237206531503
1534237207031580
1534237207531662
1534237208031823
1534237208531908
1534237209032006
1534237209532086
1534237210032240
1534237210532330
1534237211032457
1534237211532567
1534237212032685
1534237212532789
1534237213032908
1534237213532986
1534237214033083
1534237214533166
1534237215033250
1534237215533315
1534237216033422
1534237217033598
1534237217533720
1534237218033801
1534237218533902
1534237219033986
1534237219534135
1534237220034211
1534237220534291
1534237221034370
1534237221534460
