1534237122517221
1534237122517365
1534237123017120
1534237123017352
1534237123517845
1534237123517985
1534237124018021
1534237124018085
1534237124517824
1534237124518203
1534237124518322
1534237125018100
1534237125018229
1534237125518260
1534237125518446
1534237126018051
1534237126018145
1534237126517778
1534237126518512
1534237127018315
1534237127018412
1534237127517904
1534237127518496
1534237128018514
1534237128018716
1534237128518581
1534237128518741
1534237129018424
1534237129018606
1534237129518447
1534237129518498
1534237130018476
1534237130018772
1534237130018842
1534237130518759
1534237130518837
1534237131018511
1534237131019235
1534237131518634
1534237131518778
1534237132018977
1534237132019189
1534237132019412
1534237132518945
1534237132519187
1534237133019116
1534237133019248
1534237133520038
1534237133520170
1534237134019142
1534237134019387
1534237134519360
1534237134519526
1534237135019423
1534237135019539
1534237135519906
1534237135520074
1534237136019809
1534237136019888
1534237136519812
1534237136520024
1534237137019763
1534237137019867
1534237137519598
1534237137519720
1534237138020092
1534237138020181
1534237138520090
1534237138520143
1534237139020499
1534237139020620
1534237139520283
1534237139520412
1534237140020277
1534237140020539
1534237140520041
1534237140520620
1534237141020152
1534237141020287
1534237141520715
1534237141520905
1534237142020818
1534237142020892
1534237142520749
1534237142520800
1534237143021439
1534237143021540
1534237143520793
1534237143520880
1534237144020901
1534237144021146
1534237144521345
1534237144521454
1534237145021032
1534237145021304
1534237145521249
1534237145521571
1534237146021384
1534237146021684
1534237146521204
1534237146521736
1534237147021216
1534237147021814
1534237147521815
1534237147522087
1534237148021976
1534237148022144
1534237148522319
1534237148522430
1534237149022276
1534237149022619
1534237149522384
1534237149522445
1534237150022845
1534237150023234
1534237150522982
1534237150523068
1534237151022920
1534237151023132
1534237151522314
1534237151522647
1534237152022710
1534237152022927
1534237152523710
1534237152523934
1534237153023683
1534237153023876
1534237153522844
1534237153522975
1534237154023380
1534237154023525
1534237154522627
1534237154523258
1534237155022728
1534237155022893
1534237155523587
1534237155523692
1534237156023210
1534237156023271
1534237156523216
1534237156523349
1534237157023469
1534237157023720
1534237157524174
1534237157524302
1534237158023673
1534237158023825
1534237158524815
1534237158524976
1534237159024109
1534237159024265
1534237159524416
1534237159524650
1534237160024537
1534237160024681
1534237160523662
1534237160524322
1534237161024988
1534237161025111
1534237161524402
1534237161524564
1534237162024369
1534237162024434
1534237162524780
1534237162524875
1534237163024561
1534237163024771
1534237163524596
1534237163524631
1534237163524820
1534237164024647
1534237164024798
1534237164524671
1534237164524896
1534237165025287
1534237165025474
1534237165525192
1534237165525413
1534237166025005
1534237166025225
1534237166525339
1534237166525524
1534237167026513
1534237167026676
1534237167526254
1534237167526349
1534237168025487
1534237168025594
1534237168525614
1534237168525923
1534237169025305
1534237169025435
1534237169526697
1534237169526965
1534237170026182
1534237170026430
1534237170526821
1534237170526941
1534237171026061
1534237171026198
1534237171525781
1534237171525907
1534237172026367
1534237172026643
1534237172526263
1534237172526554
1534237173027276
1534237173027377
1534237173526798
1534237173527069
1534237174026324
1534237174026556
1534237174527474
1534237174527888
1534237175026594
1534237175026867
1534237175526796
1534237175526975
1534237176026755
1534237176026899
1534237176526887
1534237176527023
1534237177027362
1534237177027440
1534237177027531
1534237177527811
1534237177528126
1534237178027050
1534237178027287
1534237178527717
1534237178527788
1534237179027725
1534237179027815
1534237179528057
1534237179528710
1534237180027753
1534237180027881
1534237180527637
1534237180527733
1534237181028055
1534237181028240
1534237181528735
1534237181528938
1534237182027681
1534237182027998
1534237182528572
1534237182528767
1534237183028753
1534237183028948
1534237183528326
1534237183528482
1534237184028503
1534237184028777
1534237184528652
1534237184528714
1534237185028652
1534237185028936
1534237185529119
1534237185529218
1534237186029159
1534237186029220
1534237186529913
1534237186530192
1534237187029416
1534237187029721
1534237187529956
1534237187530170
1534237188028730
1534237188028799
1534237188029538
1534237188529873
1534237188529975
1534237189029237
1534237189029489
1534237189529895
1534237189530201
1534237190029533
1534237190029820
1534237190529363
1534237190529528
1534237191029849
1534237191030087
1534237191530424
1534237191530580
1534237192029878
1534237192029978
1534237192529626
1534237192529762
1534237193030042
1534237193030511
1534237193531143
1534237193531349
1534237194030716
1534237194030943
1534237194530681
1534237194530823
1534237195030238
1534237195030274
1534237195030352
1534237195530664
1534237195530957
1534237196031538
1534237196031690
1534237196530397
1534237196531056
1534237197030942
1534237197031124
1534237197530907
1534237197531254
1534237198030675
1534237198031830
1534237198530802
1534237198531080
1534237199030696
1534237199031387
1534237199531400
1534237199531636
1534237200031614
1534237200031693
1534237200531914
1534237200532166
1534237201031470
1534237201031870
1534237201531601
1534237201531982
1534237202031883
1534237202031978
1534237202531563
1534237202532531
1534237203031728
1534237203031842
1534237203531851
1534237203532595
1534237203532668
1534237204032466
1534237204032701
1534237204532316
1534237204532449
1534237205032531
1534237205032700
1534237205533097
1534237205533162
1534237206033299
1534237206033425
1534237206532694
1534237206533009
1534237206533313
1534237207033179
1534237207033500
1534237207533366
1534237207533465
1534237208033462
1534237208033734
1534237208533464
1534237208533637
1534237209034499
1534237209034611
1534237209533738
1534237209533926
1534237210033879
1534237210034090
1534237210533798
1534237210534032
1534237211033278
1534237211033327
1534237211034167
1534237211535160
1534237211535473
1534237212034238
1534237212034488
1534237212535260
1534237212535385
1534237213033732
1534237213034087
1534237213034129
1534237213533735
1534237213533915
1534237214035312
1534237214035412
1534237214535073
1534237214535246
1534237215034224
1534237215034416
1534237215534640
1534237215534960
1534237216034786
1534237216035033
1534237216534219
1534237216534383
1534237216535634
1534237217035089
1534237217035320
1534237217535186
1534237217535230
1534237217535468
1534237218034860
1534237218035101
1534237218535991
1534237218536125
1534237218536176
1534237219036082
1534237219036229
1534237219536574
1534237219536893
1534237220035785
1534237220035944
1534237220535637
1534237220535799
1534237221035485
1534237221035625
1534237221535724
1534237221536064
