1534237122517576
1534237122517597
1534237122517605
1534237122517612
1534237122517621
1534237122517629
1534237122517639
1534237122517646
1534237122517653
1534237122517661
1534237122517668
1534237122517676
1534237122517683
1534237122517690
1534237122517696
1534237123017204
1534237123017220
1534237123017228
1534237123017235
1534237123017242
1534237123017250
1534237123017271
1534237123017279
1534237123017388
1534237123017398
1534237123017404
1534237123017411
1534237123017419
1534237123017427
1534237123017435
1534237123517586
1534237123517895
1534237123517903
1534237123517914
1534237123517922
1534237123517930
1534237123517938
1534237123517945
1534237123517953
1534237123518034
1534237123518042
1534237123518049
1534237123518057
1534237123518065
1534237123518072
1534237123518078
1534237124018146
1534237124018161
1534237124018168
1534237124018177
1534237124018184
1534237124018191
1534237124018198
1534237124018205
1534237124018212
1534237124018220
1534237124018227
1534237124018234
1534237124018241
1534237124018248
1534237124018255
1534237124018262
1534237124517962
1534237124517982
1534237124517992
1534237124517999
1534237124518007
1534237124518014
1534237124518307
1534237124518322
1534237124518417
1534237124518428
1534237124518436
1534237124518443
1534237124518450
1534237124518457
1534237124518464
1534237125018324
1534237125018336
1534237125018344
1534237125018357
1534237125018364
1534237125018371
1534237125018378
1534237125018385
1534237125018398
1534237125018406
1534237125018413
1534237125018424
1534237125018437
1534237125018444
1534237125018452
1534237125518295
1534237125518315
1534237125518323
1534237125518335
1534237125518343
1534237125518350
1534237125518357
1534237125518364
1534237125518510
1534237125518524
1534237125518532
1534237125518540
1534237125518548
1534237125518560
1534237125518567
1534237126018180
1534237126018197
1534237126018206
1534237126018214
1534237126018221
1534237126018228
1534237126018239
1534237126018246
1534237126018254
1534237126018265
1534237126018273
1534237126018280
1534237126018294
1534237126018301
1534237126018308
1534237126517846
1534237126517860
1534237126517868
1534237126517875
1534237126517882
1534237126517889
1534237126517896
1534237126517903
1534237126518571
1534237126518582
1534237126518589
1534237126518597
1534237126518608
1534237126518616
1534237126518627
1534237127018414
1534237127018497
1534237127018509
1534237127018517
1534237127018529
1534237127018536
1534237127018544
1534237127018554
1534237127018562
1534237127018569
1534237127018576
1534237127018583
1534237127018591
1534237127018598
1534237127018609
1534237127517963
1534237127517977
1534237127517984
1534237127517991
1534237127517999
1534237127518007
1534237127518014
1534237127518021
1534237127518538
1534237127518549
1534237127518558
1534237127518566
1534237127518573
1534237127518581
1534237127518588
1534237128018589
1534237128018603
1534237128018611
1534237128018619
1534237128018626
1534237128018633
1534237128018640
1534237128018647
1534237128018747
1534237128018756
1534237128018764
1534237128018771
1534237128018778
1534237128018785
1534237128018792
1534237128518630
1534237128518642
1534237128518651
1534237128518659
1534237128518668
1534237128518676
1534237128518684
1534237128518691
1534237128518762
1534237128518772
1534237128518780
1534237128518787
1534237128518795
1534237128518802
1534237128518810
1534237129018481
1534237129018497
1534237129018504
1534237129018512
1534237129018520
1534237129018528
1534237129018535
1534237129018542
1534237129018633
1534237129018643
1534237129018650
1534237129018657
1534237129018665
1534237129018673
1534237129018680
1534237129518584
1534237129518600
1534237129518608
1534237129518621
1534237129518628
1534237129518635
1534237129518642
1534237129518649
1534237129518662
1534237129518669
1534237129518676
1534237129518683
1534237129518690
1534237129518702
1534237129518709
1534237130018908
1534237130018925
1534237130018932
1534237130018941
1534237130018949
1534237130018956
1534237130018963
1534237130018970
1534237130018977
1534237130018984
1534237130018992
1534237130019000
1534237130019011
1534237130019022
1534237130019042
1534237130019050
1534237130518965
1534237130518977
1534237130518985
1534237130518998
1534237130519005
1534237130519013
1534237130519020
1534237130519028
1534237130519044
1534237130519051
1534237130519058
1534237130519065
1534237130519078
1534237130519085
1534237130519092
1534237131018552
1534237131018566
1534237131018573
1534237131018586
1534237131018593
1534237131018601
1534237131018608
1534237131018615
1534237131019258
1534237131019268
1534237131019275
1534237131019287
1534237131019294
1534237131019302
1534237131019309
1534237131519109
1534237131519122
1534237131519130
1534237131519138
1534237131519148
1534237131519155
1534237131519162
1534237131519169
1534237131519177
1534237131519184
1534237131519191
1534237131519198
1534237131519206
1534237131519213
1534237131519220
1534237132019121
1534237132019138
1534237132019147
1534237132019154
1534237132019163
1534237132019175
1534237132019331
1534237132019341
1534237132019348
1534237132019355
1534237132019363
1534237132019370
1534237132019378
1534237132019386
1534237132019446
1534237132519006
1534237132519018
1534237132519026
1534237132519034
1534237132519041
1534237132519048
1534237132519055
1534237132519062
1534237132519252
1534237132519263
1534237132519270
1534237132519278
1534237132519286
1534237132519294
1534237132519302
1534237133019219
1534237133019233
1534237133019241
1534237133019249
1534237133019256
1534237133019264
1534237133019273
1534237133019284
1534237133019293
1534237133019301
1534237133019312
1534237133019320
1534237133019329
1534237133019336
1534237133019344
1534237133519424
1534237133520085
1534237133520094
1534237133520101
1534237133520109
1534237133520116
1534237133520123
1534237133520129
1534237133520136
1534237133520239
1534237133520251
1534237133520259
1534237133520266
1534237133520274
1534237133520281
1534237133520289
1534237134019221
1534237134019235
1534237134019242
1534237134019250
1534237134019257
1534237134019264
1534237134019271
1534237134019278
1534237134019417
1534237134019428
1534237134019435
1534237134019443
1534237134019450
1534237134019457
1534237134019464
1534237134519467
1534237134519481
1534237134519489
1534237134519496
1534237134519503
1534237134519510
1534237134519518
1534237134519525
1534237134519659
1534237134519671
1534237134519681
1534237134519694
1534237134519705
1534237134519716
1534237134519723
1534237135019787
1534237135019803
1534237135019811
1534237135019819
1534237135019827
1534237135019834
1534237135019841
1534237135019848
1534237135019856
1534237135019862
1534237135019870
1534237135019877
1534237135019884
1534237135019891
1534237135019903
1534237135019910
1534237135519966
1534237135519980
1534237135519987
1534237135519996
1534237135520003
1534237135520010
1534237135520017
1534237135520024
1534237135520031
1534237135520103
1534237135520113
1534237135520120
1534237135520127
1534237135520135
1534237135520142
1534237135520148
1534237136019932
1534237136019946
1534237136019954
1534237136019961
1534237136019969
1534237136019976
1534237136019983
1534237136019990
1534237136019997
1534237136020004
1534237136020011
1534237136020022
1534237136020030
1534237136020037
1534237136020044
1534237136519916
1534237136519933
1534237136519941
1534237136519949
1534237136519957
1534237136519968
1534237136519976
1534237136519983
1534237136520112
1534237136520123
1534237136520130
1534237136520137
1534237136520145
1534237136520152
1534237136520160
1534237137019936
1534237137019956
1534237137019967
1534237137019978
1534237137019985
1534237137019992
1534237137020000
1534237137020007
1534237137020017
1534237137020025
1534237137020033
1534237137020044
1534237137020052
1534237137020059
1534237137020066
1534237137520382
1534237137520396
1534237137520404
1534237137520411
1534237137520419
1534237137520426
1534237137520437
1534237137520447
1534237137520454
1534237137520462
1534237137520469
1534237137520476
1534237137520484
1534237137520492
1534237137520499
1534237137520506
1534237138020219
1534237138020237
1534237138020246
1534237138020255
1534237138020262
1534237138020269
1534237138020276
1534237138020283
1534237138020291
1534237138020298
1534237138020321
1534237138020329
1534237138020338
1534237138020346
1534237138020355
1534237138520232
1534237138520246
1534237138520254
1534237138520262
1534237138520269
1534237138520276
1534237138520284
1534237138520292
1534237138520298
1534237138520305
1534237138520313
1534237138520323
1534237138520331
1534237138520338
1534237138520345
1534237139020448
1534237139020548
1534237139020558
1534237139020566
1534237139020573
1534237139020581
1534237139020591
1534237139020599
1534237139020606
1534237139020688
1534237139020698
1534237139020705
1534237139020712
1534237139020719
1534237139020731
1534237139020738
1534237139520321
1534237139520334
1534237139520342
1534237139520350
1534237139520357
1534237139520364
1534237139520372
1534237139520380
1534237139520450
1534237139520457
1534237139520464
1534237139520471
1534237139520478
1534237139520485
1534237139520492
1534237140020669
1534237140020684
1534237140020691
1534237140020704
1534237140020712
1534237140020719
1534237140020726
1534237140020733
1534237140020746
1534237140020757
1534237140020764
1534237140020772
1534237140020786
1534237140020794
1534237140020801
1534237140020808
1534237140520106
1534237140520120
1534237140520129
1534237140520142
1534237140520151
1534237140520161
1534237140520169
1534237140520182
1534237140520646
1534237140520655
1534237140520662
1534237140520672
1534237140520679
1534237140520687
1534237140520694
1534237141020317
1534237141020332
1534237141020340
1534237141020351
1534237141020359
1534237141020366
1534237141020373
1534237141020381
1534237141020393
1534237141020400
1534237141020408
1534237141020414
1534237141020422
1534237141020434
1534237141020441
1534237141520518
1534237141520782
1534237141520794
1534237141520801
1534237141520813
1534237141520821
1534237141520829
1534237141520836
1534237141520844
1534237141520968
1534237141520979
1534237141520987
1534237141520994
1534237141521001
1534237141521008
1534237141521015
1534237142020902
1534237142020918
1534237142020926
1534237142020934
1534237142020941
1534237142020948
1534237142020956
1534237142020965
1534237142020975
1534237142020983
1534237142020990
1534237142020999
1534237142021007
1534237142021014
1534237142021021
1534237142520824
1534237142520838
1534237142520845
1534237142520853
1534237142520860
1534237142520868
1534237142520875
1534237142520882
1534237142520889
1534237142520896
1534237142520902
1534237142520909
1534237142520917
1534237142520924
1534237142520934
1534237143021043
1534237143021494
1534237143021505
1534237143021513
1534237143021520
1534237143021531
1534237143021538
1534237143021545
1534237143021554
1534237143021570
1534237143021581
1534237143021588
1534237143021595
1534237143021602
1534237143021614
1534237143021625
1534237143521004
1534237143521018
1534237143521026
1534237143521034
1534237143521042
1534237143521050
1534237143521058
1534237143521066
1534237143521074
1534237143521081
1534237143521087
1534237143521095
1534237143521103
1534237143521114
1534237143521122
1534237144021029
1534237144021044
1534237144021051
1534237144021059
1534237144021066
1534237144021073
1534237144021080
1534237144021087
1534237144021182
1534237144021192
1534237144021199
1534237144021206
1534237144021214
1534237144021221
1534237144021229
1534237144521787
1534237144521802
1534237144521810
1534237144521818
1534237144521825
1534237144521832
1534237144521840
1534237144521847
1534237144521854
1534237144521861
1534237144521869
1534237144521877
1534237144521884
1534237144521894
1534237144521902
1534237144521909
1534237145021170
1534237145021186
1534237145021193
1534237145021201
1534237145021209
1534237145021216
1534237145021223
1534237145021231
1534237145021350
1534237145021362
1534237145021370
1534237145021377
1534237145021383
1534237145021391
1534237145021398
1534237145521369
1534237145521390
1534237145521399
1534237145521406
1534237145521413
1534237145521420
1534237145521432
1534237145521439
1534237145521604
1534237145521613
1534237145521620
1534237145521632
1534237145521640
1534237145521647
1534237145521654
1534237146021450
1534237146021467
1534237146021476
1534237146021490
1534237146021498
1534237146021505
1534237146021526
1534237146021533
1534237146021813
1534237146021827
1534237146021834
1534237146021850
1534237146021858
1534237146021865
1534237146021873
1534237146521517
1534237146521539
1534237146521549
1534237146521557
1534237146521565
1534237146521573
1534237146521580
1534237146521587
1534237146521768
1534237146521779
1534237146521787
1534237146521795
1534237146521803
1534237146521810
1534237146521817
1534237147021323
1534237147021335
1534237147021343
1534237147021351
1534237147021359
1534237147021367
1534237147021376
1534237147021383
1534237147021859
1534237147021868
1534237147021875
1534237147021882
1534237147021889
1534237147021898
1534237147021905
1534237147521967
1534237147521987
1534237147521996
1534237147522006
1534237147522016
1534237147522024
1534237147522033
1534237147522043
1534237147522051
1534237147522149
1534237147522161
1534237147522170
1534237147522178
1534237147522187
1534237147522196
1534237147522205
1534237148022015
1534237148022032
1534237148022042
1534237148022051
1534237148022060
1534237148022069
1534237148022077
1534237148022086
1534237148022182
1534237148022193
1534237148022201
1534237148022210
1534237148022219
1534237148022229
1534237148022238
1534237148522433
1534237148522453
1534237148522464
1534237148522474
1534237148522484
1534237148522492
1534237148522500
1534237148522509
1534237148522518
1534237148522526
1534237148522534
1534237148522543
1534237148522552
1534237148522561
1534237148522569
1534237148522578
1534237149022430
1534237149022450
1534237149022460
1534237149022470
1534237149022479
1534237149022488
1534237149022498
1534237149022508
1534237149022653
1534237149022667
1534237149022676
1534237149022686
1534237149022695
1534237149022704
1534237149022714
1534237149522467
1534237149522488
1534237149522497
1534237149522507
1534237149522516
1534237149522530
1534237149522539
1534237149522548
1534237149522558
1534237149522567
1534237149522577
1534237149522586
1534237149522595
1534237149522605
1534237149522614
1534237150022899
1534237150022919
1534237150022929
1534237150022942
1534237150022956
1534237150022966
1534237150022982
1534237150022991
1534237150023000
1534237150023287
1534237150023300
1534237150023309
1534237150023323
1534237150023336
1534237150023346
1534237150023354
1534237150523114
1534237150523131
1534237150523141
1534237150523150
1534237150523159
1534237150523168
1534237150523178
1534237150523187
1534237150523198
1534237150523207
1534237150523216
1534237150523224
1534237150523233
1534237150523242
1534237150523251
1534237151023043
1534237151023060
1534237151023069
1534237151023078
1534237151023087
1534237151023097
1534237151023105
1534237151023115
1534237151023192
1534237151023206
1534237151023215
1534237151023224
1534237151023233
1534237151023242
1534237151023255
1534237151522475
1534237151522495
1534237151522505
1534237151522519
1534237151522529
1534237151522539
1534237151522553
1534237151522563
1534237151522675
1534237151522686
1534237151522695
1534237151522710
1534237151522719
1534237151522728
1534237151522736
1534237152022759
1534237152022780
1534237152022797
1534237152022806
1534237152022816
1534237152022832
1534237152022841
1534237152022851
1534237152022860
1534237152022996
1534237152023008
1534237152023017
1534237152023031
1534237152023041
1534237152023056
1534237152023071
1534237152523194
1534237152523801
1534237152523816
1534237152523826
1534237152523841
1534237152523850
1534237152523859
1534237152523874
1534237152523883
1534237152523999
1534237152524011
1534237152524021
1534237152524034
1534237152524045
1534237152524059
1534237152524068
1534237153023780
1534237153023805
1534237153023816
1534237153023826
1534237153023839
1534237153023849
1534237153023858
1534237153023872
1534237153024024
1534237153024039
1534237153024056
1534237153024065
1534237153024075
1534237153024084
1534237153024099
1534237153523020
1534237153523036
1534237153523046
1534237153523064
1534237153523075
1534237153523095
1534237153523105
1534237153523114
1534237153523133
1534237153523142
1534237153523156
1534237153523167
1534237153523187
1534237153523199
1534237153523215
1534237154023725
1534237154023746
1534237154023770
1534237154023781
1534237154023791
1534237154023799
1534237154023808
1534237154023818
1534237154023827
1534237154023836
1534237154023844
1534237154023853
1534237154023862
1534237154023870
1534237154023878
1534237154023886
1534237154522680
1534237154522694
1534237154522703
1534237154522712
1534237154522722
1534237154522731
1534237154522743
1534237154522753
1534237154523301
1534237154523313
1534237154523327
1534237154523336
1534237154523344
1534237154523357
1534237154523366
1534237155023012
1534237155023028
1534237155023037
1534237155023051
1534237155023060
1534237155023068
1534237155023077
1534237155023091
1534237155023099
1534237155023108
1534237155023115
1534237155023129
1534237155023138
1534237155023152
1534237155023166
1534237155523776
1534237155523799
1534237155523815
1534237155523826
1534237155523835
1534237155523844
1534237155523853
1534237155523861
1534237155523870
1534237155523878
1534237155523886
1534237155523895
1534237155523904
1534237155523913
1534237155523926
1534237155523937
1534237156023363
1534237156023384
1534237156023393
1534237156023405
1534237156023414
1534237156023423
1534237156023432
1534237156023445
1534237156023454
1534237156023463
1534237156023472
1534237156023482
1534237156023492
1534237156023505
1534237156023515
1534237156524074
1534237156524095
1534237156524111
1534237156524120
1534237156524129
1534237156524138
1534237156524151
1534237156524160
1534237156524168
1534237156524178
1534237156524192
1534237156524201
1534237156524213
1534237156524230
1534237156524239
1534237156524249
1534237157023597
1534237157023612
1534237157023621
1534237157023637
1534237157023645
1534237157023654
1534237157023668
1534237157023677
1534237157023777
1534237157023789
1534237157023799
1534237157023808
1534237157023816
1534237157023825
1534237157023834
1534237157524382
1534237157524400
1534237157524410
1534237157524420
1534237157524429
1534237157524437
1534237157524445
1534237157524453
1534237157524462
1534237157524470
1534237157524478
1534237157524486
1534237157524494
1534237157524503
1534237157524512
1534237157524521
1534237158023878
1534237158023892
1534237158023900
1534237158023911
1534237158023920
1534237158023928
1534237158023937
1534237158023945
1534237158023955
1534237158023963
1534237158023971
1534237158023979
1534237158023988
1534237158023996
1534237158024004
1534237158524227
1534237158524885
1534237158524902
1534237158524913
1534237158524923
1534237158524932
1534237158524940
1534237158524949
1534237158524958
1534237158525091
1534237158525103
1534237158525114
1534237158525122
1534237158525131
1534237158525140
1534237158525148
1534237159024340
1534237159024358
1534237159024375
1534237159024385
1534237159024393
1534237159024402
1534237159024417
1534237159024427
1534237159024435
1534237159024444
1534237159024457
1534237159024466
1534237159024475
1534237159024483
1534237159024497
1534237159524473
1534237159524494
1534237159524503
1534237159524519
1534237159524528
1534237159524536
1534237159524550
1534237159524559
1534237159524689
1534237159524702
1534237159524711
1534237159524725
1534237159524734
1534237159524742
1534237159524751
1534237160024816
1534237160024831
1534237160024841
1534237160024850
1534237160024859
1534237160024868
1534237160024876
1534237160024884
1534237160024892
1534237160024901
1534237160024909
1534237160024918
1534237160024926
1534237160024935
1534237160024944
1534237160024952
1534237160523815
1534237160523833
1534237160523842
1534237160523852
1534237160523860
1534237160523868
1534237160523877
1534237160523885
1534237160524401
1534237160524414
1534237160524423
1534237160524432
1534237160524440
1534237160524453
1534237160524461
1534237161024587
1534237161025050
1534237161025063
1534237161025073
1534237161025089
1534237161025098
1534237161025107
1534237161025120
1534237161025133
1534237161025143
1534237161025163
1534237161025173
1534237161025182
1534237161025191
1534237161025205
1534237161025214
1534237161524444
1534237161524465
1534237161524474
1534237161524482
1534237161524495
1534237161524504
1534237161524513
1534237161524521
1534237161524594
1534237161524605
1534237161524619
1534237161524639
1534237161524648
1534237161524661
1534237161524670
1534237162024589
1534237162024607
1534237162024617
1534237162024626
1534237162024634
1534237162024643
1534237162024651
1534237162024659
1534237162024668
1534237162024676
1534237162024684
1534237162024691
1534237162024699
1534237162024707
1534237162024716
1534237162525001
1534237162525019
1534237162525029
1534237162525043
1534237162525052
1534237162525063
1534237162525078
1534237162525087
1534237162525095
1534237162525103
1534237162525117
1534237162525126
1534237162525134
1534237162525142
1534237162525155
1534237162525164
1534237163024606
1534237163024622
1534237163024631
1534237163024640
1534237163024650
1534237163024659
1534237163024668
1534237163024676
1534237163024796
1534237163024806
1534237163024815
1534237163024823
1534237163024831
1534237163024839
1534237163024847
1534237163524700
1534237163524718
1534237163524728
1534237163524736
1534237163524744
1534237163524753
1534237163524762
1534237163524770
1534237163524934
1534237163524945
1534237163524954
1534237163524964
1534237163524973
1534237163524981
1534237163524990
1534237164025008
1534237164025028
1534237164025037
1534237164025051
1534237164025059
1534237164025068
1534237164025077
1534237164025092
1534237164025101
1534237164025109
1534237164025118
1534237164025133
1534237164025141
1534237164025149
1534237164025157
1534237164025172
1534237164524794
1534237164524808
1534237164524817
1534237164524831
1534237164524839
1534237164524847
1534237164524856
1534237164524869
1534237164524964
1534237164524973
1534237164524982
1534237164524994
1534237164525003
1534237164525011
1534237164525019
1534237165025233
1534237165025347
1534237165025360
1534237165025368
1534237165025377
1534237165025384
1534237165025393
1534237165025401
1534237165025410
1534237165025520
1534237165025531
1534237165025541
1534237165025549
1534237165025558
1534237165025566
1534237165025574
1534237165525562
1534237165525577
1534237165525586
1534237165525595
1534237165525605
1534237165525614
1534237165525622
1534237165525630
1534237165525638
1534237165525653
1534237165525662
1534237165525674
1534237165525687
1534237165525695
1534237165525703
1534237166025126
1534237166025147
1534237166025156
1534237166025166
1534237166025174
1534237166025182
1534237166025191
1534237166025198
1534237166025250
1534237166025269
1534237166025279
1534237166025287
1534237166025296
1534237166025304
1534237166025312
1534237166525409
1534237166525426
1534237166525436
1534237166525445
1534237166525454
1534237166525462
1534237166525471
1534237166525479
1534237166525487
1534237166525547
1534237166525558
1534237166525567
1534237166525575
1534237166525584
1534237166525593
1534237166525606
1534237167026708
1534237167026727
1534237167026742
1534237167026751
1534237167026759
1534237167026767
1534237167026781
1534237167026789
1534237167026797
1534237167026805
1534237167026814
1534237167026828
1534237167026838
1534237167026848
1534237167026864
1534237167026877
1534237167526438
1534237167526457
1534237167526467
1534237167526476
1534237167526485
1534237167526494
1534237167526502
1534237167526511
1534237167526519
1534237167526528
1534237167526537
1534237167526546
1534237167526556
1534237167526573
1534237167526582
1534237168025816
1534237168025835
1534237168025845
1534237168025854
1534237168025862
1534237168025871
1534237168025878
1534237168025886
1534237168025896
1534237168025904
1534237168025913
1534237168025921
1534237168025930
1534237168025939
1534237168025948
1534237168525686
1534237168525704
1534237168525714
1534237168525725
1534237168525733
1534237168525743
1534237168525752
1534237168525761
1534237168525951
1534237168525965
1534237168525974
1534237168525985
1534237168525993
1534237168526001
1534237168526008
1534237169025967
1534237169025984
1534237169025992
1534237169026001
1534237169026010
1534237169026019
1534237169026027
1534237169026036
1534237169026044
1534237169026053
1534237169026061
1534237169026069
1534237169026078
1534237169026086
1534237169026095
1534237169526701
1534237169526740
1534237169526752
1534237169526762
1534237169526770
1534237169526779
1534237169526788
1534237169526809
1534237169526817
1534237169527003
1534237169527013
1534237169527021
1534237169527030
1534237169527038
1534237169527046
1534237169527054
1534237170026246
1534237170026264
1534237170026273
1534237170026282
1534237170026290
1534237170026299
1534237170026308
1534237170026317
1534237170026489
1534237170026503
1534237170026513
1534237170026521
1534237170026529
1534237170026537
1534237170026545
1534237170527040
1534237170527054
1534237170527063
1534237170527073
1534237170527082
1534237170527091
1534237170527100
1534237170527109
1534237170527124
1534237170527136
1534237170527148
1534237170527156
1534237170527164
1534237170527172
1534237170527180
1534237170527188
1534237171026275
1534237171026290
1534237171026300
1534237171026308
1534237171026316
1534237171026324
1534237171026332
1534237171026342
1534237171026350
1534237171026358
1534237171026366
1534237171026373
1534237171026382
1534237171026390
1534237171026402
1534237171526582
1534237171526596
1534237171526605
1534237171526616
1534237171526626
1534237171526635
1534237171526643
1534237171526652
1534237171526661
1534237171526670
1534237171526679
1534237171526687
1534237171526696
1534237171526705
1534237171526714
1534237171526723
1534237172026460
1534237172026476
1534237172026485
1534237172026494
1534237172026503
1534237172026511
1534237172026520
1534237172026528
1534237172026720
1534237172026732
1534237172026740
1534237172026749
1534237172026757
1534237172026770
1534237172026779
1534237172526341
1534237172526357
1534237172526366
1534237172526374
1534237172526383
1534237172526391
1534237172526400
1534237172526408
1534237172526580
1534237172526591
1534237172526599
1534237172526608
1534237172526617
1534237172526626
1534237172526634
1534237173027261
1534237173027577
1534237173027587
1534237173027596
1534237173027610
1534237173027618
1534237173027627
1534237173027635
1534237173027650
1534237173027659
1534237173027667
1534237173027674
1534237173027687
1534237173027696
1534237173027705
1534237173027713
1534237173526900
1534237173526917
1534237173526926
1534237173526941
1534237173526949
1534237173526958
1534237173526966
1534237173526981
1534237173527094
1534237173527109
1534237173527118
1534237173527126
1534237173527135
1534237173527149
1534237173527158
1534237174026588
1534237174026604
1534237174026612
1534237174026620
1534237174026629
1534237174026637
1534237174026645
1534237174026653
1534237174026661
1534237174026669
1534237174026677
1534237174026686
1534237174026694
1534237174026702
1534237174026712
1534237174526848
1534237174527549
1534237174527568
1534237174527577
1534237174527588
1534237174527596
1534237174527604
1534237174527613
1534237174527621
1534237174527955
1534237174527968
1534237174527977
1534237174527990
1534237174527999
1534237174528008
1534237174528016
1534237175026720
1534237175026740
1534237175026749
1534237175026759
1534237175026768
1534237175026777
1534237175026785
1534237175026793
1534237175026902
1534237175026914
1534237175026922
1534237175026931
1534237175026939
1534237175026947
1534237175026955
1534237175527010
1534237175527027
1534237175527038
1534237175527047
1534237175527055
1534237175527064
1534237175527073
1534237175527081
1534237175527089
1534237175527098
1534237175527106
1534237175527116
1534237175527124
1534237175527137
1534237175527145
1534237175527153
1534237176026908
1534237176026922
1534237176026931
1534237176026941
1534237176026950
1534237176026960
1534237176026974
1534237176026983
1534237176026992
1534237176027001
1534237176027009
1534237176027018
1534237176027026
1534237176027034
1534237176027042
1534237176526942
1534237176526957
1534237176526966
1534237176526974
1534237176526983
1534237176526991
1534237176527001
1534237176527010
1534237176527185
1534237176527196
1534237176527205
1534237176527213
1534237176527222
1534237176527231
1534237176527239
1534237177027708
1534237177027726
1534237177027735
1534237177027748
1534237177027757
1534237177027766
1534237177027785
1534237177027795
1534237177027803
1534237177027815
1534237177027831
1534237177027839
1534237177027847
1534237177027855
1534237177027868
1534237177027876
1534237177527875
1534237177527904
1534237177527924
1534237177527934
1534237177527942
1534237177527951
1534237177527966
1534237177527975
1534237177528153
1534237177528163
1534237177528172
1534237177528180
1534237177528196
1534237177528204
1534237177528213
1534237178027241
1534237178027262
1534237178027281
1534237178027290
1534237178027300
1534237178027322
1534237178027335
1534237178027354
1534237178027364
1534237178027372
1534237178027381
1534237178027395
1534237178027403
1534237178027414
1534237178027428
1534237178527548
1534237178527785
1534237178527813
1534237178527832
1534237178527841
1534237178527850
1534237178527865
1534237178527877
1534237178527887
1534237178527905
1534237178527916
1534237178527925
1534237178527933
1534237178527950
1534237178527964
1534237178527973
1534237179027844
1534237179027861
1534237179027870
1534237179027879
1534237179027888
1534237179027898
1534237179027906
1534237179027915
1534237179027924
1534237179027932
1534237179027941
1534237179027950
1534237179027960
1534237179027968
1534237179027977
1534237179528424
1534237179528439
1534237179528448
1534237179528459
1534237179528470
1534237179528479
1534237179528489
1534237179528498
1534237179528507
1534237179528949
1534237179528962
1534237179528977
1534237179528988
1534237179528998
1534237179529010
1534237179529022
1534237180027988
1534237180028004
1534237180028013
1534237180028023
1534237180028032
1534237180028040
1534237180028049
1534237180028059
1534237180028069
1534237180028078
1534237180028092
1534237180028103
1534237180028112
1534237180028125
1534237180028135
1534237180527710
1534237180527727
1534237180527737
1534237180527748
1534237180527758
1534237180527770
1534237180527780
1534237180527789
1534237180527800
1534237180527810
1534237180527819
1534237180527829
1534237180527841
1534237180527851
1534237180527861
1534237181027954
1534237181028114
1534237181028127
1534237181028136
1534237181028145
1534237181028154
1534237181028167
1534237181028176
1534237181028185
1534237181028315
1534237181028327
1534237181028336
1534237181028346
1534237181028355
1534237181028363
1534237181028372
1534237181528835
1534237181528860
1534237181528870
1534237181528879
1534237181528893
1534237181528904
1534237181528913
1534237181528928
1534237181528937
1534237181528971
1534237181528982
1534237181528991
1534237181529000
1534237181529015
1534237181529024
1534237181529033
1534237182028134
1534237182028153
1534237182028162
1534237182028171
1534237182028180
1534237182028190
1534237182028198
1534237182028207
1534237182028216
1534237182028225
1534237182028234
1534237182028242
1534237182028251
1534237182028260
1534237182028269
1534237182528381
1534237182528632
1534237182528645
1534237182528654
1534237182528663
1534237182528672
1534237182528681
1534237182528689
1534237182528698
1534237182528801
1534237182528813
1534237182528822
1534237182528831
1534237182528840
1534237182528848
1534237182528856
1534237183028825
1534237183028840
1534237183028849
1534237183028859
1534237183028873
1534237183028882
1534237183028894
1534237183028904
1534237183029010
1534237183029022
1534237183029032
1534237183029040
1534237183029049
1534237183029058
1534237183029066
1534237183528367
1534237183528384
1534237183528393
1534237183528403
1534237183528412
1534237183528421
1534237183528431
1534237183528440
1534237183528506
1534237183528519
1534237183528531
1534237183528541
1534237183528550
1534237183528560
1534237183528570
1534237184028650
1534237184028672
1534237184028685
1534237184028696
1534237184028705
1534237184028714
1534237184028725
1534237184028734
1534237184028743
1534237184028823
1534237184028838
1534237184028849
1534237184028858
1534237184028867
1534237184028876
1534237184028885
1534237184528763
1534237184528784
1534237184528794
1534237184528803
1534237184528813
1534237184528823
1534237184528832
1534237184528842
1534237184528851
1534237184528860
1534237184528869
1534237184528879
1534237184528888
1534237184528898
1534237184528908
1534237185028701
1534237185028719
1534237185028729
1534237185028738
1534237185028747
1534237185028756
1534237185028765
1534237185028774
1534237185028980
1534237185028993
1534237185029002
1534237185029021
1534237185029030
1534237185029039
1534237185029047
1534237185529310
1534237185529324
1534237185529333
1534237185529348
1534237185529357
1534237185529367
1534237185529375
1534237185529389
1534237185529398
1534237185529407
1534237185529416
1534237185529435
1534237185529448
1534237185529456
1534237185529476
1534237185529484
1534237186029248
1534237186029273
1534237186029283
1534237186029293
1534237186029302
1534237186029316
1534237186029324
1534237186029332
1534237186029341
1534237186029350
1534237186029358
1534237186029367
1534237186029376
1534237186029387
1534237186029395
1534237186529468
1534237186530045
1534237186530061
1534237186530070
1534237186530082
1534237186530090
1534237186530099
1534237186530107
1534237186530115
1534237186530231
1534237186530244
1534237186530253
1534237186530261
1534237186530269
1534237186530277
1534237186530285
1534237187029460
1534237187029477
1534237187029485
1534237187029495
1534237187029504
1534237187029512
1534237187029521
1534237187029529
1534237187029747
1534237187029758
1534237187029767
1534237187029776
1534237187029787
1534237187029796
1534237187029804
1534237187529909
1534237187529998
1534237187530011
1534237187530020
1534237187530030
1534237187530040
1534237187530049
1534237187530058
1534237187530067
1534237187530234
1534237187530246
1534237187530258
1534237187530267
1534237187530276
1534237187530284
1534237187530292
1534237188029079
1534237188029097
1534237188029106
1534237188029116
1534237188029125
1534237188029134
1534237188029143
1534237188029151
1534237188029649
1534237188029663
1534237188029673
1534237188029681
1534237188029689
1534237188029697
1534237188029706
1534237188530768
1534237188530784
1534237188530793
1534237188530802
1534237188530812
1534237188530825
1534237188530833
1534237188530846
1534237188530854
1534237188530863
1534237188530872
1534237188530883
1534237188530891
1534237188530899
1534237188530906
1534237188530914
1534237189029408
1534237189029428
1534237189029438
1534237189029452
1534237189029460
1534237189029469
1534237189029478
1534237189029493
1534237189029594
1534237189029613
1534237189029621
1534237189029629
1534237189029637
1534237189029650
1534237189029659
1534237189529727
1534237189529929
1534237189529947
1534237189529957
1534237189529966
1534237189529975
1534237189529989
1534237189529997
1534237189530005
1534237189530258
1534237189530269
1534237189530278
1534237189530292
1534237189530300
1534237189530308
1534237189530317
1534237190029865
1534237190029881
1534237190029890
1534237190029898
1534237190029906
1534237190029914
1534237190029922
1534237190029931
1534237190029939
1534237190029948
1534237190029957
1534237190029966
1534237190029978
1534237190029987
1534237190029995
1534237190529679
1534237190529697
1534237190529706
1534237190529715
1534237190529724
1534237190529733
1534237190529741
1534237190529749
1534237190529757
1534237190529766
1534237190529774
1534237190529782
1534237190529790
1534237190529799
1534237190529807
1534237191029932
1534237191029948
1534237191029959
1534237191029968
1534237191029976
1534237191029985
1534237191029993
1534237191030002
1534237191030010
1534237191030115
1534237191030128
1534237191030136
1534237191030145
1534237191030154
1534237191030162
1534237191030171
1534237191530236
1534237191530457
1534237191530470
1534237191530479
1534237191530488
1534237191530496
1534237191530505
1534237191530513
1534237191530521
1534237191530648
1534237191530660
1534237191530669
1534237191530677
1534237191530686
1534237191530694
1534237191530702
1534237192029932
1534237192029949
1534237192029957
1534237192029975
1534237192029987
1534237192030010
1534237192030020
1534237192030028
1534237192030038
1534237192030052
1534237192030063
1534237192030071
1534237192030087
1534237192030096
1534237192030106
1534237192530053
1534237192530074
1534237192530084
1534237192530093
1534237192530102
1534237192530110
1534237192530118
1534237192530126
1534237192530135
1534237192530144
1534237192530153
1534237192530161
1534237192530175
1534237192530185
1534237192530193
1534237193030296
1534237193030320
1534237193030330
1534237193030338
1534237193030350
1534237193030368
1534237193030377
1534237193030390
1534237193030399
1534237193030550
1534237193030571
1534237193030579
1534237193030587
1534237193030596
1534237193030610
1534237193030619
1534237193530809
1534237193531202
1534237193531217
1534237193531227
1534237193531235
1534237193531244
1534237193531254
1534237193531262
1534237193531271
1534237193531433
1534237193531446
1534237193531455
1534237193531465
1534237193531474
1534237193531483
1534237193531491
1534237194030811
1534237194030825
1534237194030834
1534237194030845
1534237194030862
1534237194030871
1534237194030880
1534237194030889
1534237194031012
1534237194031027
1534237194031035
1534237194031046
1534237194031055
1534237194031063
1534237194031072
1534237194530759
1534237194530773
1534237194530781
1534237194530790
1534237194530798
1534237194530808
1534237194530816
1534237194530825
1534237194530941
1534237194530956
1534237194530965
1534237194530973
1534237194530982
1534237194530991
1534237194531000
1534237195030313
1534237195030332
1534237195030342
1534237195030358
1534237195030470
1534237195030480
1534237195030489
1534237195030497
1534237195030506
1534237195030515
1534237195030523
1534237195030533
1534237195030541
1534237195030549
1534237195030557
1534237195530716
1534237195530732
1534237195530743
1534237195530752
1534237195530761
1534237195530769
1534237195530778
1534237195530787
1534237195530795
1534237195530984
1534237195530996
1534237195531005
1534237195531013
1534237195531022
1534237195531030
1534237195531039
1534237196031124
1534237196031576
1534237196031586
1534237196031595
1534237196031604
1534237196031612
1534237196031621
1534237196031630
1534237196031639
1534237196031726
1534237196031735
1534237196031743
1534237196031753
1534237196031761
1534237196031769
1534237196031777
1534237196530529
1534237196530547
1534237196530557
1534237196530565
1534237196530574
1534237196530584
1534237196530594
1534237196530603
1534237196531137
1534237196531153
1534237196531163
1534237196531172
1534237196531183
1534237196531191
1534237196531199
1534237197030982
1534237197031000
1534237197031008
1534237197031016
1534237197031024
1534237197031031
1534237197031040
1534237197031049
1534237197031153
1534237197031165
1534237197031174
1534237197031181
1534237197031189
1534237197031198
1534237197031206
1534237197531088
1534237197531107
1534237197531116
1534237197531126
1534237197531135
1534237197531144
1534237197531153
1534237197531162
1534237197531356
1534237197531370
1534237197531379
1534237197531389
1534237197531398
1534237197531407
1534237197531416
1534237198030759
1534237198030775
1534237198030785
1534237198030794
1534237198030803
1534237198030812
1534237198030820
1534237198030829
1534237198031888
1534237198031902
1534237198031910
1534237198031919
1534237198031928
1534237198031937
1534237198031945
1534237198530975
1534237198530992
1534237198531003
1534237198531012
1534237198531021
1534237198531030
1534237198531040
1534237198531048
1534237198531245
1534237198531259
1534237198531270
1534237198531278
1534237198531287
1534237198531297
1534237198531305
1534237199030944
1534237199030970
1534237199030979
1534237199030987
1534237199031000
1534237199031011
1534237199031019
1534237199031027
1534237199031599
1534237199031613
1534237199031621
1534237199031630
1534237199031642
1534237199031650
1534237199031659
1534237199531533
1534237199531555
1534237199531564
1534237199531573
1534237199531581
1534237199531595
1534237199531604
1534237199531613
1534237199531702
1534237199531719
1534237199531727
1534237199531736
1534237199531744
1534237199531758
1534237199531767
1534237200031724
1534237200031741
1534237200031750
1534237200031758
1534237200031767
1534237200031776
1534237200031784
1534237200031792
1534237200031801
1534237200031810
1534237200031818
1534237200031826
1534237200031838
1534237200031846
1534237200031854
1534237200531930
1534237200531946
1534237200531955
1534237200531965
1534237200531974
1534237200531983
1534237200531991
1534237200531999
1534237200532007
1534237200532213
1534237200532223
1534237200532232
1534237200532241
1534237200532249
1534237200532257
1534237200532265
1534237201031549
1534237201031577
1534237201031586
1534237201031595
1534237201031603
1534237201031612
1534237201031620
1534237201031630
1534237201031955
1534237201031966
1534237201031975
1534237201031985
1534237201031994
1534237201032002
1534237201032011
1534237201531713
1534237201531730
1534237201531739
1534237201531749
1534237201531757
1534237201531766
1534237201531775
1534237201531791
1534237201532038
1534237201532050
1534237201532064
1534237201532073
1534237201532082
1534237201532091
1534237201532100
1534237202032041
1534237202032058
1534237202032067
1534237202032082
1534237202032091
1534237202032100
1534237202032110
1534237202032122
1534237202032132
1534237202032140
1534237202032154
1534237202032162
1534237202032171
1534237202032181
1534237202032194
1534237202531603
1534237202531622
1534237202531632
1534237202531641
1534237202531650
1534237202531658
1534237202531668
1534237202531676
1534237202532582
1534237202532597
1534237202532606
1534237202532616
1534237202532625
1534237202532633
1534237202532641
1534237203031937
1534237203031957
1534237203031967
1534237203031977
1534237203031987
1534237203031997
1534237203032008
1534237203032018
1534237203032032
1534237203032042
1534237203032051
1534237203032060
1534237203032068
1534237203032077
1534237203032086
1534237203532952
1534237203532972
1534237203532981
1534237203532989
1534237203532998
1534237203533006
1534237203533015
1534237203533024
1534237203533034
1534237203533042
1534237203533050
1534237203533058
1534237203533066
1534237203533076
1534237203533086
1534237203533095
1534237204032562
1534237204032579
1534237204032588
1534237204032597
1534237204032607
1534237204032616
1534237204032625
1534237204032634
1534237204032764
1534237204032775
1534237204032783
1534237204032791
1534237204032799
1534237204032808
1534237204032816
1534237204532866
1534237204532882
1534237204532892
1534237204532901
1534237204532910
1534237204532919
1534237204532927
1534237204532936
1534237204532946
1534237204532955
1534237204532966
1534237204532976
1534237204532985
1534237204532993
1534237204533005
1534237204533014
1534237205032578
1534237205032593
1534237205032602
1534237205032610
1534237205032619
1534237205032627
1534237205032635
1534237205032644
1534237205032725
1534237205032734
1534237205032743
1534237205032752
1534237205032760
1534237205032770
1534237205032778
1534237205532975
1534237205533212
1534237205533230
1534237205533239
1534237205533249
1534237205533265
1534237205533276
1534237205533285
1534237205533294
1534237205533303
1534237205533310
1534237205533318
1534237205533327
1534237205533335
1534237205533343
1534237205533351
1534237206033364
1534237206033384
1534237206033393
1534237206033402
1534237206033411
1534237206033421
1534237206033429
1534237206033438
1534237206033447
1534237206033456
1534237206033466
1534237206033474
1534237206033483
1534237206033492
1534237206033500
1534237206033510
1534237206532841
1534237206532856
1534237206532865
1534237206532874
1534237206532883
1534237206532891
1534237206532905
1534237206532914
1534237206533417
1534237206533433
1534237206533442
1534237206533451
1534237206533467
1534237206533476
1534237206533491
1534237207033222
1534237207033240
1534237207033250
1534237207033265
1534237207033275
1534237207033284
1534237207033294
1534237207033303
1534237207033574
1534237207033586
1534237207033595
1534237207033606
1534237207033615
1534237207033624
1534237207033632
1534237207533416
1534237207533436
1534237207533445
1534237207533454
1534237207533463
1534237207533472
1534237207533481
1534237207533490
1534237207533499
1534237207533508
1534237207533516
1534237207533529
1534237207533539
1534237207533547
1534237207533559
1534237208033508
1534237208033532
1534237208033542
1534237208033551
1534237208033565
1534237208033574
1534237208033582
1534237208033591
1534237208033765
1534237208033782
1534237208033792
1534237208033800
1534237208033814
1534237208033824
1534237208033833
1534237208533523
1534237208533543
1534237208533552
1534237208533563
1534237208533573
1534237208533582
1534237208533590
1534237208533600
1534237208533762
1534237208533777
1534237208533787
1534237208533797
1534237208533806
1534237208533828
1534237208533836
1534237209034757
1534237209034777
1534237209034787
1534237209034795
1534237209034804
1534237209034813
1534237209034821
1534237209034830
1534237209034838
1534237209034847
1534237209034855
1534237209034863
1534237209034872
1534237209034881
1534237209034889
1534237209034904
1534237209533961
1534237209533975
1534237209533985
1534237209533995
1534237209534004
1534237209534013
1534237209534021
1534237209534030
1534237209534038
1534237209534053
1534237209534061
1534237209534070
1534237209534083
1534237209534091
1534237209534099
1534237210033954
1534237210033972
1534237210033983
1534237210033991
1534237210034000
1534237210034009
1534237210034018
1534237210034027
1534237210034130
1534237210034143
1534237210034151
1534237210034160
1534237210034168
1534237210034176
1534237210034185
1534237210533913
1534237210533937
1534237210533947
1534237210533957
1534237210533966
1534237210533975
1534237210533989
1534237210533998
1534237210534069
1534237210534081
1534237210534089
1534237210534097
1534237210534105
1534237210534114
1534237210534122
1534237211034254
1534237211034270
1534237211034279
1534237211034289
1534237211034298
1534237211034307
1534237211034321
1534237211034331
1534237211034345
1534237211034354
1534237211034362
1534237211034372
1534237211034381
1534237211034390
1534237211034399
1534237211034407
1534237211534524
1534237211535250
1534237211535268
1534237211535278
1534237211535287
1534237211535296
1534237211535313
1534237211535323
1534237211535331
1534237211535542
1534237211535555
1534237211535564
1534237211535577
1534237211535586
1534237211535595
1534237211535602
1534237212034307
1534237212034330
1534237212034340
1534237212034349
1534237212034363
1534237212034375
1534237212034383
1534237212034392
1534237212034526
1534237212034537
1534237212034545
1534237212034560
1534237212034569
1534237212034578
1534237212034587
1534237212534667
1534237212535379
1534237212535397
1534237212535406
1534237212535414
1534237212535423
1534237212535431
1534237212535439
1534237212535447
1534237212535456
1534237212535465
1534237212535475
1534237212535489
1534237212535498
1534237212535507
1534237212535515
1534237213033805
1534237213033827
1534237213033837
1534237213033846
1534237213033854
1534237213033862
1534237213033871
1534237213033879
1534237213034146
1534237213034165
1534237213034174
1534237213034183
1534237213034196
1534237213034209
1534237213034218
1534237213533789
1534237213533812
1534237213533821
1534237213533835
1534237213533847
1534237213533855
1534237213533864
1534237213533871
1534237213533951
1534237213533965
1534237213533979
1534237213533988
1534237213533998
1534237213534007
1534237213534017
1534237214035210
1534237214035400
1534237214035414
1534237214035499
1534237214035511
1534237214035520
1534237214035529
1534237214035537
1534237214035545
1534237214035555
1534237214035564
1534237214035572
1534237214035581
1534237214035590
1534237214035603
1534237214035611
1534237214535124
1534237214535142
1534237214535152
1534237214535161
1534237214535170
1534237214535178
1534237214535193
1534237214535202
1534237214535271
1534237214535283
1534237214535292
1534237214535301
1534237214535309
1534237214535318
1534237214535328
1534237215034449
1534237215034465
1534237215034475
1534237215034489
1534237215034499
1534237215034507
1534237215034523
1534237215034532
1534237215034541
1534237215034550
1534237215034566
1534237215034575
1534237215034591
1534237215034606
1534237215034614
1534237215534713
1534237215534729
1534237215534738
1534237215534747
1534237215534756
1534237215534765
1534237215534774
1534237215534784
1534237215534793
1534237215535002
1534237215535011
1534237215535019
1534237215535028
1534237215535037
1534237215535045
1534237215535053
1534237216034855
1534237216034876
1534237216034885
1534237216034894
1534237216034904
1534237216034912
1534237216034919
1534237216034927
1534237216035076
1534237216035090
1534237216035098
1534237216035108
1534237216035117
1534237216035126
1534237216035135
1534237216534308
1534237216534323
1534237216534332
1534237216534341
1534237216534451
1534237216534464
1534237216534473
1534237216534482
1534237216535663
1534237216535676
1534237216535685
1534237216535695
1534237216535704
1534237216535713
1534237216535721
1534237217035214
1534237217035230
1534237217035238
1534237217035247
1534237217035255
1534237217035264
1534237217035273
1534237217035282
1534237217035363
1534237217035375
1534237217035384
1534237217035392
1534237217035401
1534237217035409
1534237217035418
1534237217535381
1534237217535397
1534237217535406
1534237217535415
1534237217535423
1534237217535433
1534237217535441
1534237217535450
1534237217535494
1534237217535504
1534237217535520
1534237217535529
1534237217535538
1534237217535547
1534237217535556
1534237218035182
1534237218035197
1534237218035207
1534237218035217
1534237218035226
1534237218035235
1534237218035244
1534237218035254
1534237218035263
1534237218035272
1534237218035280
1534237218035292
1534237218035301
1534237218035313
1534237218035321
1534237218535849
1534237218536992
1534237218537008
1534237218537019
1534237218537028
1534237218537037
1534237218537046
1534237218537055
1534237218537064
1534237218537075
1534237218537084
1534237218537092
1534237218537101
1534237218537110
1534237218537120
1534237218537128
1534237219036149
1534237219036169
1534237219036178
1534237219036191
1534237219036200
1534237219036209
1534237219036218
1534237219036234
1534237219036281
1534237219036292
1534237219036306
1534237219036315
1534237219036324
1534237219036333
1534237219036349
1534237219536436
1534237219536618
1534237219536631
1534237219536640
1534237219536655
1534237219536663
1534237219536672
1534237219536681
1534237219536696
1534237219536920
1534237219536931
1534237219536940
1534237219536954
1534237219536963
1534237219536971
1534237219536979
1534237220036009
1534237220036027
1534237220036036
1534237220036043
1534237220036052
1534237220036060
1534237220036068
1534237220036076
1534237220036084
1534237220036093
1534237220036101
1534237220036109
1534237220036126
1534237220036135
1534237220036144
1534237220535751
1534237220535772
1534237220535781
1534237220535790
1534237220535800
1534237220535809
1534237220535819
1534237220535828
1534237220535844
1534237220535854
1534237220535864
1534237220535873
1534237220535882
1534237220535892
1534237220535901
1534237221035790
1534237221035811
1534237221035820
1534237221035831
1534237221035840
1534237221035849
1534237221035858
1534237221035867
1534237221035877
1534237221035892
1534237221035902
1534237221035910
1534237221035919
1534237221035927
1534237221035935
1534237221535842
1534237221535860
1534237221535869
1534237221535878
1534237221535887
1534237221535898
1534237221535907
1534237221535916
1534237221536110
1534237221536123
1534237221536132
1534237221536143
1534237221536151
1534237221536160
1534237221536168
