1534237122518220
1534237123017918
1534237123518452
1534237124018752
1534237124518683
1534237125018922
1534237125518872
1534237126018710
1534237126518544
1534237127018978
1534237127518673
1534237128019189
1534237128519262
1534237129019093
1534237129519260
1534237130019606
1534237130519471
1534237131019331
1534237131519718
1534237132019684
1534237132519565
1534237133019790
1534237133520656
1534237134019891
1534237134520017
1534237135020475
1534237135520621
1534237136020491
1534237136520518
1534237137020567
1534237137521056
1534237138020784
1534237138520775
1534237139021123
1534237139520894
1534237140021300
1534237140520694
1534237141020990
1534237141521367
1534237142021474
1534237142521391
1534237143022058
1534237143521572
1534237144021617
1534237144522460
1534237145021790
1534237145521973
1534237146022082
1534237146522221
1534237147022078
1534237147522699
1534237148022778
1534237148523089
1534237149023161
1534237149523092
1534237150023696
1534237150523732
1534237151023714
1534237151523174
1534237152023514
1534237152524449
1534237153024420
1534237153523683
1534237154024520
1534237154523416
1534237155023767
1534237155524566
1534237156024042
1534237156524823
1534237157024302
1534237157525168
1534237158024540
1534237158525548
1534237159025016
1534237159525149
1534237160025552
1534237160524617
1534237161025702
1534237161525272
1534237162025253
1534237162525768
1534237163025314
1534237163525464
1534237164025772
1534237164525577
1534237165026007
1534237165526185
1534237166025799
1534237166526272
1534237167027504
1534237167527009
1534237168026433
1534237168526374
1534237169026674
1534237169527582
1534237170026989
1534237170527737
1534237171026881
1534237171527327
1534237172027267
1534237172527065
1534237173028243
1534237173527569
1534237174027282
1534237174528155
1534237175027422
1534237175527876
1534237176027473
1534237176527655
1534237177028499
1534237177528639
1534237178027990
1534237178528530
1534237179028450
1534237179529458
1534237180028644
1534237180528441
1534237181028809
1534237181529682
1534237182028861
1534237182529336
1534237183029540
1534237183529129
1534237184029458
1534237184529548
1534237185029430
1534237185530088
1534237186029925
1534237186530659
1534237187030124
1534237187530750
1534237188029908
1534237188531572
1534237189030259
1534237189530724
1534237190030503
1534237190530322
1534237191030655
1534237191531122
1534237192030713
1534237192530758
1534237193031146
1534237193531865
1534237194031502
1534237194531506
1534237195031221
1534237195531450
1534237196032182
1534237196531335
1534237197031747
1534237197531811
1534237198531689
1534237199031921
1534237199532339
1534237200032399
1534237200532679
1534237201032294
1534237201532409
1534237202032810
1534237202532430
1534237203032618
1534237203534079
1534237204033227
1534237204533713
1534237205033438
1534237205533894
1534237206034185
1534237206533646
1534237207034002
1534237207534026
1534237208034151
1534237208534218
1534237209035608
1534237209534653
1534237210034680
1534237210534595
1534237211035016
1534237211535866
1534237212034961
1534237212419118
1534237212536045
1534237213034977
1534237213534878
1534237214036171
1534237214535891
1534237215035279
1534237215535518
1534237216035599
1534237217035949
1534237217536013
1534237218036007
1534237218537683
1534237219036808
1534237219537232
1534237220036672
1534237220536468
1534237221036449
1534237221536471
