1534169164586800
1534169165086869
1534169165586947
1534169166087020
1534169166587097
1534169167087184
1534169168087317
1534169169087454
1534169169587522
1534169170087595
1534169171087781
1534169171587859
1534169172087928
1534169172588000
1534169173088071
1534169173588137
1534169174588288
1534169175088357
1534169175588424
1534169176088491
1534169177088633
1534169178088780
1534169178588847
1534169179088931
1534169179589004
1534169180589165
1534169181089231
1534169181589298
1534169182089374
1534169182589450
1534169183589696
1534169184589838
1534169185589980
1534169186090057
1534169187090200
1534169187590269
1534169188590419
1534169189090491
1534169189590563
1534169190590712
1534169191090790
1534169191590876
1534169192090952
1534169192591019
1534169193091094
1534169193591169
1534169194091236
1534169194591312
1534169195591456
1534169196091521
1534169196591590
1534169197091682
1534169197591751
1534169198591910
1534169199091980
1534169199592057
1534169200092124
1534169200592205
1534169201092305
1534169201592377
1534169202092449
1534169202592536
1534169203092602
1534169203592677
1534169204092745
1534169204592830
1534169205092902
1534169205592973
1534169206093106
1534169206593172
1534169207093238
1534169207593311
1534169208093410
1534169208593489
1534169209093569
1534169210093722
1534169210593790
1534169211093879
1534169211593946
1534169212594089
1534169213094156
1534169213594239
1534169214094315
1534169214594382
1534169215594533
1534169216094608
1534169216594675
1534169217094747
1534169217594828
1534169218094896
1534169218594988
1534169219095058
1534169219595133
1534169220095211
1534169220595276
1534169221095351
1534169221595418
1534169222095492
1534169222595569
1534169223095635
1534169224095779
1534169224595871
1534169225596005
1534169226096072
1534169226596138
1534169227096204
1534169227596290
1534169228096366
1534169228596434
1534169230096670
1534169230596744
1534169231096820
1534169232096955
1534169232597020
1534169233097087
1534169233597172
1534169234097252
1534169234597329
1534169235597473
1534169236097564
1534169236597672
1534169237097741
1534169237597831
1534169238097898
1534169238597982
1534169239098054
1534169240098193
1534169240598271
1534169241098344
1534169241598427
1534169242098495
1534169242598599
1534169243098685
1534169243598753
1534169244098822
1534169244598901
1534169245098978
1534169245599046
1534169246599197
1534169247599343
1534169248099421
1534169248599494
1534169249099586
1534169249599657
1534169250099759
1534169250599826
1534169251099892
1534169252100060
1534169252600127
1534169253100203
1534169253600272
1534169254100338
1534169254600417
1534169255600509
1534169256600652
1534169257600799
1534169258600953
1534169259101039
1534169259601141
1534169260101249
1534169261101397
1534169261601466
1534169262101545
1534169262601614
1534169263101695
1534169263601757
1534169264101826
1534169264601898
