1534169164087307
1534169164087349
1534169164087376
1534169164087883
1534169164088003
1534169164088073
1534169164088153
1534169164587814
1534169164587903
1534169164587976
1534169164588024
1534169165087657
1534169165087843
1534169165088041
1534169165088154
1534169165088233
1534169165587376
1534169165587581
1534169165587793
1534169165587924
1534169165588000
1534169165588134
1534169165588202
1534169166088037
1534169166088379
1534169166088452
1534169166088507
1534169166588625
1534169166588862
1534169166589010
1534169166589037
1534169166589096
1534169166589145
1534169166589398
1534169167087925
1534169167088580
1534169167088689
1534169167088790
1534169167088898
1534169167588178
1534169167588292
1534169167588336
1534169167588400
1534169167589065
1534169168087720
1534169168087739
1534169168087943
1534169168088056
1534169168088497
1534169168088610
1534169168589212
1534169168589284
1534169168589370
1534169168589538
1534169169088119
1534169169088256
1534169169088471
1534169169088620
1534169169088760
1534169169588522
1534169169588679
1534169169588854
1534169169588957
1534169170088813
1534169170088994
1534169170089052
1534169170089073
1534169170089078
1534169170089235
1534169170089311
1534169170588168
1534169170588539
1534169170588885
1534169170588961
1534169170589066
1534169171088574
1534169171088677
1534169171088854
1534169171088978
1534169171089081
1534169171588234
1534169171588577
1534169171588877
1534169171589065
1534169171589219
1534169172088509
1534169172088748
1534169172088987
1534169172089227
1534169172089333
1534169172588544
1534169172588689
1534169172588712
1534169172588886
1534169172589128
1534169172589222
1534169173088652
1534169173088768
1534169173088859
1534169173088946
1534169173088981
1534169173589060
1534169173589190
1534169173589520
1534169173589610
1534169174088947
1534169174089103
1534169174089206
1534169174089302
1534169174089349
1534169174589041
1534169174589163
1534169174589274
1534169174589340
1534169174589444
1534169174589688
1534169174589820
1534169175089363
1534169175089557
1534169175089826
1534169175089842
1534169175090021
1534169175588876
1534169175588973
1534169175589070
1534169175589684
1534169175589896
1534169175590017
1534169176088982
1534169176089307
1534169176089568
1534169176089734
1534169176089824
1534169176588973
1534169176589111
1534169176589658
1534169176589776
1534169176589844
1534169177089695
1534169177089800
1534169177089935
1534169177090049
1534169177589208
1534169177589321
1534169177589850
1534169177589919
1534169177590013
1534169177590346
1534169178089912
1534169178090019
1534169178090170
1534169178090256
1534169178590201
1534169178590257
1534169178590378
1534169178590408
1534169178590496
1534169179089709
1534169179089923
1534169179090099
1534169179090266
1534169179090351
1534169179590450
1534169179590798
1534169179590863
1534169179590975
1534169180089473
1534169180089562
1534169180089613
1534169180090129
1534169180090240
1534169180090359
1534169180090419
1534169180590250
1534169180590691
1534169180590870
1534169180590976
1534169180591069
1534169180591276
1534169181090577
1534169181090949
1534169181091157
1534169181091241
1534169181091373
1534169181589740
1534169181590142
1534169181590229
1534169181590297
1534169181590632
1534169181590669
1534169182090069
1534169182090361
1534169182090518
1534169182090671
1534169182090826
1534169182590600
1534169182590831
1534169182591022
1534169182591238
1534169182591348
1534169182591466
1534169183090002
1534169183090189
1534169183090304
1534169183090376
1534169183090675
1534169183090835
1534169183091005
1534169183590480
1534169183590564
1534169183590682
1534169183590873
1534169183591123
1534169184090358
1534169184090769
1534169184090912
1534169184091022
1534169184091117
1534169184590521
1534169184590645
1534169184590834
1534169184590985
1534169184591067
1534169185091191
1534169185091365
1534169185091436
1534169185091544
1534169185590426
1534169185590479
1534169185590817
1534169185590913
1534169185591002
1534169185591140
1534169185591216
1534169185591322
1534169186090683
1534169186090980
1534169186091018
1534169186091072
1534169186091131
1534169186091179
1534169186590894
1534169186591757
1534169186591899
1534169186592034
1534169187091208
1534169187091313
1534169187091708
1534169187091798
1534169187091856
1534169187590824
1534169187590947
1534169187591011
1534169187591129
1534169187591659
1534169188090808
1534169188091018
1534169188091181
1534169188091372
1534169188091466
1534169188091556
1534169188591003
1534169188591269
1534169188591523
1534169188591750
1534169188591791
1534169189091299
1534169189091477
1534169189091664
1534169189091740
1534169189091814
1534169189590980
1534169189591146
1534169189591203
1534169189591246
1534169189591589
1534169189591632
1534169190091054
1534169190091128
1534169190091169
1534169190091550
1534169190091650
1534169190091675
1534169190091802
1534169190091947
1534169190591236
1534169190591373
1534169190591567
1534169190591682
1534169190591798
1534169190592073
1534169190592151
1534169191091140
1534169191091296
1534169191091475
1534169191091690
1534169191091773
1534169191091989
1534169191092044
1534169191591699
1534169191592011
1534169191592184
1534169191592261
1534169191592347
1534169191592525
1534169192091569
1534169192091798
1534169192091962
1534169192092154
1534169192092315
1534169192591477
1534169192591621
1534169192591747
1534169192591958
1534169192592072
1534169192592200
1534169192592299
1534169193092096
1534169193092213
1534169193092281
1534169193092744
1534169193092806
1534169193591934
1534169193592461
1534169193592619
1534169193592727
1534169193592792
1534169194092049
1534169194092165
1534169194092454
1534169194092662
1534169194092685
1534169194092768
1534169194592299
1534169194592382
1534169194592503
1534169194592863
1534169194592971
1534169195092959
1534169195092994
1534169195093010
1534169195093023
1534169195093034
1534169195093192
1534169195093217
1534169195093279
1534169195592577
1534169195592606
1534169195592710
1534169195592846
1534169195592975
1534169196092408
1534169196092627
1534169196092759
1534169196092864
1534169196592628
1534169196592752
1534169196592867
1534169196593023
1534169197092301
1534169197092509
1534169197092653
1534169197092782
1534169197092808
1534169197092975
1534169197593022
1534169197593103
1534169197593167
1534169197593318
1534169197593399
1534169198092429
1534169198092563
1534169198092705
1534169198092968
1534169198093202
1534169198093371
1534169198592880
1534169198592927
1534169198593152
1534169198593238
1534169199093298
1534169199093312
1534169199093332
1534169199093459
1534169199093550
1534169199093626
1534169199093709
1534169199592704
1534169199593061
1534169199593275
1534169199593387
1534169199593453
1534169200093501
1534169200093628
1534169200093701
1534169200093745
1534169200093775
1534169200593363
1534169200593471
1534169200593624
1534169200593708
1534169201092776
1534169201093169
1534169201093330
1534169201093411
1534169201093489
1534169201094407
1534169201592789
1534169201593234
1534169201593684
1534169201593775
1534169201593839
1534169201594003
1534169202093163
1534169202093264
1534169202093294
1534169202093345
1534169202093380
1534169202093461
1534169202093627
1534169202593246
1534169202593555
1534169202593638
1534169202593871
1534169202593968
1534169203094198
1534169203094262
1534169203094337
1534169203094402
1534169203593250
1534169203593409
1534169203593482
1534169203593650
1534169203594030
1534169203594089
1534169204093444
1534169204093570
1534169204093910
1534169204094095
1534169204094210
1534169204593641
1534169204593994
1534169204594117
1534169204594289
1534169204594384
1534169205094388
1534169205094498
1534169205094591
1534169205094684
1534169205593672
1534169205593827
1534169205593947
1534169205594037
1534169205594084
1534169206094748
1534169206094849
1534169206094970
1534169206095097
1534169206593649
1534169206593784
1534169206594035
1534169206594275
1534169206594350
1534169206594406
1534169207093821
1534169207093971
1534169207094156
1534169207094179
1534169207094261
1534169207094288
1534169207094324
1534169207593820
1534169207594044
1534169207594250
1534169207594521
1534169207594644
1534169208093938
1534169208094063
1534169208094384
1534169208094425
1534169208094520
1534169208094577
1534169208095039
1534169208595360
1534169208595431
1534169208595528
1534169208595643
1534169208595735
1534169209094749
1534169209094852
1534169209095010
1534169209095114
1534169209594213
1534169209594835
1534169209594976
1534169209595092
1534169210094718
1534169210094896
1534169210095231
1534169210095274
1534169210095310
1534169210095331
1534169210095452
1534169210594259
1534169210594652
1534169210594979
1534169210595195
1534169210595280
1534169211094883
1534169211095010
1534169211095128
1534169211095366
1534169211594465
1534169211595366
1534169211595550
1534169211595650
1534169211595697
1534169212094892
1534169212095746
1534169212095886
1534169212096124
1534169212595317
1534169212595715
1534169212595810
1534169212595876
1534169212595933
1534169213095319
1534169213095438
1534169213095567
1534169213095691
1534169213594672
1534169213594956
1534169213595188
1534169213595392
1534169213595580
1534169213595697
1534169214096030
1534169214096117
1534169214096200
1534169214096259
1534169214595014
1534169214595754
1534169214595772
1534169214595862
1534169214595884
1534169214595985
1534169214596010
1534169214596085
1534169215095333
1534169215095551
1534169215095695
1534169215095894
1534169215595796
1534169215595877
1534169215595915
1534169215595941
1534169215596028
1534169215596150
1534169216095438
1534169216095925
1534169216096098
1534169216096244
1534169216096378
1534169216595499
1534169216595722
1534169216595853
1534169216595907
1534169217095425
1534169217095935
1534169217096103
1534169217096191
1534169217096297
1534169217596276
1534169217596382
1534169217596478
1534169217596601
1534169218095660
1534169218095786
1534169218095874
1534169218095962
1534169218597214
1534169218597315
1534169218597399
1534169218597561
1534169219096818
1534169219096925
1534169219096956
1534169219097087
1534169219097116
1534169219097189
1534169219595622
1534169219595661
1534169219595676
1534169219595713
1534169219595757
1534169219595777
1534169219595835
1534169219596125
1534169219596173
1534169220096381
1534169220096486
1534169220096660
1534169220096780
1534169220596223
1534169220596418
1534169220596442
1534169220596503
1534169220596626
1534169220596641
1534169220596708
1534169220596722
1534169221096047
1534169221096232
1534169221096370
1534169221096468
1534169221096589
1534169221595926
1534169221596008
1534169221596398
1534169221596436
1534169221596550
1534169221596597
1534169221596631
1534169221597067
1534169221597173
1534169222096828
1534169222097080
1534169222097239
1534169222097360
1534169222596915
1534169222596959
1534169222597036
1534169222597084
1534169223096905
1534169223096950
1534169223097024
1534169223097073
1534169223596143
1534169223596284
1534169223597010
1534169223597144
1534169223597481
1534169223597513
1534169223597588
1534169224096272
1534169224096431
1534169224096826
1534169224096993
1534169224097147
1534169224097260
1534169224596423
1534169224596503
1534169224596833
1534169224597133
1534169224597305
1534169225096425
1534169225096542
1534169225096789
1534169225096926
1534169225096954
1534169225096984
1534169225596795
1534169225597000
1534169225597038
1534169225597292
1534169225597523
1534169226096960
1534169226097149
1534169226097318
1534169226097496
1534169226097571
1534169226596841
1534169226596872
1534169226596887
1534169226597211
1534169226597321
1534169226597655
1534169226597832
1534169227096690
1534169227097332
1534169227097517
1534169227097646
1534169227097744
1534169227596790
1534169227597405
1534169227597514
1534169227597585
1534169227597727
1534169228098237
1534169228098325
1534169228098433
1534169228098541
1534169228596925
1534169228597122
1534169228597141
1534169228597223
1534169228597383
1534169228597527
1534169228597543
1534169228597556
1534169229097147
1534169229097177
1534169229097818
1534169229097969
1534169229098116
1534169229098218
1534169229597577
1534169229597744
1534169229597874
1534169229597973
1534169230097269
1534169230097551
1534169230097688
1534169230097860
1534169230098024
1534169230597361
1534169230597475
1534169230597755
1534169230597995
1534169230598179
1534169231097515
1534169231097581
1534169231097888
1534169231097989
1534169231098068
1534169231597546
1534169231597731
1534169231597879
1534169231597992
1534169231598040
1534169232097608
1534169232097714
1534169232097838
1534169232097950
1534169232098000
1534169232597510
1534169232597586
1534169232597608
1534169232597716
1534169232597778
1534169232597817
1534169233097721
1534169233097995
1534169233098147
1534169233098197
1534169233098274
1534169233598279
1534169233598367
1534169233598430
1534169233598548
1534169233598620
1534169234098810
1534169234098912
1534169234099026
1534169234099109
1534169234598460
1534169234598679
1534169234598806
1534169234599027
1534169234599043
1534169234599149
1534169235097897
1534169235097944
1534169235098173
1534169235098304
1534169235098434
1534169235098861
1534169235098965
1534169235599355
1534169235599418
1534169235599542
1534169235599641
1534169236098031
1534169236098451
1534169236098700
1534169236098888
1534169236099000
1534169236598038
1534169236598129
1534169236598420
1534169236598469
1534169236598853
1534169236598925
1534169236599180
1534169236599253
1534169237098470
1534169237098625
1534169237098730
1534169237098841
1534169237098961
1534169237598942
1534169237599196
1534169237599321
1534169237599714
1534169237599820
1534169237599918
1534169238098729
1534169238099086
1534169238099170
1534169238099264
1534169238099384
1534169238598701
1534169238599386
1534169238599550
1534169238599654
1534169238599764
1534169239099394
1534169239099899
1534169239100003
1534169239100116
1534169239598648
1534169239598753
1534169239599034
1534169239599124
1534169239599307
1534169240098974
1534169240099478
1534169240099606
1534169240099721
1534169240099796
1534169240099812
1534169240599586
1534169240600168
1534169240600340
1534169240600459
1534169240600567
1534169241099122
1534169241099390
1534169241099441
1534169241099506
1534169241599094
1534169241599198
1534169241599406
1534169241599508
1534169241599591
1534169241599682
1534169241599865
1534169242100000
1534169242100080
1534169242100150
1534169242100325
1534169242599846
1534169242600047
1534169242600194
1534169242600284
1534169242600382
1534169242600451
1534169243099482
1534169243099504
1534169243099715
1534169243099838
1534169243099975
1534169243100059
1534169243599351
1534169243599605
1534169243599733
1534169243599946
1534169243600050
1534169243600171
1534169244099296
1534169244099614
1534169244099779
1534169244099846
1534169244099980
1534169244100046
1534169244599220
1534169244599850
1534169244599868
1534169244599951
1534169244600071
1534169244600753
1534169244600799
1534169245099693
1534169245099997
1534169245100148
1534169245100302
1534169245100492
1534169245599641
1534169245599958
1534169245600060
1534169245600120
1534169245600158
1534169245600258
1534169245600586
1534169245600621
1534169246099655
1534169246099822
1534169246100099
1534169246100367
1534169246100570
1534169246100701
1534169246600465
1534169246600544
1534169246600651
1534169246600733
1534169247099771
1534169247099852
1534169247100385
1534169247100443
1534169247100598
1534169247100675
1534169247101014
1534169247101100
1534169247599976
1534169247600736
1534169247600927
1534169247601030
1534169247601250
1534169247601356
1534169248100096
1534169248100232
1534169248100464
1534169248100718
1534169248100830
1534169248600300
1534169248600313
1534169248600326
1534169248600594
1534169248600697
1534169248600717
1534169248600724
1534169249100762
1534169249100874
1534169249101060
1534169249101180
1534169249600099
1534169249600196
1534169249600685
1534169249600918
1534169249601075
1534169250100834
1534169250100920
1534169250101162
1534169250101269
1534169250101347
1534169250600378
1534169250600625
1534169250600739
1534169250600787
1534169250601260
1534169251101592
1534169251101686
1534169251101813
1534169251101897
1534169251601257
1534169251601326
1534169251601438
1534169251601524
1534169252100459
1534169252100720
1534169252100870
1534169252100971
1534169252101218
1534169252101355
1534169252601080
1534169252601589
1534169252601991
1534169252602103
1534169252602180
1534169253100792
1534169253100897
1534169253101069
1534169253101229
1534169253101365
1534169253101548
1534169253101656
1534169253602008
1534169253602080
1534169253602177
1534169253602273
1534169254101486
1534169254101673
1534169254101793
1534169254101871
1534169254601160
1534169254601401
1534169254601540
1534169254601701
1534169254601807
1534169255100953
1534169255101069
1534169255101356
1534169255101511
1534169255101702
1534169255101889
1534169255601484
1534169255601607
1534169255601682
1534169255601852
1534169256100952
1534169256101220
1534169256101490
1534169256101685
1534169256102010
1534169256102108
1534169256601426
1534169256601842
1534169256602054
1534169256602167
1534169256602272
1534169257101767
1534169257101936
1534169257102261
1534169257102377
1534169257601754
1534169257601801
1534169257601873
1534169257601924
1534169258101441
1534169258101505
1534169258101917
1534169258102156
1534169258102330
1534169258102443
1534169258102555
1534169258102634
1534169258602140
1534169258602312
1534169258602428
1534169258602604
1534169259102247
1534169259102303
1534169259102409
1534169259102508
1534169259602725
1534169259602777
1534169259602880
1534169259602949
1534169260102590
1534169260102665
1534169260102748
1534169260102834
1534169260601819
1534169260601917
1534169260602380
1534169260602562
1534169260602659
1534169260602800
1534169261101911
1534169261102367
1534169261102468
1534169261102582
1534169261102654
1534169261602680
1534169261602726
1534169261602798
1534169261602848
1534169262103135
1534169262103468
1534169262103581
1534169262103679
1534169262602800
1534169262603069
1534169262603163
1534169262603251
1534169263102439
1534169263103001
1534169263103207
1534169263103510
1534169263103612
1534169263603252
1534169263603306
1534169263603400
1534169263603421
1534169263603459
1534169264102730
1534169264103064
1534169264103129
1534169264103198
1534169264602470
1534169264602572
1534169264602656
1534169264602742
1534169264602875
1534169264602921
1534169264602976
