1534169164588365
1534169165088556
1534169165588775
1534169166088826
1534169166589391
1534169167089132
1534169168088577
1534169169088959
1534169169589093
1534169170089811
1534169171089324
1534169171589302
1534169172089508
1534169172589444
1534169173089485
1534169173589883
1534169174589784
1534169175090110
1534169175589759
1534169176089863
1534169177090264
1534169178090635
1534169178590834
1534169179090574
1534169179591547
1534169180591363
1534169181091596
1534169181590900
1534169182091060
1534169182591648
1534169183591262
1534169184591309
1534169185591124
1534169186091610
1534169187091973
1534169187591933
1534169188092444
1534169188592347
1534169189092148
1534169189591918
1534169190592039
1534169191092150
1534169191592640
1534169192092442
1534169192592474
1534169193092754
1534169193593019
1534169194092867
1534169194593020
1534169195593205
1534169196093334
1534169196593377
1534169197093275
1534169197593607
1534169198593693
1534169199093878
1534169199593551
1534169200094317
1534169200594148
1534169201094134
1534169201593906
1534169202094053
1534169202594936
1534169203094974
1534169203594195
1534169204094309
1534169204594575
1534169205094911
1534169205594471
1534169206095350
1534169206595020
1534169207094818
1534169207594794
1534169208094680
1534169208595957
1534169209095403
1534169210095615
1534169210595403
1534169211095685
1534169211595933
1534169212596040
1534169213095871
1534169213595837
1534169214097111
1534169214596354
1534169215596463
1534169216096499
1534169216596254
1534169217096495
1534169217597089
1534169218096533
1534169218597779
1534169219097334
1534169219596734
1534169220097059
1534169220597300
1534169221096962
1534169221596893
1534169222097511
1534169222597571
1534169223097471
1534169224097516
1534169224598074
1534169225597677
1534169226097837
1534169226597411
1534169227097954
1534169227597936
1534169228098781
1534169228598038
1534169230098206
1534169230598253
1534169231098328
1534169232098420
1534169232598435
1534169233099017
1534169233598908
1534169234099397
1534169234599276
1534169235599893
1534169236099136
1534169236598885
1534169237099226
1534169237599565
1534169238099608
1534169238599953
1534169239100014
1534169240099930
1534169240600770
1534169241099910
1534169241600226
1534169242100605
1534169242600772
1534169243100147
1534169243600318
1534169244100409
1534169244600548
1534169245100549
1534169245600830
1534169246601401
1534169247601312
1534169248100972
1534169248601218
1534169249101358
1534169249601188
1534169250101452
1534169250601695
1534169251102193
1534169252101495
1534169252602238
1534169253101740
1534169253603021
1534169254102073
1534169254601913
1534169255602267
1534169256602420
1534169257602411
1534169258602739
1534169259103212
1534169259603305
1534169260103104
1534169261102959
1534169261603245
1534169262103695
1534169262603376
1534169263103668
1534169263603940
1534169264103331
1534169264603476
