1531849755586691
1531849755586711
1531849755586719
1531849755586726
1531849756086630
1531849756086651
1531849756086659
1531849756086667
1531849756586738
1531849756586756
1531849756586763
1531849756586785
1531849756586797
1531849757086798
1531849757086815
1531849757086825
1531849757086834
1531849757586818
1531849757586832
1531849757586838
1531849757586845
1531849758086943
1531849758086954
1531849758086962
1531849758086971
1531849758086977
1531849758587035
1531849758587051
1531849758587059
1531849758587069
1531849758587076
1531849759087055
1531849759087069
1531849759087078
1531849759087085
1531849759587107
1531849759587119
1531849759587126
1531849759587137
1531849759587147
1531849760087160
1531849760087172
1531849760087180
1531849760087189
1531849760087196
1531849760587219
1531849760587231
1531849760587241
1531849760587250
1531849760587256
1531849761087269
1531849761087280
1531849761087288
1531849761087294
1531849761087302
1531849761587347
1531849761587359
1531849761587367
1531849761587373
1531849761587385
1531849762087455
1531849762087472
1531849762087479
1531849762087487
1531849762087494
1531849762587528
1531849762587548
1531849762587556
1531849762587564
1531849762587571
1531849763087717
1531849763087767
1531849763087777
1531849763087785
1531849763087796
1531849763587749
1531849763587770
1531849763587778
1531849763587786
1531849764087808
1531849764087825
1531849764087835
1531849764087843
1531849764087852
1531849764587841
1531849764587857
1531849764587865
1531849764587872
1531849765087928
1531849765087947
1531849765087955
1531849765087963
1531849765087970
1531849765588019
1531849765588037
1531849765588044
1531849765588051
1531849765588059
1531849766088083
1531849766088094
1531849766088101
1531849766088108
1531849766588117
1531849766588132
1531849766588140
1531849766588148
1531849767088196
1531849767088209
1531849767088216
1531849767088223
1531849767088229
1531849767588323
1531849767588336
1531849767588343
1531849767588352
1531849767588359
1531849768088356
1531849768088372
1531849768088380
1531849768088389
1531849768588458
1531849768588473
1531849768588481
1531849768588494
1531849768588501
1531849769088587
1531849769088605
1531849769088612
1531849769088619
1531849769088627
1531849769588585
1531849769588603
1531849769588612
1531849769588619
1531849770088631
1531849770088649
1531849770088657
1531849770088666
1531849770588749
1531849770588763
1531849770588773
1531849770588782
1531849770588790
1531849771088797
1531849771088820
1531849771088830
1531849771088838
1531849771588885
1531849771588899
1531849771588908
1531849771588916
1531849771588924
1531849772088996
1531849772089010
1531849772089018
1531849772089026
1531849772089034
1531849772589044
1531849772589057
1531849772589066
1531849772589073
1531849772589080
1531849773089074
1531849773089090
1531849773089097
1531849773089104
1531849773589205
1531849773589288
1531849773589303
1531849773589311
1531849773589319
1531849774089404
1531849774089420
1531849774089427
1531849774089435
1531849774089445
1531849774589517
1531849774589534
1531849774589542
1531849774589552
1531849774589562
1531849775089492
1531849775089510
1531849775089518
1531849775089525
1531849775589597
1531849775589617
1531849775589626
1531849775589636
1531849775589644
1531849776089713
1531849776089731
1531849776089740
1531849776089752
1531849776089760
1531849776589695
1531849776589713
1531849776589722
1531849776589731
1531849777089744
1531849777089760
1531849777089771
1531849777089781
1531849777089789
1531849777589865
1531849777589947
1531849777589957
1531849777589964
1531849777589971
1531849778089998
1531849778090012
1531849778090021
1531849778090030
1531849778090041
1531849778590035
1531849778590048
1531849778590055
1531849778590062
1531849779090130
1531849779090147
1531849779090156
1531849779090163
1531849779090171
1531849779590201
1531849779590215
1531849779590223
1531849779590230
1531849779590238
1531849780090220
1531849780090234
1531849780090245
1531849780090253
1531849780590274
1531849780590286
1531849780590293
1531849780590305
1531849780590316
1531849781090390
1531849781090494
1531849781090504
1531849781090511
1531849781090528
1531849781590511
1531849781590531
1531849781590539
1531849781590546
1531849782090612
1531849782090673
1531849782090685
1531849782090692
1531849782090699
1531849782590647
1531849782590664
1531849782590672
1531849782590680
1531849783090691
1531849783090711
1531849783090719
1531849783090725
1531849783590790
1531849783590803
1531849783590810
1531849783590818
1531849783590825
1531849784090842
1531849784090856
1531849784090863
1531849784090870
1531849784590897
1531849784590909
1531849784590917
1531849784590923
1531849784590930
1531849785091004
1531849785091092
1531849785091103
1531849785091110
1531849785091117
1531849785591073
1531849785591090
1531849785591097
1531849785591108
1531849786091177
1531849786091195
1531849786091203
1531849786091210
1531849786091216
1531849786591254
1531849786591270
1531849786591277
1531849786591284
1531849786591292
1531849787091370
1531849787091394
1531849787091406
1531849787091414
1531849787091422
1531849787591466
1531849787591479
1531849787591490
1531849787591498
1531849787591505
1531849788092016
1531849788092034
1531849788092044
1531849788092052
1531849788092072
1531849788591569
1531849788591583
1531849788591591
1531849788591604
1531849789091700
1531849789091714
1531849789091721
1531849789091727
1531849789091734
1531849789591733
1531849789591747
1531849789591756
1531849789591762
1531849790091848
1531849790091866
1531849790091875
1531849790091882
1531849790091890
1531849790591967
1531849790591983
1531849790591991
1531849790591998
1531849790592006
1531849791092228
1531849791093635
1531849791093665
1531849791093685
1531849791093701
1531849791592282
1531849791592298
1531849791592307
1531849791592322
1531849792092346
1531849792092367
1531849792092375
1531849792092390
1531849792092398
1531849792592484
1531849792592506
1531849792592516
1531849792592524
1531849792592534
1531849793092462
1531849793092481
1531849793092489
1531849793092496
1531849793592579
1531849793592596
1531849793592604
1531849793592612
1531849793592620
1531849794092613
1531849794092628
1531849794092636
1531849794092643
1531849794592787
1531849794592804
1531849794592816
1531849794592878
1531849794592894
1531849795092815
1531849795092828
1531849795092837
1531849795092845
1531849795592872
1531849795592885
1531849795592894
1531849795592906
1531849795592916
1531849796092945
1531849796092963
1531849796092971
1531849796092979
1531849796092986
1531849796593026
1531849796593041
1531849796593049
1531849796593057
1531849796593066
1531849797093116
1531849797093228
1531849797093246
1531849797093255
1531849797093264
1531849797593219
1531849797593234
1531849797593243
1531849797593258
1531849798093352
1531849798093371
1531849798093380
1531849798093394
1531849798093403
1531849798593394
1531849798593413
1531849798593422
1531849798593431
1531849799093544
1531849799093649
1531849799093660
1531849799093668
1531849799093678
1531849799593615
1531849799593633
1531849799593643
1531849799593653
1531849800093640
1531849800093657
1531849800093669
1531849800093679
1531849800593765
1531849800593782
1531849800593801
1531849800593810
1531849800593820
1531849801093801
1531849801093828
1531849801093843
1531849801093855
1531849801593925
1531849801593947
1531849801593957
1531849801593967
1531849801593976
1531849802094105
1531849802094118
1531849802094127
1531849802094138
1531849802094147
1531849802594011
1531849802594030
1531849802594039
1531849802594049
1531849803094126
1531849803094151
1531849803094162
1531849803094170
1531849803094179
1531849803594243
1531849803594259
1531849803594271
1531849803594280
1531849803594288
1531849804094296
1531849804094313
1531849804094323
1531849804094333
1531849804594386
1531849804594401
1531849804594411
1531849804594420
1531849804594429
1531849805094443
1531849805094462
1531849805094472
1531849805094482
1531849805094490
1531849805594583
1531849805594598
1531849805594607
1531849805594617
1531849805594626
1531849806094651
1531849806094666
1531849806094674
1531849806094685
1531849806094694
1531849806594771
1531849806594789
1531849806594797
1531849806594806
1531849806594814
1531849807094772
1531849807094794
1531849807094804
1531849807094823
1531849807594901
1531849807594917
1531849807594927
1531849807594938
1531849807594945
1531849808095001
1531849808095017
1531849808095026
1531849808095039
1531849808095050
1531849808595099
1531849808595116
1531849808595126
1531849808595135
1531849808595142
1531849809095091
1531849809095108
1531849809095116
1531849809095125
1531849809595207
1531849809595221
1531849809595230
1531849809595240
1531849809595249
1531849810095291
1531849810095308
1531849810095316
1531849810095324
1531849810095332
1531849810595369
1531849810595384
1531849810595392
1531849810595400
1531849810595408
1531849811095492
1531849811095509
1531849811095517
1531849811095533
1531849811095541
1531849811595525
1531849811595545
1531849811595564
1531849811595573
1531849812095653
1531849812095698
1531849812095708
1531849812095717
1531849812095724
1531849812595678
1531849812595695
1531849812595703
1531849812595711
1531849813095785
1531849813095802
1531849813095810
1531849813095820
1531849813095828
1531849813595788
1531849813595810
1531849813595819
1531849813595827
1531849814095931
1531849814096031
1531849814096042
1531849814096049
1531849814096065
1531849814596061
1531849814596076
1531849814596094
1531849814596102
1531849815096162
1531849815096180
1531849815096190
1531849815096199
1531849815096207
1531849815596235
1531849815596252
1531849815596261
1531849815596270
1531849815596279
1531849816096385
1531849816096403
1531849816096416
1531849816096425
1531849816096433
1531849816596412
1531849816596430
1531849816596440
1531849816596448
1531849817096518
1531849817096537
1531849817096551
1531849817096562
1531849817096572
1531849817596504
1531849817596524
1531849817596537
1531849817596546
1531849818096623
1531849818096646
1531849818096655
1531849818096664
1531849818096672
1531849818596692
1531849818596707
1531849818596716
1531849818596725
1531849818596732
1531849819096806
1531849819097049
1531849819097062
1531849819097070
1531849819097078
1531849819596847
1531849819596867
1531849819596877
1531849819596884
1531849820097044
1531849820097193
1531849820097205
1531849820097213
1531849820097222
1531849820597023
1531849820597039
1531849820597047
1531849820597055
1531849821097211
1531849821097229
1531849821097238
1531849821097247
1531849821097255
1531849821597193
1531849821597212
1531849821597220
1531849821597230
1531849822097315
1531849822097409
1531849822097420
1531849822097429
1531849822097437
1531849822597383
1531849822597399
1531849822597408
1531849822597415
1531849823097606
1531849823097766
1531849823097777
1531849823097785
1531849823097798
1531849823597486
1531849823597503
1531849823597512
1531849823597530
1531849824097710
1531849824097996
1531849824098011
1531849824098019
1531849824098031
1531849824597756
1531849824597777
1531849824597851
1531849824597863
1531849825097970
1531849825098086
1531849825098108
1531849825098117
1531849825098125
1531849825597959
1531849825597977
1531849825597994
1531849825598008
1531849826098070
1531849826098087
1531849826098099
1531849826098108
1531849826098116
1531849826598065
1531849826598084
1531849826598093
1531849826598112
1531849827098185
1531849827098274
1531849827098286
1531849827098295
1531849827098309
1531849827598221
1531849827598236
1531849827598244
1531849827598259
1531849828098342
1531849828098361
1531849828098370
1531849828098388
1531849828098396
1531849828598526
1531849828598546
1531849828598554
1531849828598565
1531849828598573
1531849829098600
1531849829098620
1531849829098628
1531849829098639
1531849829098648
1531849829598577
1531849829598600
1531849829598609
1531849829598617
1531849830098681
1531849830098703
1531849830098712
1531849830098731
1531849830098741
1531849830598773
1531849830598792
1531849830598801
1531849830598816
1531849830598825
1531849831098885
1531849831098903
1531849831098912
1531849831098920
1531849831098928
1531849831598965
1531849831598986
1531849831598996
1531849831599004
1531849831599013
1531849832099051
1531849832099079
1531849832099090
1531849832099101
1531849832099110
1531849832599087
1531849832599112
1531849832599122
1531849832599131
1531849833099158
1531849833099177
1531849833099186
1531849833099212
1531849833099221
1531849833599302
1531849833599318
1531849833599327
1531849833599340
1531849833599348
1531849834099408
1531849834099427
1531849834099437
1531849834099447
1531849834099455
1531849834599474
1531849834599489
1531849834599497
1531849834599505
1531849834599512
1531849835099580
1531849835099597
1531849835099605
1531849835099613
1531849835099621
1531849835599601
1531849835599619
1531849835599627
1531849835599635
1531849836099699
1531849836099714
1531849836099723
1531849836099733
1531849836099746
1531849836599719
1531849836599734
1531849836599757
1531849836599767
1531849837099771
1531849837099792
1531849837099802
1531849837099810
1531849837599876
1531849837599899
1531849837599907
1531849837599915
1531849837599922
1531849838099950
1531849838099966
1531849838099974
1531849838099985
1531849838099993
1531849838600014
1531849838600033
1531849838600042
1531849838600052
1531849838600061
1531849839100130
1531849839100145
1531849839100154
1531849839100162
1531849839100169
1531849839600128
1531849839600147
1531849839600154
1531849839600163
1531849840100227
1531849840100291
1531849840100304
1531849840100311
1531849840100319
1531849840600355
1531849840600368
1531849840600376
1531849840600384
1531849840600392
1531849841100456
1531849841100473
1531849841100481
1531849841100493
1531849841100501
1531849841600625
1531849841600646
1531849841600655
1531849841600663
1531849841600671
1531849842100728
1531849842100752
1531849842100762
1531849842100773
1531849842100784
1531849842600646
1531849842600661
1531849842600669
1531849842600679
1531849843100749
1531849843100766
1531849843100775
1531849843100784
1531849843100792
1531849843600807
1531849843600827
1531849843600835
1531849843600844
1531849843600851
1531849844101013
1531849844101104
1531849844101117
1531849844101125
1531849844101134
1531849844601146
1531849844601160
1531849844601169
1531849844601180
1531849844601188
1531849845101097
1531849845101113
1531849845101123
1531849845101131
1531849845601208
1531849845601224
1531849845601235
1531849845601244
1531849845601253
1531849846101232
1531849846101250
1531849846101259
1531849846101268
1531849846601348
1531849846601426
1531849846601444
1531849846601453
1531849846601463
1531849847101449
1531849847101473
1531849847101482
1531849847101490
1531849847601481
1531849847601498
1531849847601507
1531849847601519
1531849848101556
1531849848101574
1531849848101583
1531849848101592
1531849848101600
1531849848601618
1531849848601641
1531849848601649
1531849848601657
1531849848601665
1531849849101665
1531849849101680
1531849849101689
1531849849101699
1531849849601762
1531849849601791
1531849849601802
1531849849601810
1531849849601819
1531849850101913
1531849850101934
1531849850101946
1531849850101955
1531849850101963
1531849850601879
1531849850601897
1531849850601906
1531849850601915
1531849851102006
1531849851102025
1531849851102037
1531849851102046
1531849851102056
1531849851602087
1531849851602103
1531849851602112
1531849851602122
1531849851602131
1531849852102122
1531849852102141
1531849852102151
1531849852102161
1531849852602217
1531849852602235
1531849852602244
1531849852602255
1531849852602263
1531849853102342
1531849853102358
1531849853102367
1531849853102377
1531849853102388
1531849853602407
1531849853602427
1531849853602436
1531849853602445
1531849853602454
1531849854102471
1531849854102488
1531849854102500
1531849854102510
1531849854102518
1531849854602536
1531849854602551
1531849854602559
1531849854602567
1531849854602575
1531849855102727
1531849855117359
1531849855117380
1531849855117390
1531849855117402
