1532014456490994
1532014456991064
1532014457491135
1532014457991214
1532014458491286
1532014458991361
1532014459491426
1532014459991500
1532014460491577
1532014460991654
1532014461491723
1532014461991794
1532014462491862
1532014462991938
1532014463492012
1532014463992087
1532014464492160
1532014464992229
1532014465492310
1532014465992380
1532014466492459
1532014466992546
1532014467492616
1532014467992690
1532014468492759
1532014468992835
1532014469492904
1532014469992990
1532014470493066
1532014470993135
1532014471493204
1532014471993275
1532014472493377
1532014472993455
1532014473493538
1532014473993628
1532014474493706
1532014474993795
1532014475493869
1532014475993948
1532014476494029
1532014476994141
1532014477494220
1532014477994313
1532014478494435
1532014478994506
1532014479494575
1532014479994652
1532014480494742
1532014480994823
1532014481494900
1532014481994977
1532014482495054
1532014482995138
1532014483495216
1532014483995297
1532014484495391
1532014484995471
1532014485495544
1532014485995616
1532014486495689
1532014486995765
1532014487495838
1532014487995915
1532014488495992
1532014488996069
1532014489496149
1532014489996242
1532014490496321
1532014490996397
1532014491496475
1532014491996548
1532014492496630
1532014492996705
1532014493496777
1532014493996868
1532014494496941
1532014494997031
1532014495497107
1532014495997181
1532014496497260
1532014496997380
1532014497497455
1532014497997530
1532014498497613
1532014498997688
1532014499497766
1532014499997846
1532014500497926
1532014500998009
1532014501498112
1532014501998189
1532014502498269
1532014502998349
1532014503498460
1532014503998534
1532014504498611
1532014504998689
1532014505498786
1532014505998866
1532014506499113
1532014506999206
1532014507499295
1532014507999370
1532014508499454
1532014508999548
1532014509499625
1532014509999717
1532014510499790
1532014510999868
1532014511499941
1532014512000047
1532014512500121
1532014513000192
1532014513500270
1532014514000345
1532014514500443
1532014515000520
1532014515500602
1532014516000684
1532014516500759
1532014517000841
1532014517500914
1532014518000988
1532014518501045
1532014519001122
1532014519501197
1532014520001278
1532014520501354
1532014521001436
1532014521501510
1532014522001589
1532014522501663
1532014523001741
1532014523501828
1532014524001916
1532014524501996
1532014525002067
1532014525502147
1532014526002239
1532014526502312
1532014527002390
1532014527502467
1532014528002547
1532014528502623
1532014529002691
1532014529502769
1532014530002844
1532014530502925
1532014531003002
1532014531503084
1532014532003159
1532014532503232
1532014533003309
1532014533503382
1532014534003475
1532014534503554
1532014535003657
1532014535503748
1532014536003829
1532014536503902
1532014537003978
1532014537504049
1532014538004144
1532014538504222
1532014539004296
1532014539504394
1532014540004520
1532014540504600
1532014541004687
1532014541504763
1532014542004854
1532014542504928
1532014543005005
1532014543505032
1532014544005109
1532014544505190
1532014545005267
1532014545505338
1532014546005414
1532014546505489
1532014547005560
1532014547505647
1532014548005725
1532014548505803
1532014549005882
1532014549505971
1532014550006044
1532014550506117
1532014551006201
1532014551506276
1532014552006355
1532014552506435
1532014553006509
1532014553506588
1532014554006659
1532014554506738
1532014555006819
1532014555506942
