1532014455991433
1532014456491459
1532014456991466
1532014457491574
1532014457991630
1532014458491652
1532014458991678
1532014459491736
1532014459991884
1532014460491960
1532014460992021
1532014461492084
1532014461992091
1532014462492171
1532014462992307
1532014463492414
1532014463992432
1532014464492491
1532014464992543
1532014465492666
1532014465992742
1532014466492878
1532014466992913
1532014467492949
1532014467993018
1532014468493071
1532014468993166
1532014469493219
1532014469993347
1532014470493394
1532014470993489
1532014471493581
1532014471993612
1532014472493737
1532014472993821
1532014473493999
1532014473994090
1532014474494156
1532014474994292
1532014475494370
1532014475994535
1532014476494479
1532014476994553
1532014477494692
1532014477994846
1532014478494889
1532014478994910
1532014479494992
1532014479995054
1532014480495395
1532014480995198
1532014481495371
1532014481495492
1532014481995400
1532014482495494
1532014482995502
1532014483495703
1532014483995804
1532014484495837
1532014484995904
1532014485495899
1532014485996000
1532014486496145
1532014486996165
1532014487496229
1532014487996326
1532014488496390
1532014488996573
1532014489496506
1532014489996607
1532014490496732
1532014490996809
1532014491496807
1532014491996923
1532014492496983
1532014492997118
1532014493497184
1532014493997284
1532014494497328
1532014494997478
1532014495497562
1532014495997563
1532014496497686
1532014496997858
1532014497497930
1532014497998022
1532014498498134
1532014498998182
1532014499498181
1532014499998385
1532014500498750
1532014500998556
1532014501498578
1532014501998639
1532014502498697
1532014502998824
1532014503498965
1532014503999000
1532014504499217
1532014504999123
1532014505499465
1532014505999268
1532014506501936
1532014506999692
1532014507500146
1532014507999790
1532014508499992
1532014509000076
1532014509500044
1532014510000179
1532014510500203
1532014511000256
1532014511500294
1532014512000401
1532014512500537
1532014513000573
1532014513500687
1532014514000688
1532014514500849
1532014515000934
1532014515501265
1532014516001205
1532014516501144
1532014517001268
1532014517501397
1532014518001551
1532014518501482
1532014519001565
1532014519501728
1532014520001768
1532014520501821
1532014521001827
1532014521501920
1532014522002079
1532014522502076
1532014523002200
1532014523502252
1532014524002348
1532014524502492
1532014525002522
1532014525502648
1532014526002594
1532014526502700
1532014527002781
1532014527502835
1532014528003017
1532014528502996
1532014529003064
1532014529503144
1532014530003302
1532014530503475
1532014531003481
1532014531503516
1532014532003602
1532014532503742
1532014533003773
1532014533503814
1532014534003837
1532014534504012
1532014535004070
1532014535504194
1532014536004183
1532014536504287
1532014537004436
1532014537004673
1532014537504454
1532014538004546
1532014538504789
1532014539004741
1532014539504833
1532014540004948
1532014540505103
1532014541005131
1532014541505229
1532014542005286
1532014542505385
1532014543005385
1532014543505459
1532014544005492
1532014544505593
1532014545005802
1532014545505776
1532014546005820
1532014546505941
1532014547005973
1532014547506100
1532014548006170
1532014548506276
1532014549006344
1532014549506424
1532014550006505
1532014550506568
1532014551006568
1532014551506691
1532014552006714
1532014552506860
1532014553006945
1532014553507035
1532014554007070
1532014554507159
1532014555008042
1532014555507735
