1534236618849887
1534236619349960
1534236619850031
1534236620350107
1534236620850182
1534236621350257
1534236621850334
1534236622350408
1534236622850487
1534236623350563
1534236623850645
1534236624350720
1534236624850794
1534236625350867
1534236625850939
1534236626351012
1534236626851087
1534236627351167
1534236627851242
1534236628351325
1534236628851399
1534236629351474
1534236629851544
1534236630351614
1534236630851702
1534236631351788
1534236631851870
1534236632351944
1534236632852027
1534236633352097
1534236633852181
1534236634352286
1534236634852361
1534236635352436
1534236635852524
1534236636352595
1534236636852666
1534236637352737
1534236637852815
1534236638352892
1534236638852961
1534236639353051
1534236639853130
1534236640353218
1534236640853293
1534236641353375
1534236641853460
1534236642353535
1534236642853606
1534236643353682
1534236643853758
1534236644353832
1534236644853912
1534236645353984
1534236645854074
1534236646354148
1534236646854218
1534236647354326
1534236647854410
1534236648354485
1534236648854561
1534236649354631
1534236649854709
1534236650354784
1534236650854878
1534236651354954
1534236651855085
1534236652355159
1534236652855235
1534236653355313
1534236653855388
1534236654355464
1534236654855542
1534236655355624
1534236655855706
1534236656355781
1534236656855878
1534236657355957
1534236657856032
1534236658356106
1534236658856186
1534236659356261
1534236659856344
1534236660356417
1534236660856493
1534236661356567
1534236661856640
1534236662356722
1534236662856818
1534236663356890
1534236663856972
1534236664357049
1534236664857122
1534236665357211
1534236665857284
1534236666357363
1534236666857438
1534236667357522
1534236667857609
1534236668357682
1534236668857755
1534236669357835
1534236669857914
1534236670357988
1534236670858070
1534236671358146
1534236671858224
1534236672358299
1534236672858378
1534236673358462
1534236673858553
1534236674358628
1534236674858702
1534236675358775
1534236675858854
1534236676358928
1534236676859003
1534236677359077
1534236677859154
1534236678359233
1534236678859320
1534236679359393
1534236679859484
1534236680359569
1534236680859646
1534236681359717
1534236681859800
1534236682359881
1534236682859959
1534236683360034
1534236683860115
1534236684360192
1534236684860262
1534236685360330
1534236685860414
1534236686360493
1534236686860567
1534236687360659
1534236687860738
1534236688360813
1534236688860889
1534236689360983
1534236689861069
1534236690361154
1534236690861237
1534236691361314
1534236691861403
1534236692361481
1534236692861576
1534236693361656
1534236693861736
1534236694361867
1534236694861948
1534236695362025
1534236695862114
1534236696362193
1534236696862279
1534236697362353
1534236697862450
1534236698362541
1534236698862610
1534236699362690
1534236699862764
1534236700362841
1534236700862914
1534236701362986
1534236701863063
1534236702363142
1534236702863212
1534236703363296
1534236703863378
1534236704363452
1534236704863526
1534236705363604
1534236705863678
1534236706363773
1534236706863849
1534236707363932
1534236707864010
1534236708364097
1534236708864186
1534236709364258
1534236709864334
1534236710364411
1534236710864485
1534236711364562
1534236711864639
1534236712364723
1534236712864797
1534236713364871
1534236713864950
1534236714365052
1534236714865128
1534236715365200
1534236715865280
1534236716365355
1534236716865448
1534236717365527
