1534236618351117
1534236618351261
1534236618351433
1534236618850790
1534236618850919
1534236618851036
1534236619350604
1534236619351252
1534236619351336
1534236619850913
1534236619851059
1534236619851215
1534236620351197
1534236620351343
1534236620351439
1534236620851087
1534236620851300
1534236620851492
1534236621351179
1534236621351252
1534236621351434
1534236621851778
1534236621851951
1534236621852071
1534236622351282
1534236622351520
1534236622351599
1534236622851349
1534236622851566
1534236622851635
1534236623351697
1534236623351815
1534236623351865
1534236623851444
1534236623851742
1534236623851767
1534236623851821
1534236624351574
1534236624351909
1534236624352041
1534236624851967
1534236624852047
1534236624852071
1534236624852101
1534236625351518
1534236625351649
1534236625351811
1534236625852087
1534236625852206
1534236625852286
1534236626351974
1534236626352170
1534236626352307
1534236626851803
1534236626851945
1534236626852015
1534236627351864
1534236627352144
1534236627352349
1534236627852363
1534236627852621
1534236627852769
1534236628352342
1534236628352449
1534236628352503
1534236628852405
1534236628852532
1534236628852820
1534236629352412
1534236629352488
1534236629352531
1534236629352895
1534236629852555
1534236629852657
1534236629852944
1534236630352604
1534236630352818
1534236630352893
1534236630852518
1534236630852811
1534236630853019
1534236631352760
1534236631352908
1534236631353220
1534236631852995
1534236631853067
1534236631853124
1534236632352972
1534236632353216
1534236632353326
1534236632853287
1534236632853475
1534236632853587
1534236633353073
1534236633353336
1534236633353547
1534236633853083
1534236633853360
1534236633853535
1534236634353475
1534236634353666
1534236634353833
1534236634853440
1534236634853505
1534236634853602
1534236635353645
1534236635353839
1534236635354086
1534236635853254
1534236635853867
1534236635853902
1534236636353642
1534236636353804
1534236636353978
1534236636853718
1534236636853754
1534236636853775
1534236636854008
1534236637354086
1534236637354190
1534236637354367
1534236637854165
1534236637854285
1534236637854510
1534236638354144
1534236638354276
1534236638354498
1534236638853938
1534236638854179
1534236638854340
1534236639354094
1534236639354245
1534236639354414
1534236639853861
1534236639854439
1534236639854523
1534236640354309
1534236640354641
1534236640354847
1534236640854114
1534236640854376
1534236640854459
1534236641354405
1534236641354585
1534236641354634
1534236641854197
1534236641854371
1534236641854488
1534236642354664
1534236642354927
1534236642355167
1534236642854983
1534236642855092
1534236642855157
1534236643354451
1534236643355166
1534236643355243
1534236643854749
1534236643855033
1534236643855233
1534236644354681
1534236644354933
1534236644355207
1534236644854755
1534236644855055
1534236644855273
1534236645354795
1534236645355052
1534236645355204
1534236645854911
1534236645855487
1534236645855707
1534236646355281
1534236646355543
1534236646355569
1534236646355741
1534236646855244
1534236646855486
1534236646855647
1534236647355240
1534236647355659
1534236647355880
1534236647855805
1534236647855899
1534236647856149
1534236648355205
1534236648355446
1534236648355543
1534236648855556
1534236648855701
1534236648855996
1534236649355648
1534236649355787
1534236649356095
1534236649856050
1534236649856247
1534236649856388
1534236650355997
1534236650356105
1534236650356365
1534236650856001
1534236650856259
1534236650856432
1534236651355925
1534236651356451
1534236651356613
1534236651855851
1534236651856212
1534236651856299
1534236652355865
1534236652356161
1534236652356178
1534236652356302
1534236652856827
1534236652857014
1534236652857044
1534236652857055
1534236653356307
1534236653356555
1534236653356845
1534236653856300
1534236653856653
1534236653856716
1534236654356561
1534236654356777
1534236654356979
1534236654856622
1534236654856855
1534236654857035
1534236655356859
1534236655357018
1534236655357133
1534236655856325
1534236655857222
1534236655857365
1534236656356832
1534236656357185
1534236656357392
1534236656857294
1534236656857392
1534236656857517
1534236657356623
1534236657357263
1534236657357371
1534236657856864
1534236657857104
1534236657857281
1534236658356806
1534236658357254
1534236658357505
1534236658357691
1534236658857363
1534236658857446
1534236658857505
1534236659357067
1534236659357126
1534236659357276
1534236659857334
1534236659857492
1534236659857601
1534236660357334
1534236660357621
1534236660357905
1534236660857478
1534236660857782
1534236660857886
1534236661357565
1534236661357777
1534236661357924
1534236661857616
1534236661857737
1534236661857939
1534236662357614
1534236662357660
1534236662357940
1534236662858246
1534236662858385
1534236662858547
1534236663358031
1534236663358151
1534236663358319
1534236663857642
1534236663858401
1534236663858590
1534236664358107
1534236664358300
1534236664358444
1534236664858195
1534236664858416
1534236664858605
1534236665357816
1534236665358760
1534236665358920
1534236665858263
1534236665858453
1534236665858660
1534236666359143
1534236666359327
1534236666359386
1534236666858473
1534236666858668
1534236666858870
1534236667358537
1534236667358844
1534236667358952
1534236667858614
1534236667858738
1534236667858896
1534236667859049
1534236668358753
1534236668359019
1534236668359198
1534236668858751
1534236668859016
1534236668859226
1534236669359316
1534236669359506
1534236669359731
1534236669858802
1534236669859169
1534236669859341
1534236670359069
1534236670359415
1534236670359571
1534236670859363
1534236670859689
1534236670859886
1534236671359658
1534236671359739
1534236671359972
1534236671859648
1534236671859897
1534236671860126
1534236672359083
1534236672359490
1534236672359762
1534236672859195
1534236672859626
1534236672859946
1534236673359364
1534236673359492
1534236673359866
1534236673859581
1534236673859939
1534236673860127
1534236674359328
1534236674360104
1534236674360271
1534236674859254
1534236674859841
1534236674859924
1534236675359680
1534236675359715
1534236675359886
1534236675360127
1534236675859662
1534236675859704
1534236675859888
1534236675859915
1534236675860046
1534236676359862
1534236676360125
1534236676360333
1534236676860192
1534236676860376
1534236676860401
1534236676860412
1534236677360110
1534236677360285
1534236677360477
1534236677860314
1534236677860621
1534236677860884
1534236678360055
1534236678360345
1534236678360629
1534236678860324
1534236678860629
1534236678860822
1534236679359927
1534236679360451
1534236679360621
1534236679860942
1534236679861088
1534236679861236
1534236680360721
1534236680360761
1534236680360952
1534236680360986
1534236680361121
1534236680860749
1534236680861011
1534236680861184
1534236681360704
1534236681360994
1534236681361086
1534236681860576
1534236681861034
1534236681861308
1534236682360905
1534236682361097
1534236682361199
1534236682861328
1534236682861485
1534236682861680
1534236683360791
1534236683361374
1534236683361489
1534236683861061
1534236683861318
1534236683861453
1534236684361252
1534236684361490
1534236684361740
1534236684861240
1534236684861309
1534236684861812
1534236685361237
1534236685361354
1534236685361724
1534236685861460
1534236685861637
1534236685861723
1534236686361006
1534236686361482
1534236686361539
1534236686861640
1534236686861734
1534236686862013
1534236686862072
1534236687361511
1534236687361682
1534236687361791
1534236687862061
1534236687862145
1534236687862323
1534236688361823
1534236688362205
1534236688362346
1534236688861648
1534236688861825
1534236688861901
1534236689362139
1534236689362430
1534236689362452
1534236689362582
1534236689862090
1534236689862296
1534236689862372
1534236690362217
1534236690362499
1534236690362690
1534236690862341
1534236690862577
1534236690862878
1534236690863067
1534236691362956
1534236691363145
1534236691363338
1534236691862683
1534236691862764
1534236691862865
1534236692362589
1534236692362864
1534236692363027
1534236692862936
1534236692863179
1534236692863412
1534236693363416
1534236693363517
1534236693363804
1534236693862918
1534236693863048
1534236693863497
1534236694363115
1534236694363488
1534236694363741
1534236694863015
1534236694863378
1534236694863674
1534236695363177
1534236695363293
1534236695363396
1534236695862782
1534236695863328
1534236695863412
1534236696363337
1534236696363714
1534236696363979
1534236696863501
1534236696863840
1534236696864057
1534236697363326
1534236697363437
1534236697363856
1534236697863745
1534236697863870
1534236697864240
1534236698363532
1534236698363864
1534236698364149
1534236698863665
1534236698864000
1534236698864284
1534236699363489
1534236699363675
1534236699363768
1534236699863864
1534236699864157
1534236699864255
1534236700363607
1534236700364253
1534236700364281
1534236700364297
1534236700863723
1534236700863923
1534236700864034
1534236701363985
1534236701364203
1534236701364437
1534236701864189
1534236701864388
1534236701864607
1534236702363991
1534236702364269
1534236702364487
1534236702864118
1534236702864412
1534236702864613
1534236703364359
1534236703364556
1534236703364602
1534236703864294
1534236703864642
1534236703864776
1534236704364370
1534236704364616
1534236704364769
1534236704864347
1534236704864790
1534236704864979
1534236705364556
1534236705364721
1534236705364946
1534236705864727
1534236705864914
1534236705865076
1534236706364567
1534236706364979
1534236706365159
1534236706864606
1534236706864800
1534236706864977
1534236707365059
1534236707365246
1534236707365510
1534236707865208
1534236707865524
1534236707865556
1534236707865700
1534236708365123
1534236708365304
1534236708365643
1534236708865334
1534236708865595
1534236708865816
1534236709365247
1534236709365575
1534236709365808
1534236709865575
1534236709865876
1534236709866011
1534236710365996
1534236710366065
1534236710366147
1534236710865246
1534236710865550
1534236710865709
1534236711366047
1534236711366764
1534236711366912
1534236711865857
1534236711866098
1534236711866218
1534236712365788
1534236712366076
1534236712366431
1534236712865600
1534236712865733
1534236712865927
1534236712866041
1534236713366204
1534236713366440
1534236713366615
1534236713866040
1534236713866316
1534236713866386
1534236714366719
1534236714366859
1534236714367045
1534236714866187
1534236714866574
1534236714866855
1534236715366186
1534236715366535
1534236715366677
1534236715866312
1534236715866374
1534236715866446
1534236716367050
1534236716367149
1534236716367244
1534236716866827
1534236716867033
1534236716867086
1534236717366501
1534236717366726
1534236717366935
