1534236618351207
1534236618351229
1534236618351238
1534236618351246
1534236618351374
1534236618351383
1534236618351390
1534236618351400
1534236618351407
1534236618351414
1534236618351421
1534236618351431
1534236618351500
1534236618351509
1534236618351515
1534236618351522
1534236618351529
1534236618850894
1534236618850910
1534236618850918
1534236618850926
1534236618850933
1534236618850990
1534236618851000
1534236618851010
1534236618851019
1534236618851026
1534236618851032
1534236618851039
1534236618851047
1534236618851061
1534236618851068
1534236618851076
1534236618851087
1534236619351330
1534236619351348
1534236619351357
1534236619351370
1534236619351379
1534236619351386
1534236619351394
1534236619351409
1534236619351417
1534236619351424
1534236619351432
1534236619351445
1534236619351456
1534236619351463
1534236619351471
1534236619351478
1534236619351490
1534236619351497
1534236619851072
1534236619851092
1534236619851100
1534236619851112
1534236619851120
1534236619851131
1534236619851138
1534236619851151
1534236619851158
1534236619851164
1534236619851171
1534236619851178
1534236619851188
1534236619851195
1534236619851201
1534236619851208
1534236619851364
1534236620351258
1534236620351272
1534236620351281
1534236620351294
1534236620351303
1534236620351310
1534236620351317
1534236620351330
1534236620351365
1534236620351377
1534236620351384
1534236620351391
1534236620351398
1534236620351404
1534236620351411
1534236620351418
1534236620351458
1534236620851196
1534236620851210
1534236620851217
1534236620851224
1534236620851231
1534236620851238
1534236620851245
1534236620851251
1534236620851396
1534236620851406
1534236620851413
1534236620851419
1534236620851426
1534236620851432
1534236620851439
1534236620851445
1534236620851522
1534236621351227
1534236621351246
1534236621351255
1534236621351263
1534236621351384
1534236621351395
1534236621351401
1534236621351408
1534236621351417
1534236621351425
1534236621351432
1534236621351439
1534236621351446
1534236621351453
1534236621351460
1534236621351466
1534236621351477
1534236621851720
1534236621851837
1534236621851848
1534236621851855
1534236621851867
1534236621851879
1534236621851886
1534236621851894
1534236621851912
1534236621851994
1534236621852004
1534236621852011
1534236621852018
1534236621852030
1534236621852037
1534236621852044
1534236621852051
1534236621852085
1534236622351374
1534236622351388
1534236622351397
1534236622351410
1534236622351418
1534236622351425
1534236622351432
1534236622351449
1534236622351649
1534236622351660
1534236622351667
1534236622351679
1534236622351687
1534236622351694
1534236622351705
1534236622351712
1534236622351723
1534236622851465
1534236622851479
1534236622851486
1534236622851502
1534236622851509
1534236622851515
1534236622851525
1534236622851540
1534236622851597
1534236622851604
1534236622851616
1534236622851623
1534236622851630
1534236622851637
1534236622851644
1534236622851659
1534236622851666
1534236623351752
1534236623351770
1534236623351777
1534236623351790
1534236623351797
1534236623351805
1534236623351816
1534236623351890
1534236623351903
1534236623351910
1534236623351917
1534236623351924
1534236623351931
1534236623351939
1534236623351947
1534236623351954
1534236623351963
1534236623351970
1534236623851586
1534236623851601
1534236623851609
1534236623851618
1534236623851625
1534236623851632
1534236623851638
1534236623851645
1534236623851788
1534236623851802
1534236623851809
1534236623851816
1534236623851823
1534236623851830
1534236623851840
1534236623851847
1534236623851854
1534236624351736
1534236624351752
1534236624351760
1534236624351768
1534236624351775
1534236624351782
1534236624351789
1534236624351796
1534236624351977
1534236624351987
1534236624351994
1534236624352001
1534236624352007
1534236624352014
1534236624352020
1534236624352027
1534236624352088
1534236624852134
1534236624852148
1534236624852156
1534236624852163
1534236624852174
1534236624852181
1534236624852188
1534236624852195
1534236624852205
1534236624852217
1534236624852227
1534236624852234
1534236624852241
1534236624852254
1534236624852262
1534236624852269
1534236624852275
1534236624852298
1534236625351561
1534236625351575
1534236625351583
1534236625351596
1534236625351695
1534236625351704
1534236625351711
1534236625351723
1534236625351731
1534236625351738
1534236625351745
1534236625351752
1534236625351859
1534236625351869
1534236625351877
1534236625351883
1534236625351890
1534236625852052
1534236625852136
1534236625852149
1534236625852157
1534236625852166
1534236625852174
1534236625852183
1534236625852190
1534236625852197
1534236625852241
1534236625852252
1534236625852259
1534236625852266
1534236625852273
1534236625852281
1534236625852288
1534236625852295
1534236625852302
1534236626352288
1534236626352314
1534236626352328
1534236626352340
1534236626352347
1534236626352359
1534236626352367
1534236626352384
1534236626352392
1534236626352400
1534236626352410
1534236626352423
1534236626352432
1534236626352440
1534236626352447
1534236626352458
1534236626352466
1534236626852051
1534236626852071
1534236626852087
1534236626852100
1534236626852108
1534236626852116
1534236626852130
1534236626852138
1534236626852147
1534236626852155
1534236626852169
1534236626852177
1534236626852185
1534236626852192
1534236626852204
1534236626852211
1534236626852218
1534236627351928
1534236627351945
1534236627351954
1534236627351968
1534236627351976
1534236627351984
1534236627351993
1534236627352007
1534236627352248
1534236627352261
1534236627352269
1534236627352283
1534236627352292
1534236627352299
1534236627352307
1534236627352319
1534236627352397
1534236627852445
1534236627852460
1534236627852469
1534236627852476
1534236627852484
1534236627852492
1534236627852500
1534236627852514
1534236627852522
1534236627852664
1534236627852675
1534236627852683
1534236627852690
1534236627852698
1534236627852706
1534236627852713
1534236627852720
1534236627852785
1534236628352683
1534236628352702
1534236628352710
1534236628352720
1534236628352728
1534236628352736
1534236628352743
1534236628352751
1534236628352760
1534236628352769
1534236628352777
1534236628352785
1534236628352792
1534236628352800
1534236628352808
1534236628352815
1534236628352822
1534236628852615
1534236628852629
1534236628852638
1534236628852651
1534236628852660
1534236628852668
1534236628852676
1534236628852690
1534236628852697
1534236628852704
1534236628852711
1534236628852718
1534236628852730
1534236628852738
1534236628852745
1534236628852752
1534236628852849
1534236629352535
1534236629352556
1534236629352574
1534236629352583
1534236629352595
1534236629352603
1534236629352618
1534236629352626
1534236629352634
1534236629352642
1534236629352656
1534236629352669
1534236629352677
1534236629352685
1534236629352702
1534236629352709
1534236629352941
1534236629852618
1534236629852638
1534236629852646
1534236629852655
1534236629852663
1534236629852843
1534236629852854
1534236629852862
1534236629852875
1534236629852882
1534236629852890
1534236629852898
1534236629852905
1534236629852914
1534236629852921
1534236629852929
1534236629852972
1534236630352758
1534236630352773
1534236630352782
1534236630352796
1534236630352804
1534236630352812
1534236630352820
1534236630352828
1534236630352895
1534236630352911
1534236630352918
1534236630352926
1534236630352938
1534236630352945
1534236630352953
1534236630352960
1534236630352968
1534236630852651
1534236630852672
1534236630852680
1534236630852688
1534236630852696
1534236630852703
1534236630852710
1534236630852717
1534236630852895
1534236630852907
1534236630852914
1534236630852922
1534236630852929
1534236630852936
1534236630852943
1534236630852950
1534236630853038
1534236631352887
1534236631352902
1534236631352911
1534236631352920
1534236631352927
1534236631353116
1534236631353128
1534236631353138
1534236631353146
1534236631353154
1534236631353162
1534236631353170
1534236631353182
1534236631353190
1534236631353197
1534236631353204
1534236631353257
1534236631853194
1534236631853212
1534236631853222
1534236631853231
1534236631853240
1534236631853249
1534236631853258
1534236631853270
1534236631853278
1534236631853286
1534236631853294
1534236631853302
1534236631853310
1534236631853319
1534236631853326
1534236631853334
1534236631853342
1534236632353044
1534236632353059
1534236632353069
1534236632353078
1534236632353086
1534236632353094
1534236632353102
1534236632353110
1534236632353255
1534236632353266
1534236632353274
1534236632353281
1534236632353288
1534236632353296
1534236632353303
1534236632353311
1534236632353342
1534236632853365
1534236632853382
1534236632853391
1534236632853398
1534236632853406
1534236632853414
1534236632853422
1534236632853429
1534236632853440
1534236632853503
1534236632853513
1534236632853521
1534236632853528
1534236632853535
1534236632853543
1534236632853551
1534236632853558
1534236632853602
1534236633353157
1534236633353173
1534236633353182
1534236633353192
1534236633353200
1534236633353208
1534236633353216
1534236633353223
1534236633353426
1534236633353438
1534236633353445
1534236633353453
1534236633353461
1534236633353468
1534236633353475
1534236633353482
1534236633353585
1534236633853238
1534236633853253
1534236633853261
1534236633853269
1534236633853277
1534236633853284
1534236633853291
1534236633853299
1534236633853441
1534236633853452
1534236633853460
1534236633853468
1534236633853476
1534236633853484
1534236633853491
1534236633853498
1534236633853555
1534236634353622
1534236634353638
1534236634353647
1534236634353662
1534236634353670
1534236634353723
1534236634353738
1534236634353746
1534236634353754
1534236634353761
1534236634353773
1534236634353781
1534236634353788
1534236634353796
1534236634353804
1534236634353816
1534236634353824
1534236634353879
1534236634853589
1534236634853604
1534236634853613
1534236634853626
1534236634853635
1534236634853642
1534236634853650
1534236634853658
1534236634853666
1534236634853674
1534236634853685
1534236634853693
1534236634853701
1534236634853708
1534236634853716
1534236634853728
1534236634853735
1534236635353822
1534236635353842
1534236635353851
1534236635353861
1534236635353870
1534236635353878
1534236635353888
1534236635353897
1534236635353906
1534236635353915
1534236635353923
1534236635353930
1534236635353939
1534236635353947
1534236635353955
1534236635353962
1534236635353969
1534236635354176
1534236635853369
1534236635853387
1534236635853396
1534236635853404
1534236635853417
1534236635853425
1534236635853437
1534236635853446
1534236635853903
1534236635853916
1534236635853924
1534236635853933
1534236635853940
1534236635853948
1534236635853955
1534236635853965
1534236635853977
1534236636354164
1534236636354183
1534236636354191
1534236636354200
1534236636354208
1534236636354216
1534236636354224
1534236636354232
1534236636354239
1534236636354247
1534236636354256
1534236636354263
1534236636354270
1534236636354278
1534236636354288
1534236636354296
1534236636354304
1534236636354312
1534236636853831
1534236636853846
1534236636853854
1534236636853862
1534236636853869
1534236636853876
1534236636853883
1534236636853890
1534236636853897
1534236636853905
1534236636853913
1534236636853920
1534236636854033
1534236636854045
1534236636854053
1534236636854060
1534236636854068
1534236637354126
1534236637354155
1534236637354175
1534236637354184
1534236637354192
1534236637354200
1534236637354214
1534236637354225
1534236637354234
1534236637354246
1534236637354260
1534236637354268
1534236637354278
1534236637354291
1534236637354299
1534236637354307
1534236637354317
1534236637354401
1534236637854261
1534236637854282
1534236637854292
1534236637854309
1534236637854317
1534236637854325
1534236637854333
1534236637854340
1534236637854348
1534236637854356
1534236637854363
1534236637854371
1534236637854381
1534236637854410
1534236637854421
1534236637854429
1534236637854534
1534236638354184
1534236638354204
1534236638354214
1534236638354223
1534236638354231
1534236638354239
1534236638354247
1534236638354255
1534236638354308
1534236638354319
1534236638354328
1534236638354336
1534236638354344
1534236638354352
1534236638354360
1534236638354367
1534236638354535
1534236638854004
1534236638854020
1534236638854028
1534236638854041
1534236638854050
1534236638854058
1534236638854066
1534236638854081
1534236638854226
1534236638854243
1534236638854251
1534236638854258
1534236638854266
1534236638854278
1534236638854286
1534236638854304
1534236638854365
1534236639354439
1534236639354454
1534236639354467
1534236639354474
1534236639354486
1534236639354494
1534236639354502
1534236639354509
1534236639354517
1534236639354524
1534236639354531
1534236639354539
1534236639354546
1534236639354553
1534236639354561
1534236639354569
1534236639354596
1534236639354612
1534236639853955
1534236639853971
1534236639853980
1534236639853990
1534236639853998
1534236639854006
1534236639854014
1534236639854023
1534236639854497
1534236639854513
1534236639854521
1534236639854530
1534236639854543
1534236639854552
1534236639854559
1534236639854567
1534236639854575
1534236640354490
1534236640354512
1534236640354521
1534236640354530
1534236640354538
1534236640354547
1534236640354555
1534236640354563
1534236640354715
1534236640354728
1534236640354736
1534236640354744
1534236640354753
1534236640354761
1534236640354768
1534236640354776
1534236640354864
1534236640854288
1534236640854308
1534236640854318
1534236640854326
1534236640854334
1534236640854343
1534236640854351
1534236640854359
1534236640854508
1534236640854522
1534236640854532
1534236640854541
1534236640854549
1534236640854558
1534236640854566
1534236640854573
1534236640854582
1534236641354489
1534236641354505
1534236641354514
1534236641354524
1534236641354532
1534236641354540
1534236641354548
1534236641354556
1534236641354669
1534236641354686
1534236641354699
1534236641354707
1534236641354716
1534236641354726
1534236641354734
1534236641354742
1534236641354749
1534236641854727
1534236641854744
1534236641854754
1534236641854769
1534236641854778
1534236641854787
1534236641854795
1534236641854813
1534236641854822
1534236641854833
1534236641854848
1534236641854857
1534236641854865
1534236641854873
1534236641854887
1534236641854895
1534236641854906
1534236642354704
1534236642354719
1534236642354729
1534236642354738
1534236642354747
1534236642354755
1534236642354764
1534236642354772
1534236642355008
1534236642355019
1534236642355027
1534236642355036
1534236642355044
1534236642355052
1534236642355061
1534236642355069
1534236642355185
1534236642855241
1534236642855258
1534236642855265
1534236642855281
1534236642855291
1534236642855300
1534236642855315
1534236642855326
1534236642855336
1534236642855344
1534236642855356
1534236642855368
1534236642855376
1534236642855384
1534236642855400
1534236642855409
1534236642855417
1534236642855424
1534236643354588
1534236643354603
1534236643354613
1534236643354622
1534236643354630
1534236643354638
1534236643354646
1534236643354654
1534236643355201
1534236643355214
1534236643355223
1534236643355231
1534236643355240
1534236643355249
1534236643355262
1534236643355272
1534236643355284
1534236643854841
1534236643854856
1534236643854866
1534236643854875
1534236643854885
1534236643854894
1534236643854903
1534236643854913
1534236643855111
1534236643855123
1534236643855131
1534236643855140
1534236643855148
1534236643855156
1534236643855164
1534236643855172
1534236643855254
1534236644354727
1534236644354748
1534236644354758
1534236644354767
1534236644354776
1534236644354785
1534236644354793
1534236644354803
1534236644354971
1534236644354983
1534236644354991
1534236644355000
1534236644355009
1534236644355017
1534236644355025
1534236644355033
1534236644355234
1534236644854970
1534236644854990
1534236644855004
1534236644855013
1534236644855021
1534236644855034
1534236644855042
1534236644855050
1534236644855135
1534236644855150
1534236644855159
1534236644855168
1534236644855176
1534236644855184
1534236644855197
1534236644855205
1534236644855300
1534236645354828
1534236645354844
1534236645354853
1534236645354865
1534236645354874
1534236645354882
1534236645354891
1534236645354901
1534236645355079
1534236645355092
1534236645355101
1534236645355111
1534236645355120
1534236645355128
1534236645355136
1534236645355145
1534236645355269
1534236645854946
1534236645854963
1534236645854972
1534236645854982
1534236645854992
1534236645855001
1534236645855010
1534236645855020
1534236645855646
1534236645855666
1534236645855675
1534236645855686
1534236645855695
1534236645855704
1534236645855713
1534236645855722
1534236645855750
1534236646355443
1534236646355462
1534236646355471
1534236646355481
1534236646355490
1534236646355499
1534236646355507
1534236646355515
1534236646355660
1534236646355673
1534236646355681
1534236646355689
1534236646355697
1534236646355706
1534236646355714
1534236646355722
1534236646355767
1534236646855407
1534236646855424
1534236646855433
1534236646855440
1534236646855448
1534236646855456
1534236646855463
1534236646855471
1534236646855521
1534236646855532
1534236646855543
1534236646855550
1534236646855558
1534236646855567
1534236646855575
1534236646855582
1534236646855685
1534236647355473
1534236647355490
1534236647355498
1534236647355508
1534236647355516
1534236647355525
1534236647355533
1534236647355542
1534236647355693
1534236647355707
1534236647355716
1534236647355724
1534236647355731
1534236647355738
1534236647355746
1534236647355755
1534236647355910
1534236647855930
1534236647855957
1534236647855967
1534236647855975
1534236647855984
1534236647855993
1534236647856005
1534236647856014
1534236647856023
1534236647856034
1534236647856043
1534236647856052
1534236647856061
1534236647856070
1534236647856079
1534236647856090
1534236647856099
1534236647856215
1534236648355581
1534236648355597
1534236648355606
1534236648355616
1534236648355625
1534236648355633
1534236648355642
1534236648355652
1534236648355660
1534236648355668
1534236648355677
1534236648355685
1534236648355694
1534236648355703
1534236648355711
1534236648355719
1534236648355916
1534236648855744
1534236648855759
1534236648855768
1534236648855784
1534236648855793
1534236648855801
1534236648855810
1534236648855823
1534236648855832
1534236648855840
1534236648855848
1534236648855861
1534236648855869
1534236648855877
1534236648855886
1534236648855899
1534236648856015
1534236649355741
1534236649355761
1534236649355770
1534236649355784
1534236649355792
1534236649355801
1534236649355809
1534236649355824
1534236649355833
1534236649355841
1534236649355849
1534236649355865
1534236649355873
1534236649355881
1534236649355903
1534236649355912
1534236649356143
1534236649856146
1534236649856168
1534236649856184
1534236649856193
1534236649856201
1534236649856209
1534236649856223
1534236649856232
1534236649856302
1534236649856314
1534236649856323
1534236649856331
1534236649856343
1534236649856351
1534236649856359
1534236649856367
1534236649856406
1534236650356106
1534236650356127
1534236650356136
1534236650356151
1534236650356159
1534236650356166
1534236650356174
1534236650356187
1534236650356195
1534236650356203
1534236650356211
1534236650356224
1534236650356232
1534236650356240
1534236650356248
1534236650356407
1534236650356418
1534236650856168
1534236650856185
1534236650856194
1534236650856208
1534236650856216
1534236650856224
1534236650856231
1534236650856245
1534236650856349
1534236650856365
1534236650856374
1534236650856382
1534236650856390
1534236650856403
1534236650856410
1534236650856470
1534236650856480
1534236651356129
1534236651356149
1534236651356159
1534236651356173
1534236651356182
1534236651356190
1534236651356207
1534236651356221
1534236651356503
1534236651356516
1534236651356524
1534236651356539
1534236651356547
1534236651356556
1534236651356564
1534236651356577
1534236651356641
1534236651856035
1534236651856052
1534236651856060
1534236651856074
1534236651856082
1534236651856090
1534236651856098
1534236651856110
1534236651856242
1534236651856253
1534236651856261
1534236651856273
1534236651856281
1534236651856289
1534236651856297
1534236651856304
1534236651856319
1534236652355960
1534236652355977
1534236652355986
1534236652356000
1534236652356008
1534236652356016
1534236652356024
1534236652356039
1534236652356219
1534236652356230
1534236652356238
1534236652356251
1534236652356259
1534236652356267
1534236652356274
1534236652356281
1534236652356318
1534236652856395
1534236652856907
1534236652856919
1534236652856927
1534236652856942
1534236652856951
1534236652856959
1534236652856967
1534236652856981
1534236652857051
1534236652857067
1534236652857075
1534236652857084
1534236652857098
1534236652857106
1534236652857115
1534236652857122
1534236652857130
1534236653356363
1534236653356382
1534236653356391
1534236653356404
1534236653356412
1534236653356420
1534236653356428
1534236653356442
1534236653356697
1534236653356709
1534236653356717
1534236653356731
1534236653356739
1534236653356747
1534236653356755
1534236653356767
1534236653356892
1534236653856518
1534236653856532
1534236653856541
1534236653856555
1534236653856563
1534236653856571
1534236653856582
1534236653856596
1534236653856763
1534236653856772
1534236653856780
1534236653856794
1534236653856802
1534236653856810
1534236653856817
1534236653856828
1534236653856837
1534236654356612
1534236654356627
1534236654356636
1534236654356651
1534236654356660
1534236654356667
1534236654356675
1534236654356689
1534236654356830
1534236654356842
1534236654356850
1534236654356862
1534236654356870
1534236654356878
1534236654356886
1534236654356894
1534236654357017
1534236654856756
1534236654856771
1534236654856781
1534236654856795
1534236654856805
1534236654856814
1534236654856830
1534236654856839
1534236654856933
1534236654856955
1534236654856964
1534236654856973
1534236654856988
1534236654856997
1534236654857006
1534236654857014
1534236654857053
1534236655356912
1534236655356929
1534236655356938
1534236655356948
1534236655356956
1534236655356965
1534236655356972
1534236655356981
1534236655357045
1534236655357056
1534236655357063
1534236655357071
1534236655357079
1534236655357087
1534236655357095
1534236655357104
1534236655357148
1534236655856385
1534236655856402
1534236655856410
1534236655856420
1534236655856434
1534236655856442
1534236655856456
1534236655856465
1534236655857255
1534236655857267
1534236655857275
1534236655857284
1534236655857292
1534236655857301
1534236655857308
1534236655857317
1534236655857384
1534236656356904
1534236656356923
1534236656356932
1534236656356940
1534236656356949
1534236656356958
1534236656356967
1534236656356976
1534236656357227
1534236656357238
1534236656357247
1534236656357255
1534236656357263
1534236656357271
1534236656357279
1534236656357287
1534236656357432
1534236656857438
1534236656857462
1534236656857471
1534236656857478
1534236656857486
1534236656857494
1534236656857503
1534236656857511
1534236656857519
1534236656857527
1534236656857535
1534236656857542
1534236656857550
1534236656857560
1534236656857569
1534236656857578
1534236656857586
1534236657357510
1534236657357527
1534236657357536
1534236657357545
1534236657357555
1534236657357565
1534236657357580
1534236657357588
1534236657357597
1534236657357606
1534236657357616
1534236657357627
1534236657357637
1534236657357649
1534236657357657
1534236657357666
1534236657357675
1534236657857439
1534236657857460
1534236657857470
1534236657857479
1534236657857487
1534236657857495
1534236657857503
1534236657857510
1534236657857517
1534236657857525
1534236657857533
1534236657857541
1534236657857548
1534236657857556
1534236657857564
1534236657857572
1534236657857580
1534236658356915
1534236658356931
1534236658356940
1534236658356948
1534236658356956
1534236658356963
1534236658356971
1534236658356979
1534236658357295
1534236658357307
1534236658357314
1534236658357321
1534236658357329
1534236658357336
1534236658357348
1534236658357356
1534236658357776
1534236658857553
1534236658857566
1534236658857575
1534236658857583
1534236658857590
1534236658857597
1534236658857605
1534236658857612
1534236658857624
1534236658857632
1534236658857639
1534236658857650
1534236658857657
1534236658857666
1534236658857674
1534236658857681
1534236658857720
1534236659357178
1534236659357196
1534236659357206
1534236659357215
1534236659357223
1534236659357232
1534236659357240
1534236659357249
1534236659357257
1534236659357265
1534236659357273
1534236659357281
1534236659357289
1534236659357301
1534236659357311
1534236659357320
1534236659357513
1534236659857716
1534236659857732
1534236659857741
1534236659857755
1534236659857763
1534236659857771
1534236659857779
1534236659857793
1534236659857801
1534236659857808
1534236659857815
1534236659857822
1534236659857838
1534236659857846
1534236659857853
1534236659857861
1534236659857875
1534236659857882
1534236660357418
1534236660357439
1534236660357462
1534236660357471
1534236660357479
1534236660357486
1534236660357499
1534236660357508
1534236660357658
1534236660357670
1534236660357679
1534236660357693
1534236660357702
1534236660357709
1534236660357717
1534236660357728
1534236660357948
1534236660857674
1534236660857693
1534236660857702
1534236660857716
1534236660857723
1534236660857732
1534236660857740
1534236660857753
1534236660857872
1534236660857884
1534236660857891
1534236660857899
1534236660857916
1534236660857925
1534236660857933
1534236660857945
1534236660857959
1534236661358167
1534236661358183
1534236661358193
1534236661358202
1534236661358214
1534236661358222
1534236661358231
1534236661358241
1534236661358249
1534236661358256
1534236661358264
1534236661358271
1534236661358279
1534236661358287
1534236661358294
1534236661358302
1534236661358309
1534236661358353
1534236661857656
1534236661857672
1534236661857680
1534236661857688
1534236661857696
1534236661857703
1534236661857710
1534236661857786
1534236661857798
1534236661857806
1534236661857814
1534236661857822
1534236661857829
1534236661857836
1534236661857844
1534236661858027
1534236661858039
1534236662357729
1534236662357750
1534236662357764
1534236662357772
1534236662357780
1534236662357788
1534236662357795
1534236662357802
1534236662357810
1534236662357817
1534236662357824
1534236662357831
1534236662357838
1534236662357845
1534236662357985
1534236662357995
1534236662358003
1534236662858087
1534236662858289
1534236662858302
1534236662858312
1534236662858328
1534236662858337
1534236662858345
1534236662858360
1534236662858369
1534236662858453
1534236662858467
1534236662858482
1534236662858491
1534236662858499
1534236662858507
1534236662858515
1534236662858527
1534236662858573
1534236663358138
1534236663358153
1534236663358163
1534236663358180
1534236663358190
1534236663358199
1534236663358208
1534236663358222
1534236663358231
1534236663358239
1534236663358247
1534236663358260
1534236663358269
1534236663358278
1534236663358294
1534236663358303
1534236663358418
1534236663857685
1534236663857702
1534236663857710
1534236663857727
1534236663857736
1534236663857744
1534236663857752
1534236663857765
1534236663858470
1534236663858491
1534236663858500
1534236663858509
1534236663858517
1534236663858531
1534236663858540
1534236663858548
1534236663858614
1534236664358573
1534236664358590
1534236664358601
1534236664358610
1534236664358618
1534236664358627
1534236664358635
1534236664358644
1534236664358651
1534236664358659
1534236664358667
1534236664358675
1534236664358684
1534236664358692
1534236664358700
1534236664358708
1534236664358717
1534236664858328
1534236664858343
1534236664858351
1534236664858359
1534236664858367
1534236664858375
1534236664858383
1534236664858399
1534236664858511
1534236664858525
1534236664858533
1534236664858541
1534236664858549
1534236664858561
1534236664858572
1534236664858581
1534236664858674
1534236665357989
1534236665358005
1534236665358014
1534236665358028
1534236665358037
1534236665358046
1534236665358054
1534236665358070
1534236665358797
1534236665358808
1534236665358816
1534236665358830
1534236665358842
1534236665358850
1534236665358857
1534236665358880
1534236665358998
1534236665858346
1534236665858363
1534236665858372
1534236665858394
1534236665858405
1534236665858414
1534236665858429
1534236665858438
1534236665858512
1534236665858528
1534236665858543
1534236665858551
1534236665858559
1534236665858568
1534236665858576
1534236665858589
1534236665858678
1534236666358820
1534236666359227
1534236666359242
1534236666359251
1534236666359260
1534236666359268
1534236666359278
1534236666359287
1534236666359295
1534236666359454
1534236666359466
1534236666359475
1534236666359483
1534236666359492
1534236666359501
1534236666359509
1534236666359523
1534236666359534
1534236666858569
1534236666858587
1534236666858596
1534236666858605
1534236666858613
1534236666858621
1534236666858629
1534236666858636
1534236666858797
1534236666858808
1534236666858816
1534236666858824
1534236666858831
1534236666858839
1534236666858846
1534236666858854
1534236666858914
1534236667358668
1534236667358688
1534236667358707
1534236667358715
1534236667358723
1534236667358730
1534236667358738
1534236667358747
1534236667358952
1534236667358965
1534236667358973
1534236667358982
1534236667358989
1534236667358996
1534236667359004
1534236667359011
1534236667359018
1534236667858662
1534236667858677
1534236667858685
1534236667858693
1534236667858701
1534236667858708
1534236667858716
1534236667858724
1534236667858808
1534236667858819
1534236667858826
1534236667858835
1534236667858842
1534236667858849
1534236667858857
1534236667858864
1534236667859066
1534236668358837
1534236668358851
1534236668358864
1534236668358872
1534236668358881
1534236668358893
1534236668358902
1534236668358911
1534236668359152
1534236668359171
1534236668359179
1534236668359194
1534236668359202
1534236668359210
1534236668359217
1534236668359228
1534236668359236
1534236668858884
1534236668858897
1534236668858906
1534236668858921
1534236668858929
1534236668858937
1534236668858945
1534236668858958
1534236668859142
1534236668859154
1534236668859162
1534236668859174
1534236668859182
1534236668859190
1534236668859197
1534236668859205
1534236668859260
1534236669359370
1534236669359388
1534236669359398
1534236669359411
1534236669359419
1534236669359427
1534236669359445
1534236669359454
1534236669359462
1534236669359556
1534236669359574
1534236669359582
1534236669359589
1534236669359597
1534236669359612
1534236669359620
1534236669359628
1534236669359750
1534236669858945
1534236669858962
1534236669858982
1534236669858991
1534236669859000
1534236669859008
1534236669859024
1534236669859038
1534236669859237
1534236669859249
1534236669859258
1534236669859272
1534236669859281
1534236669859289
1534236669859297
1534236669859311
1534236669859363
1534236670359208
1534236670359224
1534236670359233
1534236670359246
1534236670359254
1534236670359263
1534236670359272
1534236670359280
1534236670359455
1534236670359472
1534236670359480
1534236670359488
1534236670359496
1534236670359509
1534236670359517
1534236670359524
1534236670359600
1534236670859522
1534236670859541
1534236670859551
1534236670859566
1534236670859575
1534236670859586
1534236670859602
1534236670859612
1534236670859782
1534236670859796
1534236670859805
1534236670859819
1534236670859828
1534236670859836
1534236670859845
1534236670859858
1534236670859939
1534236671359772
1534236671359787
1534236671359797
1534236671359808
1534236671359823
1534236671359833
1534236671359846
1534236671359855
1534236671359863
1534236671359871
1534236671359880
1534236671359889
1534236671359897
1534236671359905
1534236671359914
1534236671360005
1534236671360016
1534236671859692
1534236671859713
1534236671859723
1534236671859738
1534236671859748
1534236671859757
1534236671859773
1534236671859782
1534236671859950
1534236671859964
1534236671859974
1534236671859988
1534236671859998
1534236671860007
1534236671860021
1534236671860030
1534236671860161
1534236672359296
1534236672359311
1534236672359322
1534236672359333
1534236672359344
1534236672359353
1534236672359362
1534236672359375
1534236672359597
1534236672359608
1534236672359616
1534236672359624
1534236672359633
1534236672359641
1534236672359650
1534236672359659
1534236672359803
1534236672859386
1534236672859406
1534236672859417
1534236672859427
1534236672859440
1534236672859450
1534236672859460
1534236672859473
1534236672859722
1534236672859738
1534236672859747
1534236672859758
1534236672859766
1534236672859775
1534236672859783
1534236672859794
1534236672860066
1534236673359472
1534236673359490
1534236673359500
1534236673359511
1534236673359522
1534236673359531
1534236673359541
1534236673359550
1534236673359560
1534236673359569
1534236673359578
1534236673359592
1534236673359602
1534236673359615
1534236673359624
1534236673359634
1534236673359885
1534236673859619
1534236673859635
1534236673859644
1534236673859654
1534236673859663
1534236673859673
1534236673859683
1534236673859693
1534236673860016
1534236673860028
1534236673860037
1534236673860046
1534236673860054
1534236673860064
1534236673860072
1534236673860080
1534236673860144
1534236674359554
1534236674359578
1534236674359590
1534236674359600
1534236674359621
1534236674359630
1534236674359647
1534236674359655
1534236674360167
1534236674360181
1534236674360190
1534236674360205
1534236674360214
1534236674360222
1534236674360231
1534236674360246
1534236674360343
1534236674859329
1534236674859348
1534236674859357
1534236674859372
1534236674859380
1534236674859388
1534236674859396
1534236674859411
1534236674859878
1534236674859891
1534236674859899
1534236674859913
1534236674859922
1534236674859930
1534236674859938
1534236674859950
1534236674859958
1534236675359782
1534236675359798
1534236675359806
1534236675359820
1534236675359828
1534236675359838
1534236675359846
1534236675359862
1534236675360090
1534236675360101
1534236675360110
1534236675360120
1534236675360128
1534236675360136
1534236675360144
1534236675360151
1534236675360160
1534236675859738
1534236675859756
1534236675859765
1534236675859773
1534236675859781
1534236675859788
1534236675859795
1534236675859802
1534236675859946
1534236675859958
1534236675859967
1534236675859977
1534236675859984
1534236675859991
1534236675859998
1534236675860005
1534236675860222
1534236676359939
1534236676359959
1534236676359970
1534236676359979
1534236676359988
1534236676359995
1534236676360003
1534236676360010
1534236676360161
1534236676360173
1534236676360181
1534236676360188
1534236676360195
1534236676360203
1534236676360210
1534236676360217
1534236676360398
1534236676860240
1534236676860255
1534236676860264
1534236676860273
1534236676860280
1534236676860288
1534236676860296
1534236676860303
1534236676860490
1534236676860504
1534236676860512
1534236676860521
1534236676860529
1534236676860536
1534236676860548
1534236676860556
1534236676860563
1534236677360285
1534236677360306
1534236677360315
1534236677360329
1534236677360337
1534236677360348
1534236677360361
1534236677360370
1534236677360377
1534236677360385
1534236677360392
1534236677360399
1534236677360406
1534236677360413
1534236677360419
1534236677360426
1534236677360499
1534236677860384
1534236677860403
1534236677860417
1534236677860426
1534236677860435
1534236677860444
1534236677860452
1534236677860460
1534236677860689
1534236677860701
1534236677860711
1534236677860719
1534236677860727
1534236677860735
1534236677860743
1534236677860751
1534236677860923
1534236678360212
1534236678360232
1534236678360243
1534236678360251
1534236678360261
1534236678360268
1534236678360276
1534236678360285
1534236678360428
1534236678360441
1534236678360448
1534236678360455
1534236678360462
1534236678360470
1534236678360477
1534236678360484
1534236678360653
1534236678860429
1534236678860451
1534236678860461
1534236678860472
1534236678860481
1534236678860490
1534236678860498
1534236678860508
1534236678860670
1534236678860685
1534236678860694
1534236678860702
1534236678860710
1534236678860718
1534236678860727
1534236678860736
1534236678860868
1534236679360033
1534236679360048
1534236679360067
1534236679360078
1534236679360086
1534236679360094
1534236679360110
1534236679360121
1534236679360506
1534236679360520
1534236679360528
1534236679360542
1534236679360551
1534236679360559
1534236679360567
1534236679360585
1534236679360667
1534236679860958
1534236679860979
1534236679860990
1534236679860999
1534236679861007
1534236679861015
1534236679861023
1534236679861031
1534236679861039
1534236679861154
1534236679861167
1534236679861181
1534236679861188
1534236679861196
1534236679861209
1534236679861217
1534236679861225
1534236679861316
1534236680360823
1534236680360839
1534236680360848
1534236680360857
1534236680360865
1534236680360874
1534236680360882
1534236680360891
1534236680360983
1534236680360992
1534236680361001
1534236680361009
1534236680361017
1534236680361026
1534236680361034
1534236680361042
1534236680361210
1534236680860854
1534236680860880
1534236680860889
1534236680860898
1534236680860906
1534236680860920
1534236680860929
1534236680860937
1534236680861125
1534236680861144
1534236680861152
1534236680861160
1534236680861171
1534236680861179
1534236680861187
1534236680861195
1534236680861203
1534236681360746
1534236681360763
1534236681360771
1534236681360784
1534236681360792
1534236681360800
1534236681360835
1534236681360844
1534236681361079
1534236681361089
1534236681361097
1534236681361112
1534236681361122
1534236681361130
1534236681361138
1534236681361151
1534236681361159
1534236681860730
1534236681860748
1534236681860756
1534236681860764
1534236681860771
1534236681860779
1534236681860787
1534236681860795
1534236681861087
1534236681861100
1534236681861109
1534236681861116
1534236681861124
1534236681861131
1534236681861138
1534236681861146
1534236681861329
1534236682361333
1534236682361352
1534236682361368
1534236682361377
1534236682361386
1534236682361394
1534236682361408
1534236682361417
1534236682361429
1534236682361437
1534236682361450
1534236682361458
1534236682361467
1534236682361475
1534236682361488
1534236682361502
1534236682361511
1534236682861399
1534236682861416
1534236682861425
1534236682861435
1534236682861444
1534236682861453
1534236682861461
1534236682861469
1534236682861597
1534236682861613
1534236682861622
1534236682861629
1534236682861637
1534236682861646
1534236682861655
1534236682861663
1534236682861700
1534236683361022
1534236683361041
1534236683361049
1534236683361057
1534236683361064
1534236683361072
1534236683361079
1534236683361087
1534236683361405
1534236683361416
1534236683361424
1534236683361432
1534236683361439
1534236683361447
1534236683361454
1534236683361461
1534236683361505
1534236683861236
1534236683861252
1534236683861261
1534236683861271
1534236683861279
1534236683861287
1534236683861294
1534236683861302
1534236683861383
1534236683861392
1534236683861400
1534236683861408
1534236683861415
1534236683861423
1534236683861430
1534236683861437
1534236683861515
1534236684361505
1534236684361523
1534236684361532
1534236684361539
1534236684361547
1534236684361556
1534236684361564
1534236684361571
1534236684361579
1534236684361586
1534236684361594
1534236684361601
1534236684361608
1534236684361616
1534236684361623
1534236684361630
1534236684361758
1534236684861394
1534236684861411
1534236684861418
1534236684861427
1534236684861435
1534236684861442
1534236684861450
1534236684861461
1534236684861470
1534236684861478
1534236684861486
1534236684861493
1534236684861501
1534236684861513
1534236684861525
1534236684861533
1534236684861861
1534236685361408
1534236685361425
1534236685361433
1534236685361441
1534236685361448
1534236685361460
1534236685361468
1534236685361478
1534236685361486
1534236685361494
1534236685361502
1534236685361513
1534236685361521
1534236685361529
1534236685361537
1534236685361548
1534236685361842
1534236685861629
1534236685861646
1534236685861730
1534236685861746
1534236685861757
1534236685861769
1534236685861778
1534236685861786
1534236685861793
1534236685861802
1534236685861810
1534236685861817
1534236685861825
1534236685861833
1534236685861841
1534236685861849
1534236685861857
1534236686361652
1534236686361667
1534236686361675
1534236686361683
1534236686361692
1534236686361700
1534236686361708
1534236686361715
1534236686361722
1534236686361730
1534236686361737
1534236686361744
1534236686361753
1534236686361760
1534236686361768
1534236686361776
1534236686361783
1534236686861786
1534236686861805
1534236686861815
1534236686861822
1534236686861830
1534236686861838
1534236686861846
1534236686861854
1534236686861862
1534236686861870
1534236686861877
1534236686861885
1534236686861892
1534236686861900
1534236686862059
1534236686862070
1534236686862179
1534236687361886
1534236687361901
1534236687361910
1534236687361919
1534236687361928
1534236687361936
1534236687361945
1534236687361953
1534236687361961
1534236687361969
1534236687361977
1534236687361985
1534236687361993
1534236687362002
1534236687362009
1534236687362017
1534236687362255
1534236687862140
1534236687862159
1534236687862169
1534236687862179
1534236687862187
1534236687862196
1534236687862204
1534236687862212
1534236687862220
1534236687862229
1534236687862244
1534236687862253
1534236687862496
1534236687862512
1534236687862520
1534236687862528
1534236687862536
1534236688362050
1534236688362068
1534236688362077
1534236688362086
1534236688362094
1534236688362103
1534236688362112
1534236688362120
1534236688362282
1534236688362308
1534236688362317
1534236688362339
1534236688362348
1534236688362357
1534236688362370
1534236688362384
1534236688362398
1534236688862129
1534236688862149
1534236688862158
1534236688862168
1534236688862177
1534236688862185
1534236688862193
1534236688862202
1534236688862210
1534236688862218
1534236688862227
1534236688862235
1534236688862243
1534236688862251
1534236688862263
1534236688862271
1534236688862336
1534236689362227
1534236689362246
1534236689362254
1534236689362265
1534236689362274
1534236689362284
1534236689362292
1534236689362302
1534236689362501
1534236689362514
1534236689362522
1534236689362531
1534236689362539
1534236689362547
1534236689362555
1534236689362563
1534236689362609
1534236689862361
1534236689862381
1534236689862398
1534236689862408
1534236689862417
1534236689862426
1534236689862435
1534236689862448
1534236689862457
1534236689862465
1534236689862483
1534236689862491
1534236689862505
1534236689862514
1534236689862522
1534236689862530
1534236689862538
1534236690362365
1534236690362381
1534236690362398
1534236690362408
1534236690362418
1534236690362427
1534236690362435
1534236690362444
1534236690362577
1534236690362586
1534236690362594
1534236690362603
1534236690362612
1534236690362620
1534236690362628
1534236690362635
1534236690362769
1534236690862573
1534236690862595
1534236690862606
1534236690862615
1534236690862624
1534236690862633
1534236690862642
1534236690862652
1534236690862662
1534236690862670
1534236690862680
1534236690862689
1534236690862698
1534236690862707
1534236690862717
1534236690862727
1534236690863116
1534236691363053
1534236691363071
1534236691363080
1534236691363089
1534236691363098
1534236691363108
1534236691363118
1534236691363128
1534236691363216
1534236691363227
1534236691363236
1534236691363245
1534236691363254
1534236691363262
1534236691363271
1534236691363280
1534236691363375
1534236691862906
1534236691862925
1534236691862935
1534236691862945
1534236691862954
1534236691862963
1534236691862971
1534236691862980
1534236691862989
1534236691862998
1534236691863007
1534236691863015
1534236691863024
1534236691863033
1534236691863043
1534236691863051
1534236691863106
1534236692363220
1534236692363240
1534236692363258
1534236692363269
1534236692363281
1534236692363300
1534236692363311
1534236692363326
1534236692363343
1534236692363352
1534236692363362
1534236692363376
1534236692363386
1534236692363395
1534236692363405
1534236692363420
1534236692363429
1534236692363441
1534236692862996
1534236692863017
1534236692863027
1534236692863037
1534236692863046
1534236692863055
1534236692863064
1534236692863073
1534236692863255
1534236692863269
1534236692863279
1534236692863289
1534236692863298
1534236692863307
1534236692863316
1534236692863325
1534236692863556
1534236693363558
1534236693363581
1534236693363592
1534236693363601
1534236693363611
1534236693363621
1534236693363630
1534236693363640
1534236693363649
1534236693363658
1534236693363668
1534236693363677
1534236693363686
1534236693363695
1534236693363704
1534236693363713
1534236693363882
1534236693863118
1534236693863134
1534236693863142
1534236693863154
1534236693863162
1534236693863170
1534236693863179
1534236693863187
1534236693863196
1534236693863204
1534236693863212
1534236693863221
1534236693863231
1534236693863240
1534236693863250
1534236693863260
1534236693863583
1534236694363318
1534236694363335
1534236694363345
1534236694363356
1534236694363366
1534236694363375
1534236694363383
1534236694363393
1534236694363654
1534236694363668
1534236694363678
1534236694363688
1534236694363697
1534236694363705
1534236694363714
1534236694363732
1534236694363810
1534236694863054
1534236694863073
1534236694863084
1534236694863093
1534236694863435
1534236694863449
1534236694863458
1534236694863467
1534236694863476
1534236694863485
1534236694863493
1534236694863502
1534236694863742
1534236694863755
1534236694863764
1534236694863772
1534236694863781
1534236695363388
1534236695363408
1534236695363421
1534236695363431
1534236695363441
1534236695363454
1534236695363468
1534236695363477
1534236695363486
1534236695363495
1534236695363506
1534236695363525
1534236695363534
1534236695363549
1534236695363557
1534236695363565
1534236695363706
1534236695863403
1534236695863424
1534236695863443
1534236695863454
1534236695863462
1534236695863471
1534236695863488
1534236695863500
1534236695863509
1534236695863527
1534236695863536
1534236695863549
1534236695863563
1534236695863573
1534236695863581
1534236695863590
1534236695863611
1534236696363421
1534236696363442
1534236696363459
1534236696363469
1534236696363478
1534236696363487
1534236696363511
1534236696363521
1534236696363789
1534236696363800
1534236696363809
1534236696363824
1534236696363833
1534236696363841
1534236696363849
1534236696363864
1534236696364020
1534236696863561
1534236696863581
1534236696863591
1534236696863606
1534236696863616
1534236696863640
1534236696863649
1534236696863658
1534236696863875
1534236696863888
1534236696863897
1534236696863914
1534236696863923
1534236696863932
1534236696863946
1534236696863955
1534236696864126
1534236697363553
1534236697363567
1534236697363576
1534236697363587
1534236697363596
1534236697363605
1534236697363614
1534236697363624
1534236697363633
1534236697363641
1534236697363649
1534236697363658
1534236697363667
1534236697363675
1534236697363684
1534236697363693
1534236697363926
1534236697863938
1534236697863970
1534236697863986
1534236697863995
1534236697864004
1534236697864014
1534236697864026
1534236697864036
1534236697864045
1534236697864054
1534236697864063
1534236697864072
1534236697864082
1534236697864092
1534236697864101
1534236697864110
1534236697864303
1534236698363734
1534236698363754
1534236698363764
1534236698363775
1534236698363785
1534236698363794
1534236698363803
1534236698363812
1534236698363976
1534236698363990
1534236698363999
1534236698364007
1534236698364016
1534236698364024
1534236698364033
1534236698364041
1534236698364206
1534236698863897
1534236698863915
1534236698863926
1534236698863934
1534236698863943
1534236698863952
1534236698863960
1534236698863969
1534236698864049
1534236698864061
1534236698864070
1534236698864078
1534236698864086
1534236698864095
1534236698864103
1534236698864111
1534236698864301
1534236699363867
1534236699363884
1534236699363893
1534236699363909
1534236699363918
1534236699363926
1534236699363941
1534236699363949
1534236699363957
1534236699363967
1534236699363980
1534236699363988
1534236699363997
1534236699364004
1534236699364019
1534236699364027
1534236699364069
1534236699863979
1534236699864002
1534236699864012
1534236699864022
1534236699864036
1534236699864045
1534236699864055
1534236699864065
1534236699864224
1534236699864238
1534236699864255
1534236699864265
1534236699864274
1534236699864283
1534236699864296
1534236699864306
1534236699864315
1534236700363674
1534236700363691
1534236700363700
1534236700363716
1534236700363726
1534236700363735
1534236700363749
1534236700363759
1534236700364373
1534236700364386
1534236700364395
1534236700364403
1534236700364412
1534236700364420
1534236700364428
1534236700364436
1534236700364446
1534236700864470
1534236700864487
1534236700864497
1534236700864507
1534236700864516
1534236700864525
1534236700864535
1534236700864544
1534236700864553
1534236700864562
1534236700864571
1534236700864579
1534236700864588
1534236700864599
1534236700864608
1534236700864622
1534236700864632
1534236700864641
1534236701364092
1534236701364107
1534236701364117
1534236701364128
1534236701364137
1534236701364146
1534236701364155
1534236701364163
1534236701364250
1534236701364263
1534236701364271
1534236701364280
1534236701364288
1534236701364297
1534236701364305
1534236701364314
1534236701364470
1534236701864268
1534236701864286
1534236701864296
1534236701864305
1534236701864313
1534236701864322
1534236701864330
1534236701864338
1534236701864419
1534236701864431
1534236701864440
1534236701864449
1534236701864457
1534236701864465
1534236701864474
1534236701864482
1534236701864658
1534236702364103
1534236702364116
1534236702364127
1534236702364136
1534236702364145
1534236702364154
1534236702364162
1534236702364172
1534236702364324
1534236702364340
1534236702364350
1534236702364358
1534236702364366
1534236702364386
1534236702364393
1534236702364401
1534236702364520
1534236702864286
1534236702864299
1534236702864307
1534236702864316
1534236702864324
1534236702864332
1534236702864339
1534236702864346
1534236702864481
1534236702864498
1534236702864506
1534236702864513
1534236702864521
1534236702864528
1534236702864536
1534236702864544
1534236702864632
1534236703364402
1534236703364418
1534236703364427
1534236703364436
1534236703364444
1534236703364452
1534236703364461
1534236703364469
1534236703364598
1534236703364609
1534236703364622
1534236703364635
1534236703364642
1534236703364651
1534236703364660
1534236703364668
1534236703364677
1534236703864441
1534236703864463
1534236703864473
1534236703864481
1534236703864490
1534236703864498
1534236703864505
1534236703864513
1534236703864714
1534236703864727
1534236703864734
1534236703864741
1534236703864749
1534236703864756
1534236703864764
1534236703864772
1534236703864910
1534236704364505
1534236704364524
1534236704364534
1534236704364543
1534236704364552
1534236704364560
1534236704364568
1534236704364576
1534236704364788
1534236704364799
1534236704364808
1534236704364816
1534236704364824
1534236704364832
1534236704364839
1534236704364847
1534236704364855
1534236704864472
1534236704864487
1534236704864496
1534236704864504
1534236704864513
1534236704864522
1534236704864531
1534236704864539
1534236704864893
1534236704864904
1534236704864912
1534236704864921
1534236704864928
1534236704864936
1534236704864943
1534236704864950
1534236704865006
1534236705364755
1534236705364771
1534236705364785
1534236705364793
1534236705364806
1534236705364813
1534236705364821
1534236705364833
1534236705364840
1534236705364849
1534236705364862
1534236705364870
1534236705365004
1534236705365015
1534236705365023
1534236705365031
1534236705365038
1534236705864864
1534236705864879
1534236705864888
1534236705864898
1534236705864999
1534236705865009
1534236705865017
1534236705865024
1534236705865032
1534236705865040
1534236705865048
1534236705865056
1534236705865116
1534236705865126
1534236705865137
1534236705865144
1534236705865152
1534236706364895
1534236706364912
1534236706364921
1534236706364931
1534236706364938
1534236706364946
1534236706364953
1534236706364960
1534236706365005
1534236706365015
1534236706365023
1534236706365030
1534236706365038
1534236706365045
1534236706365052
1534236706365059
1534236706365207
1534236706864647
1534236706864663
1534236706864673
1534236706864683
1534236706864692
1534236706864701
1534236706864711
1534236706864719
1534236706864869
1534236706864887
1534236706864897
1534236706864907
1534236706864915
1534236706864923
1534236706864931
1534236706864939
1534236706865014
1534236707365238
1534236707365255
1534236707365265
1534236707365274
1534236707365286
1534236707365295
1534236707365303
1534236707365311
1534236707365319
1534236707365327
1534236707365335
1534236707365350
1534236707365360
1534236707365368
1534236707365376
1534236707365388
1534236707365396
1534236707365540
1534236707865304
1534236707865318
1534236707865327
1534236707865336
1534236707865345
1534236707865354
1534236707865363
1534236707865587
1534236707865596
1534236707865606
1534236707865616
1534236707865624
1534236707865633
1534236707865641
1534236707865649
1534236707865657
1534236707865747
1534236708365276
1534236708365301
1534236708365310
1534236708365321
1534236708365489
1534236708365502
1534236708365510
1534236708365519
1534236708365527
1534236708365536
1534236708365544
1534236708365552
1534236708365561
1534236708365569
1534236708365579
1534236708365587
1534236708365693
1534236708865454
1534236708865471
1534236708865481
1534236708865491
1534236708865501
1534236708865509
1534236708865518
1534236708865526
1534236708865641
1534236708865651
1534236708865660
1534236708865668
1534236708865676
1534236708865684
1534236708865693
1534236708865701
1534236708865834
1534236709365483
1534236709365503
1534236709365511
1534236709365519
1534236709365527
1534236709365539
1534236709365548
1534236709365560
1534236709365714
1534236709365725
1534236709365738
1534236709365746
1534236709365753
1534236709365761
1534236709365769
1534236709365792
1534236709365825
1534236709865651
1534236709865668
1534236709865677
1534236709865687
1534236709865696
1534236709865704
1534236709865712
1534236709865721
1534236709865924
1534236709865936
1534236709865944
1534236709865953
1534236709866086
1534236709866099
1534236709866107
1534236709866115
1534236709866123
1534236710366083
1534236710366101
1534236710366110
1534236710366120
1534236710366129
1534236710366138
1534236710366147
1534236710366159
1534236710366175
1534236710366184
1534236710366193
1534236710366202
1534236710366211
1534236710366228
1534236710366240
1534236710366251
1534236710366266
1534236710865439
1534236710865456
1534236710865467
1534236710865477
1534236710865487
1534236710865495
1534236710865504
1534236710865516
1534236710865618
1534236710865632
1534236710865640
1534236710865650
1534236710865661
1534236710865671
1534236710865681
1534236710865690
1534236710865760
1534236711365905
1534236711366110
1534236711366125
1534236711366136
1534236711366147
1534236711366159
1534236711366171
1534236711366182
1534236711366191
1534236711366878
1534236711366894
1534236711366906
1534236711366914
1534236711366923
1534236711366932
1534236711366940
1534236711366950
1534236711366958
1534236711865919
1534236711865938
1534236711865948
1534236711865957
1534236711865969
1534236711865978
1534236711865986
1534236711865994
1534236711866257
1534236711866270
1534236711866278
1534236711866286
1534236711866294
1534236711866311
1534236711866319
1534236711866329
1534236711866337
1534236712365983
1534236712366004
1534236712366013
1534236712366022
1534236712366030
1534236712366038
1534236712366046
1534236712366056
1534236712366377
1534236712366404
1534236712366416
1534236712366424
1534236712366433
1534236712366447
1534236712366456
1534236712366463
1534236712366472
1534236712865897
1534236712865914
1534236712865923
1534236712865939
1534236712865949
1534236712865957
1534236712865964
1534236712865977
1534236712865985
1534236712865995
1534236712866002
1534236712866017
1534236712866029
1534236712866037
1534236712866049
1534236712866056
1534236712866066
1534236713366159
1534236713366267
1534236713366278
1534236713366286
1534236713366300
1534236713366308
1534236713366317
1534236713366325
1534236713366339
1534236713366523
1534236713366536
1534236713366544
1534236713366558
1534236713366567
1534236713366575
1534236713366583
1534236713366594
1534236713366643
1534236713866149
1534236713866165
1534236713866174
1534236713866182
1534236713866191
1534236713866200
1534236713866207
1534236713866215
1534236713866405
1534236713866424
1534236713866437
1534236713866445
1534236713866454
1534236713866462
1534236713866470
1534236713866478
1534236713866486
1534236714366650
1534236714366769
1534236714366786
1534236714366798
1534236714366808
1534236714366817
1534236714366825
1534236714366833
1534236714366842
1534236714366959
1534236714366974
1534236714366984
1534236714366992
1534236714367000
1534236714367009
1534236714367017
1534236714367026
1534236714367118
1534236714866307
1534236714866329
1534236714866339
1534236714866348
1534236714866358
1534236714866373
1534236714866382
1534236714866397
1534236714866624
1534236714866636
1534236714866645
1534236714866653
1534236714866662
1534236714866670
1534236714866678
1534236714866686
1534236714866890
1534236715366341
1534236715366362
1534236715366372
1534236715366381
1534236715366404
1534236715366415
1534236715366430
1534236715366439
1534236715366573
1534236715366586
1534236715366599
1534236715366608
1534236715366618
1534236715366627
1534236715366635
1534236715366645
1534236715366696
1534236715866431
1534236715866447
1534236715866458
1534236715866472
1534236715866486
1534236715866500
1534236715866509
1534236715866517
1534236715866526
1534236715866534
1534236715866543
1534236715866563
1534236715866573
1534236715866583
1534236715866591
1534236715866598
1534236715866606
1534236716367270
1534236716367289
1534236716367299
1534236716367308
1534236716367319
1534236716367329
1534236716367339
1534236716367349
1534236716367358
1534236716367373
1534236716367389
1534236716367399
1534236716367408
1534236716367421
1534236716367432
1534236716367462
1534236716367471
1534236716367480
1534236716866883
1534236716866911
1534236716866921
1534236716866936
1534236716866945
1534236716866954
1534236716866963
1534236716866978
1534236716867077
1534236716867098
1534236716867109
1534236716867119
1534236716867138
1534236716867147
1534236716867156
1534236716867163
1534236716867177
1534236717366689
1534236717366708
1534236717366717
1534236717366727
1534236717366737
1534236717366746
1534236717366756
1534236717366764
1534236717366773
1534236717366781
1534236717366789
1534236717366797
1534236717366805
1534236717366814
1534236717366827
1534236717366835
1534236717366966
