1534236618851617
1534236619352173
1534236619851725
1534236620352025
1534236620851825
1534236621351875
1534236621852698
1534236622352014
1534236622852058
1534236623352609
1534236623852223
1534236624352461
1534236624853024
1534236625352368
1534236625852887
1534236626352982
1534236626852804
1534236627352827
1534236627853371
1534236628353414
1534236628853277
1534236629353297
1534236629853380
1534236630353454
1534236630853334
1534236631353634
1534236631853872
1534236632353663
1534236632854219
1534236633353793
1534236633853868
1534236634354613
1534236634854235
1534236635354761
1534236635854249
1534236636355068
1534236636854452
1534236637354967
1534236637855003
1534236638354836
1534236638854675
1534236639355409
1534236639854765
1534236640355262
1534236640855108
1534236641355169
1534236641855440
1534236642355368
1534236642856085
1534236643355500
1534236643855492
1534236644355604
1534236644855570
1534236645355672
1534236645855934
1534236646356228
1534236646856044
1534236647356131
1534236647856884
1534236648356410
1534236648856501
1534236649356571
1534236649856888
1534236650356873
1534236650856931
1534236651356880
1534236651856844
1534236652356768
1534236652857671
1534236653357076
1534236653857290
1534236654357375
1534236654857613
1534236655357724
1534236655857281
1534236656357634
1534236656858134
1534236657358260
1534236657858096
1534236658357842
1534236658858142
1534236659357972
1534236659858702
1534236660358170
1534236660858341
1534236661359226
1534236661858454
1534236662358480
1534236662859065
1534236663358910
1534236663858572
1534236664359211
1534236664859034
1534236665359018
1534236665859151
1534236666359988
1534236666859283
1534236667359353
1534236667859384
1534236668359512
1534236668859544
1534236669360271
1534236669859712
1534236670359931
1534236670860256
1534236671360536
1534236671860370
1534236672360060
1534236672860220
1534236673360343
1534236673860352
1534236674360530
1534236674860266
1534236675360519
1534236675860518
1534236676360661
1534236676860886
1534236677360918
1534236677861030
1534236678360871
1534236678861183
1534236679360821
1534236679861952
1534236680361641
1534236680861569
1534236681361496
1534236681861659
1534236682362019
1534236682634804
1534236682862074
1534236683361680
1534236683861887
1534236684362195
1534236684862032
1534236685362099
1534236685862369
1534236686362401
1534236686862543
1534236687362589
1534236687863241
1534236688362782
1534236688862811
1534236689363016
1534236689863078
1534236690363142
1534236690863318
1534236691363786
1534236691863654
1534236692364139
1534236692863897
1534236693364262
1534236693863864
1534236694364200
1534236694863978
1534236695364263
1534236695864331
1534236696364286
1534236696864397
1534236697364367
1534236697864744
1534236698364535
1534236698864614
1534236699364617
1534236699864749
1534236700364576
1534236700865364
1534236701364868
1534236701864959
1534236702364835
1534236702865010
1534236703365078
1534236703865199
1534236704365197
1534236704865236
1534236705365510
1534236705865579
1534236706365638
1534236706865599
1534236707366262
1534236707866106
1534236708365994
1534236708866210
1534236709366235
1534236709866368
1534236710366844
1534236710866178
1534236711367125
1534236711866659
1534236712366732
1534236712866602
1534236713367158
1534236713866798
1534236714367600
1534236714867154
1534236715367143
1534236715867202
1534236716368271
1534236716867698
1534236717367520
