1534238978066161
1534238978566318
1534238980566687
1534238981066778
1534238981566864
1534238982067029
1534238982567123
1534238983067253
1534238983567363
1534238985567732
1534238986067835
1534238986567933
1534238987068056
1534238987568137
1534238989068591
1534238990068759
1534238992569575
1534238993069651
1534238994569951
1534238997570794
1534238998570997
1534238999071131
1534239006572946
1534239011076010
1534239011576230
1534239013576687
1534239015105370
1534239017606217
1534239018606592
1534239019606845
1534239020607064
1534239024608610
1534239025108825
1534239025608930
1534239026609140
1534239029610531
1534239031110997
1534239031611094
1534239032111206
1534239034113202
1534239035613463
1534239036613814
1534239038614213
1534239039114319
1534239042115601
1534239043115801
1534239043616067
1534239045117092
1534239046617487
1534239049618432
1534239054619826
1534239058620829
1534239059621053
1534239060121944
1534239062122398
1534239062622486
1534239063623281
1534239064123405
1534239065123569
1534239065623711
1534239066123812
1534239066623995
1534239068624810
1534239073126092
1534239074127812
1534239076128218
