1534238978070153
1534238978070776
1534238978071040
1534238978071532
1534238978071900
1534238978072139
1534238978072348
1534238978568484
1534238978568702
1534238978568966
1534238978569169
1534238978569334
1534238978569456
1534238978570373
1534238979067376
1534238979067704
1534238979068005
1534238979068327
1534238979068696
1534238979069007
1534238979069338
1534238979069465
1534238979069774
1534238979572870
1534238979574220
1534238979574475
1534238979574620
1534238979574818
1534238979574948
1534238980067626
1534238980068152
1534238980069248
1534238980070473
1534238980070764
1534238980071729
1534238980071848
1534238980569891
1534238980570110
1534238980570458
1534238980570778
1534238980570962
1534238980571170
1534238981068003
1534238981068432
1534238981068780
1534238981069346
1534238981069622
1534238981069986
1534238981070109
1534238981568710
1534238981569020
1534238981569350
1534238981570055
1534238981570355
1534238981570419
1534238981570770
1534238982072392
1534238982072607
1534238982072880
1534238982073270
1534238982073551
1534238982073783
1534238982568672
1534238982569139
1534238982569370
1534238982569630
1534238982570102
1534238982570122
1534238982570276
1534238982570564
1534238983068318
1534238983069343
1534238983069547
1534238983070343
1534238983070608
1534238983070891
1534238983071035
1534238983071164
1534238983570978
1534238983571056
1534238983571180
1534238983571336
1534238983571453
1534238983571555
1534238983571588
1534238984068995
1534238984069645
1534238984069904
1534238984070086
1534238984071052
1534238984071204
1534238984568940
1534238984569386
1534238984569960
1534238984570536
1534238984570722
1534238984570795
1534238984570969
1534238985068541
1534238985070083
1534238985070543
1534238985071048
1534238985071292
1534238985071508
1534238985071734
1534238985568896
1534238985569301
1534238985570080
1534238985570731
1534238985571080
1534238985571620
1534238985571882
1534238986070382
1534238986070494
1534238986070663
1534238986070948
1534238986071116
1534238986071217
1534238986570805
1534238986570873
1534238986570966
1534238986571094
1534238986571202
1534238986571287
1534238987071627
1534238987071838
1534238987072086
1534238987072348
1534238987072648
1534238987072846
1534238987569672
1534238987570359
1534238987570981
1534238987571392
1534238987571482
1534238987571497
1534238987571551
1534238987571606
1534238987571857
1534238988072805
1534238988072992
1534238988073249
1534238988073732
1534238988074298
1534238988074480
1534238988074901
1534238988075102
1534238988575506
1534238988576217
1534238988576328
1534238988576517
1534238988576711
1534238988576993
1534238989071826
1534238989072138
1534238989072461
1534238989072814
1534238989073071
1534238989073199
1534238989569494
1534238989569886
1534238989570401
1534238989570641
1534238989571969
1534238989572017
1534238989572098
1534238990071112
1534238990071680
1534238990072192
1534238990072558
1534238990072714
1534238990072907
1534238990570307
1534238990570397
1534238990570711
1534238990571288
1534238990572266
1534238990572740
1534238990572967
1534238990573541
1534238990573646
1534238991071447
1534238991071480
1534238991071712
1534238991071915
1534238991072486
1534238991072657
1534238991074002
1534238991074275
1534238991572420
1534238991572475
1534238991572579
1534238991574111
1534238991574787
1534238991575222
1534238992070738
1534238992071438
1534238992071768
1534238992071998
1534238992072110
1534238992072292
1534238992072358
1534238992571772
1534238992571832
1534238992572129
1534238992572286
1534238992572474
1534238992572938
1534238992573284
1534238993072425
1534238993072522
1534238993072654
1534238993072799
1534238993072919
1534238993072988
1534238993570838
1534238993571764
1534238993571876
1534238993575119
1534238993575794
1534238993575813
1534238993576223
1534238993576367
1534238993576545
1534238994072199
1534238994072900
1534238994073051
1534238994073352
1534238994073653
1534238994073887
1534238994074087
1534238994570869
1534238994571095
1534238994571360
1534238994571559
1534238994572100
1534238994572585
1534238994572892
1534238994573049
1534238995074431
1534238995075691
1534238995075839
1534238995075971
1534238995076339
1534238995076524
1534238995571444
1534238995572050
1534238995572701
1534238995573380
1534238995574666
1534238995574926
1534238995575161
1534238996071788
1534238996072957
1534238996073059
1534238996074059
1534238996074212
1534238996074338
1534238996573858
1534238996574046
1534238996574416
1534238996574695
1534238996574848
1534238996575062
1534238997071786
1534238997072566
1534238997073381
1534238997073444
1534238997073719
1534238997074160
1534238997074354
1534238997572358
1534238997572823
1534238997573282
1534238997573719
1534238997574017
1534238997574474
1534238997574613
1534238998073231
1534238998073829
1534238998074321
1534238998074699
1534238998074940
1534238998075108
1534238998572207
1534238998572854
1534238998573252
1534238998573476
1534238998574098
1534238998574235
1534238999076915
1534238999077267
1534238999077389
1534238999077644
1534238999077839
1534238999077954
1534238999574658
1534238999575955
1534238999576470
1534238999576735
1534238999577536
1534238999577748
1534238999577909
1534238999578583
1534238999578740
1534239000077955
1534239000079424
1534239000080078
1534239000080612
1534239000081232
1534239000081417
1534239000105641
1534239000105851
1534239000106097
1534239000573442
1534239000573688
1534239000574295
1534239000574603
1534239000574867
1534239000575187
1534239000575715
1534239000576168
1534239000576575
1534239000576777
1534239001075435
1534239001075730
1534239001076034
1534239001105702
1534239001106223
1534239001106587
1534239001106955
1534239001573350
1534239001573810
1534239001574930
1534239001575307
1534239001576158
1534239001576340
1534239001577067
1534239002074918
1534239002075470
1534239002076348
1534239002076817
1534239002105423
1534239002106613
1534239002574045
1534239002574093
1534239002574361
1534239002575004
1534239002576031
1534239002577287
1534239002577496
1534239003072967
1534239003073505
1534239003074603
1534239003074623
1534239003106056
1534239003106080
1534239003106921
1534239003107418
1534239003107767
1534239003574624
1534239003575257
1534239003575905
1534239003576911
1534239003577368
1534239003577452
1534239003577875
1534239004074116
1534239004074727
1534239004075154
1534239004075945
1534239004076490
1534239004076753
1534239004076805
1534239004076820
1534239004575792
1534239004576432
1534239004577019
1534239004577732
1534239004577990
1534239004578218
1534239005074110
1534239005074573
1534239005075019
1534239005075574
1534239005076286
1534239005076456
1534239005076727
1534239005574208
1534239005574897
1534239005575435
1534239005576643
1534239005577079
1534239005577223
1534239005577250
1534239005577416
1534239006074358
1534239006075779
1534239006076528
1534239006077689
1534239006077739
1534239006078092
1534239006078546
1534239006574819
1534239006575100
1534239006575123
1534239006575766
1534239006576126
1534239006576501
1534239006576577
1534239007074076
1534239007074729
1534239007075227
1534239007076033
1534239007105719
1534239007106350
1534239007106833
1534239007577360
1534239007578190
1534239007578551
1534239007578897
1534239007579137
1534239007579472
1534239008105931
1534239008106597
1534239008107119
1534239008107566
1534239008107835
1534239008108183
1534239008577145
1534239008578149
1534239008578739
1534239008579230
1534239008579646
1534239008579836
1534239008579998
1534239009077187
1534239009077699
1534239009078286
1534239009105814
1534239009106539
1534239009107004
1534239009107629
1534239009579896
1534239009580281
1534239009580557
1534239009580816
1534239009580980
1534239009581736
1534239009582458
1534239009582714
1534239010076865
1534239010077691
1534239010077903
1534239010078309
1534239010078435
1534239010078560
1534239010078616
1534239010078628
1534239010577571
1534239010578088
1534239010578891
1534239010579537
1534239010579812
1534239010579911
1534239010580161
1534239011105672
1534239011105706
1534239011105845
1534239011105999
1534239011106194
1534239011106702
1534239011107002
1534239011107318
1534239011107374
1534239011589363
1534239011589598
1534239011590025
1534239011590356
1534239011590665
1534239011590760
1534239012106145
1534239012107011
1534239012107752
1534239012108500
1534239012108951
1534239012109054
1534239012109426
1534239012577989
1534239012578315
1534239012579478
1534239012579628
1534239012579883
1534239012579946
1534239012580276
1534239013077840
1534239013078233
1534239013078414
1534239013079005
1534239013079788
1534239013080133
1534239013080190
1534239013080256
1534239013080707
1534239013578842
1534239013579100
1534239013579977
1534239013580811
1534239013581082
1534239013581470
1534239013581539
1534239013581678
1534239014105672
1534239014107065
1534239014107893
1534239014108257
1534239014111328
1534239014111595
1534239014112164
1534239014112366
1534239014112547
1534239014577648
1534239014578096
1534239014578672
1534239014578793
1534239014578996
1534239014580192
1534239014580460
1534239014581114
1534239014581133
1534239014581821
1534239015107261
1534239015107985
1534239015108455
1534239015108885
1534239015108928
1534239015109175
1534239015109361
1534239015606897
1534239015607912
1534239015608276
1534239015608603
1534239015608853
1534239015609039
1534239015609398
1534239016109239
1534239016109384
1534239016110465
1534239016111172
1534239016111829
1534239016112170
1534239016112389
1534239016607015
1534239016607119
1534239016607332
1534239016608503
1534239016609368
1534239016609683
1534239016609860
1534239016610116
1534239017107129
1534239017107846
1534239017108696
1534239017109598
1534239017109634
1534239017110254
1534239017110793
1534239017111119
1534239017607618
1534239017608336
1534239017608538
1534239017608764
1534239017608830
1534239017608957
1534239017609259
1534239018108229
1534239018109365
1534239018110608
1534239018111898
1534239018112525
1534239018113242
1534239018113529
1534239018607605
1534239018608923
1534239018609393
1534239018609552
1534239018609783
1534239018610889
1534239018611109
1534239019108054
1534239019109920
1534239019111136
1534239019112112
1534239019112648
1534239019112816
1534239019113007
1534239019608853
1534239019609367
1534239019609781
1534239019610058
1534239019610271
1534239019610668
1534239019610949
1534239020107976
1534239020108252
1534239020110147
1534239020110238
1534239020110518
1534239020110806
1534239020110902
1534239020111948
1534239020112362
1534239020112435
1534239020112777
1534239020609764
1534239020609858
1534239020612646
1534239020613179
1534239020613371
1534239020613926
1534239020614145
1534239021108175
1534239021108901
1534239021109409
1534239021109808
1534239021110391
1534239021110637
1534239021111083
1534239021111274
1534239021111326
1534239021111636
1534239021611869
1534239021612044
1534239021613438
1534239021613826
1534239021614356
1534239021614642
1534239022109058
1534239022109219
1534239022110146
1534239022110634
1534239022110816
1534239022111799
1534239022608300
1534239022608463
1534239022608602
1534239022608676
1534239022608732
1534239022609652
1534239022609722
1534239022609757
1534239022609831
1534239022609901
1534239023108551
1534239023108717
1534239023108737
1534239023109142
1534239023109422
1534239023109604
1534239023109654
1534239023109743
1534239023109811
1534239023111646
1534239023610686
1534239023610854
1534239023611540
1534239023611860
1534239023612242
1534239023612568
1534239023612701
1534239024110459
1534239024110781
1534239024111162
1534239024111676
1534239024112115
1534239024112560
1534239024112814
1534239024112933
1534239024612370
1534239024612520
1534239024612701
1534239024612922
1534239024613089
1534239024613244
1534239025113593
1534239025113803
1534239025114368
1534239025114542
1534239025115071
1534239025115391
1534239025115486
1534239025611192
1534239025611703
1534239025611843
1534239025612054
1534239025612283
1534239025612299
1534239025612495
1534239025612565
1534239026113438
1534239026114182
1534239026114801
1534239026115492
1534239026116407
1534239026116603
1534239026116962
1534239026612246
1534239026612605
1534239026612936
1534239026613374
1534239026613869
1534239026614067
1534239026614333
1534239027111109
1534239027111933
1534239027114927
1534239027115515
1534239027115933
1534239027115968
1534239027116270
1534239027116597
1534239027611094
1534239027611807
1534239027612138
1534239027612307
1534239027612558
1534239027614643
1534239027614698
1534239027615212
1534239028112977
1534239028113539
1534239028113834
1534239028114476
1534239028115009
1534239028115827
1534239028613097
1534239028614943
1534239028615450
1534239028615643
1534239028615796
1534239028615865
1534239028618200
1534239028618340
1534239029113367
1534239029113527
1534239029113820
1534239029114473
1534239029114641
1534239029114715
1534239029114787
1534239029615169
1534239029615319
1534239029615608
1534239029615886
1534239029616144
1534239029616296
1534239030112407
1534239030112932
1534239030113494
1534239030113981
1534239030114364
1534239030114609
1534239030114745
1534239030613177
1534239030613320
1534239030613801
1534239030613925
1534239030614409
1534239030615441
1534239030615926
1534239030616350
1534239031115702
1534239031116459
1534239031116843
1534239031116930
1534239031117012
1534239031117075
1534239031117155
1534239031117183
1534239031118116
1534239031118197
1534239031613482
1534239031614056
1534239031614786
1534239031615231
1534239031615448
1534239031615543
1534239031615774
1534239032113883
1534239032115059
1534239032115102
1534239032115113
1534239032115132
1534239032116144
1534239032116607
1534239032116996
1534239032117089
1534239032613052
1534239032613181
1534239032613946
1534239032614516
1534239032614762
1534239032615007
1534239032615172
1534239033114017
1534239033114422
1534239033115378
1534239033115838
1534239033116233
1534239033116362
1534239033117097
1534239033615109
1534239033615379
1534239033616040
1534239033616681
1534239033616823
1534239033616887
1534239034115979
1534239034116413
1534239034117033
1534239034117432
1534239034117652
1534239034117908
1534239034118045
1534239034614965
1534239034615441
1534239034615807
1534239034615953
1534239034616218
1534239034616474
1534239034616616
1534239034616794
1534239035115252
1534239035115631
1534239035116252
1534239035116785
1534239035117197
1534239035117702
1534239035117818
1534239035117979
1534239035616503
1534239035616960
1534239035617229
1534239035617452
1534239035617756
1534239035617945
1534239035618255
1534239035618495
1534239035618862
1534239036116449
1534239036116586
1534239036116693
1534239036117883
1534239036118119
1534239036118263
1534239036118714
1534239036118778
1534239036118896
1534239036119112
1534239036616448
1534239036616515
1534239036616645
1534239036616999
1534239036617136
1534239036617396
1534239037115129
1534239037115957
1534239037116926
1534239037117323
1534239037118028
1534239037118635
1534239037118800
1534239037616770
1534239037617130
1534239037617917
1534239037618037
1534239037618845
1534239037619122
1534239038116694
1534239038117289
1534239038117832
1534239038118184
1534239038118589
1534239038119150
1534239038616079
1534239038616456
1534239038616840
1534239038617151
1534239038617177
1534239038617382
1534239038617650
1534239038617868
1534239039116420
1534239039116548
1534239039116732
1534239039116904
1534239039117041
1534239039117107
1534239039616327
1534239039616744
1534239039617225
1534239039617921
1534239039618188
1534239039618347
1534239039618497
1534239039618687
1534239040115576
1534239040115700
1534239040115952
1534239040116323
1534239040116503
1534239040117928
1534239040118151
1534239040118281
1534239040118520
1534239040616343
1534239040617261
1534239040617858
1534239040618548
1534239040618864
1534239040619146
1534239041117490
1534239041119166
1534239041119524
1534239041120078
1534239041120495
1534239041120719
1534239041120999
1534239041617422
1534239041619947
1534239041621965
1534239041622130
1534239041623109
1534239041623192
1534239041623414
1534239041623602
1534239042117440
1534239042118102
1534239042118337
1534239042118354
1534239042118859
1534239042119165
1534239042119425
1534239042119795
1534239042616671
1534239042616882
1534239042617117
1534239042617390
1534239042617471
1534239042617624
1534239042617696
1534239043119801
1534239043120016
1534239043120324
1534239043120895
1534239043121104
1534239043121784
1534239043618712
1534239043618822
1534239043619386
1534239043619789
1534239043620166
1534239043620227
1534239043620382
1534239044118182
1534239044119164
1534239044119614
1534239044120392
1534239044120645
1534239044120831
1534239044120903
1534239044622217
1534239044622509
1534239044622672
1534239044623601
1534239044624186
1534239044624306
1534239044624461
1534239044624605
1534239045118271
1534239045118517
1534239045118937
1534239045119158
1534239045119327
1534239045119633
1534239045119801
1534239045119846
1534239045120405
1534239045618303
1534239045618873
1534239045620016
1534239045620365
1534239045620676
1534239045621446
1534239045621837
1534239045622259
1534239045622527
1534239046122499
1534239046124389
1534239046125577
1534239046125756
1534239046125988
1534239046126267
1534239046126525
1534239046622049
1534239046622226
1534239046622800
1534239046623539
1534239046623803
1534239046624371
1534239047119831
1534239047120701
1534239047120969
1534239047121455
1534239047121773
1534239047122106
1534239047619503
1534239047620312
1534239047620975
1534239047621033
1534239047621635
1534239047622136
1534239047622462
1534239048120681
1534239048120743
1534239048120823
1534239048122665
1534239048123045
1534239048123136
1534239048123212
1534239048619979
1534239048620284
1534239048620772
1534239048621044
1534239048621360
1534239048621694
1534239048622009
1534239048623188
1534239048623353
1534239049119712
1534239049120435
1534239049120652
1534239049120893
1534239049121085
1534239049121330
1534239049121378
1534239049121473
1534239049619603
1534239049620257
1534239049620800
1534239049621099
1534239049621462
1534239049621650
1534239049622054
1534239050122604
1534239050123682
1534239050124812
1534239050125754
1534239050126203
1534239050126431
1534239050126616
1534239050127347
1534239050620326
1534239050620516
1534239050621401
1534239050621753
1534239050622469
1534239050624178
1534239050624606
1534239050624808
1534239050625240
1534239051121917
1534239051123302
1534239051123395
1534239051123605
1534239051123777
1534239051124006
1534239051620011
1534239051620421
1534239051620689
1534239051621161
1534239051621641
1534239051622204
1534239051622716
1534239051622984
1534239051623435
1534239051623698
1534239052120228
1534239052120476
1534239052121126
1534239052121617
1534239052122008
1534239052122391
1534239052122556
1534239052122643
1534239052122734
1534239052122865
1534239052622323
1534239052622745
1534239052623468
1534239052624024
1534239052624671
1534239052624881
1534239052625171
1534239053123515
1534239053124435
1534239053125703
1534239053125833
1534239053125886
1534239053125915
1534239053126165
1534239053620886
1534239053621061
1534239053621321
1534239053621518
1534239053622417
1534239053622742
1534239053623866
1534239053624254
1534239053624775
1534239054123288
1534239054124159
1534239054124560
1534239054124763
1534239054126110
1534239054126662
1534239054126835
1534239054126995
1534239054621261
1534239054621632
1534239054622064
1534239054622444
1534239054622701
1534239054622901
1534239054623035
1534239054623699
1534239054623791
1534239055122412
1534239055123994
1534239055124141
1534239055124243
1534239055124500
1534239055124784
1534239055628023
1534239055629007
1534239055629129
1534239055630145
1534239055630351
1534239055630720
1534239055632004
1534239056122003
1534239056122292
1534239056123055
1534239056123586
1534239056123840
1534239056124130
1534239056624894
1534239056625223
1534239056625651
1534239056625864
1534239056626016
1534239056626138
1534239056626193
1534239056626267
1534239057121339
1534239057121749
1534239057122254
1534239057122844
1534239057123427
1534239057123707
1534239057124030
1534239057124323
1534239057624042
1534239057624600
1534239057626760
1534239057627002
1534239057627571
1534239057627710
1534239058122013
1534239058122206
1534239058122427
1534239058122978
1534239058123339
1534239058123599
1534239058123837
1534239058124188
1534239058622801
1534239058622923
1534239058623188
1534239058623397
1534239058623520
1534239058624323
1534239058624506
1534239058627769
1534239058627804
1534239058628434
1534239059123642
1534239059123995
1534239059124165
1534239059124856
1534239059124965
1534239059125220
1534239059125826
1534239059622715
1534239059623273
1534239059623722
1534239059623829
1534239059623898
1534239059623935
1534239059625027
1534239059625298
1534239059625436
1534239059625555
1534239060128458
1534239060128612
1534239060128883
1534239060129321
1534239060129523
1534239060129777
1534239060626035
1534239060627790
1534239060627997
1534239060628202
1534239060628344
1534239060628516
1534239061122959
1534239061123860
1534239061124348
1534239061124843
1534239061125157
1534239061125691
1534239061125954
1534239061623726
1534239061624751
1534239061624916
1534239061625061
1534239061625625
1534239061625967
1534239061626361
1534239061626615
1534239061626836
1534239061628128
1534239061628209
1534239062124262
1534239062124611
1534239062124867
1534239062125094
1534239062125211
1534239062125240
1534239062125525
1534239062624141
1534239062625452
1534239062625769
1534239062626174
1534239062626187
1534239062626671
1534239062627059
1534239062627442
1534239063130144
1534239063131170
1534239063131809
1534239063132013
1534239063132243
1534239063132463
1534239063627834
1534239063628510
1534239063629200
1534239063629755
1534239063629944
1534239063630078
1534239064124475
1534239064124796
1534239064125321
1534239064125862
1534239064126277
1534239064126571
1534239064126785
1534239064126967
1534239064625605
1534239064626024
1534239064627541
1534239064627864
1534239064627939
1534239064628039
1534239064628137
1534239065124451
1534239065124762
1534239065125077
1534239065125210
1534239065125782
1534239065126154
1534239065126264
1534239065126357
1534239065126894
1534239065127011
1534239065626365
1534239065626930
1534239065627616
1534239065627957
1534239065628341
1534239065628593
1534239066124513
1534239066125407
1534239066125954
1534239066126220
1534239066126422
1534239066126506
1534239066126610
1534239066628501
1534239066629235
1534239066629614
1534239066630262
1534239066630342
1534239066630450
1534239066630659
1534239067125266
1534239067125671
1534239067126109
1534239067126586
1534239067126989
1534239067127221
1534239067127326
1534239067627016
1534239067627357
1534239067627906
1534239067628666
1534239067629106
1534239067630554
1534239067630748
1534239067631394
1534239067633769
1534239067633897
1534239068125634
1534239068126314
1534239068126763
1534239068127444
1534239068128099
1534239068128393
1534239068128608
1534239068626461
1534239068627213
1534239068627597
1534239068627623
1534239068627947
1534239068628401
1534239068628741
1534239068629102
1534239069127038
1534239069127511
1534239069128193
1534239069128558
1534239069129013
1534239069129314
1534239069129525
1534239069626893
1534239069627565
1534239069628176
1534239069628782
1534239069629367
1534239069629559
1534239069629675
1534239069629761
1534239070126579
1534239070126691
1534239070127698
1534239070127891
1534239070128050
1534239070128640
1534239070128861
1534239070129178
1534239070130302
1534239070130524
1534239070626153
1534239070626806
1534239070627732
1534239070628508
1534239070629749
1534239070630531
1534239070630835
1534239070631043
1534239071126446
1534239071126572
1534239071127544
1534239071127905
1534239071128237
1534239071128378
1534239071128476
1534239071128542
1534239071627553
1534239071628027
1534239071628803
1534239071629454
1534239071630637
1534239071630921
1534239071631185
1534239072132556
1534239072132725
1534239072132904
1534239072133025
1534239072133287
1534239072133438
1534239072627483
1534239072627759
1534239072628318
1534239072628608
1534239072629399
1534239072629938
1534239072630192
1534239072630329
1534239073128666
1534239073128795
1534239073129150
1534239073129631
1534239073130202
1534239073130662
1534239073130845
1534239073634281
1534239073634491
1534239073634819
1534239073635708
1534239073636088
1534239073636230
1534239073636550
1534239074132576
1534239074132908
1534239074133200
1534239074133468
1534239074133736
1534239074133966
1534239074632002
1534239074632246
1534239074632805
1534239074633256
1534239074633770
1534239074634323
1534239074635105
1534239075129010
1534239075129422
1534239075129998
1534239075130296
1534239075130771
1534239075131038
1534239075131466
1534239075131670
1534239075631502
1534239075631895
1534239075632659
1534239075632925
1534239075633170
1534239075633849
1534239075634534
1534239076129669
1534239076130451
1534239076130600
1534239076130898
1534239076131957
1534239076132110
1534239076635638
1534239076638764
1534239076640941
1534239076641231
1534239076641415
1534239076641759
1534239076641867
1534239077131897
1534239077132542
1534239077133443
1534239077133653
1534239077133748
1534239077133930
