1534238978072170
1534238978569570
1534238980571540
1534238981069972
1534238981570994
1534238982073720
1534238982570400
1534238983072628
1534238983573298
1534238985572731
1534238986072037
1534238986572404
1534238987072528
1534238987572156
1534238989073334
1534238990073114
1534238992573412
1534238993074086
1534238994572710
1534238997574726
1534238998574218
1534238999077838
1534239006576965
1534239011108418
1534239011590495
1534239013582306
1534239015109909
1534239017610376
1534239018611275
1534239019610988
1534239020614548
1534239024614015
1534239025118061
1534239025613635
1534239026614469
1534239029616527
1534239031118341
1534239031616957
1534239032118626
1534239034119965
1534239035618894
1534239036618933
1534239038618038
1534239039118837
1534239042119729
1534239043121439
1534239043621014
1534239045120511
1534239046623987
1534239049622630
1534239054623465
1534239058629747
1534239059625021
1534239060129757
1534239062125587
1534239062627298
1534239063630358
1534239064127288
1534239065126194
1534239065628361
1534239066127454
1534239066631173
1534239068629082
1534239073131139
1534239074133724
1534239076131594
