1532002365156345
1532002365656302
1532002366157075
1532002366656450
1532002367156636
1532002367656835
1532002368157005
1532002368656904
1532002369157129
1532002369656997
1532002370157153
1532002370657277
1532002371157842
1532002371657492
1532002372157698
1532002372657804
1532002373158822
1532002373658102
1532002374158014
1532002374658147
1532002375158208
1532002375658315
1532002376159062
1532002376659327
1532002377158663
1532002377158831
1532002377658792
1532002378158911
1532002378659142
1532002379159571
1532002379659534
1532002380159346
1532002380659469
1532002381159813
1532002381659506
1532002382159647
1532002382659888
1532002383159831
1532002383660435
1532002384160332
1532002384660720
1532002385160585
1532002385660613
1532002386160753
1532002386661234
1532002387160974
1532002387661627
1532002388161029
1532002388661264
1532002389161192
1532002389662364
1532002390161386
1532002390662007
1532002391162674
1532002391661754
1532002392163023
1532002392662010
1532002393162363
1532002393662258
1532002394162437
1532002394662882
1532002395162542
1532002395662739
1532002396162709
1532002396663029
1532002397163098
1532002397663041
1532002398163254
1532002398663968
1532002399163458
1532002399163546
1532002399663705
1532002400163688
1532002400664026
1532002401163895
1532002401663833
1532002402164003
1532002402664592
1532002403164242
1532002403664324
1532002404164670
1532002404664593
1532002405165070
1532002405664834
1532002406164803
1532002406665858
1532002407165357
1532002407666918
1532002408165142
1532002408665455
1532002409165294
1532002409665490
1532002410165550
1532002410665711
1532002411165863
1532002411665874
1532002412166254
1532002412667158
1532002413166540
1532002413668456
1532002414167668
1532002414666971
1532002415167243
1532002415667729
1532002416167566
1532002416668098
1532002417168860
1532002417668158
1532002418167844
1532002418668138
1532002419168480
1532002419668920
1532002420168663
1532002420670461
1532002421169125
1532002421669887
1532002422169432
1532002422669406
1532002423169696
1532002423669844
1532002424169723
1532002424670693
1532002425170101
1532002425670322
1532002426170226
1532002426670362
1532002427170733
1532002427670533
1532002428170937
1532002428671398
1532002429172316
1532002429671431
1532002430171995
1532002430671162
1532002431171901
1532002431671959
1532002432172346
1532002432672991
1532002433172358
1532002433672112
1532002434172178
1532002434672244
1532002435172654
1532002435672590
1532002436172558
1532002436673715
1532002437173703
1532002437674358
1532002438173724
1532002438674325
1532002439174009
1532002439674129
1532002440175125
1532002440674262
1532002441174447
1532002441674670
1532002442175135
1532002442674796
1532002443175218
1532002443675215
1532002444175152
1532002444675371
1532002445175180
1532002445675357
1532002446175469
1532002446675688
1532002447175821
1532002447676181
1532002448176021
1532002448676169
1532002449176594
1532002449676711
1532002450176651
1532002450677516
1532002451176634
1532002451676835
1532002452177094
1532002452677331
1532002453177791
1532002453677504
1532002454177358
1532002454677522
1532002455178066
1532002455678664
1532002456177965
1532002456677893
1532002457177910
1532002457678495
1532002458178405
1532002458678252
1532002459178603
1532002459679784
1532002460178839
1532002460678860
1532002461179082
1532002461678881
1532002462179417
1532002462679457
1532002463179300
1532002463679776
1532002464180051
