1532002365156403
1532002365156423
1532002365156429
1532002365156435
1532002365156440
1532002365156446
1532002365156451
1532002365156457
1532002365156462
1532002365156469
1532002365156478
1532002365156483
1532002365156490
1532002365156496
1532002365156502
1532002365156508
1532002365656327
1532002365656340
1532002365656345
1532002365656351
1532002365656358
1532002365656364
1532002365656370
1532002365656376
1532002365656382
1532002365656388
1532002365656394
1532002365656400
1532002365656407
1532002365656415
1532002365656420
1532002365656426
1532002366156507
1532002366157148
1532002366157156
1532002366157161
1532002366157172
1532002366157177
1532002366157183
1532002366157189
1532002366157199
1532002366157214
1532002366157220
1532002366157227
1532002366157237
1532002366157250
1532002366157256
1532002366157261
1532002366157267
1532002366656488
1532002366656499
1532002366656510
1532002366656516
1532002366656522
1532002366656528
1532002366656533
1532002366656539
1532002366656551
1532002366656560
1532002366656566
1532002366656572
1532002366656577
1532002366656583
1532002366656599
1532002366656605
1532002367156764
1532002367156778
1532002367156790
1532002367156798
1532002367156804
1532002367156810
1532002367156815
1532002367156821
1532002367156835
1532002367156841
1532002367156847
1532002367156852
1532002367156857
1532002367156863
1532002367156882
1532002367156887
1532002367156893
1532002367656865
1532002367656876
1532002367656882
1532002367656887
1532002367656893
1532002367656904
1532002367656910
1532002367656916
1532002367656922
1532002367656927
1532002367656933
1532002367656939
1532002367656945
1532002367656950
1532002367656956
1532002367656962
1532002368157049
1532002368157060
1532002368157065
1532002368157071
1532002368157077
1532002368157084
1532002368157090
1532002368157096
1532002368157107
1532002368157112
1532002368157118
1532002368157124
1532002368157131
1532002368157137
1532002368157142
1532002368157148
1532002368157154
1532002368656978
1532002368656997
1532002368657003
1532002368657009
1532002368657019
1532002368657025
1532002368657034
1532002368657044
1532002368657051
1532002368657057
1532002368657062
1532002368657069
1532002368657075
1532002368657082
1532002368657089
1532002368657094
1532002369157170
1532002369157187
1532002369157194
1532002369157203
1532002369157210
1532002369157216
1532002369157221
1532002369157227
1532002369157235
1532002369157241
1532002369157247
1532002369157253
1532002369157259
1532002369157265
1532002369157271
1532002369157277
1532002369157283
1532002369657057
1532002369657072
1532002369657078
1532002369657084
1532002369657090
1532002369657097
1532002369657102
1532002369657109
1532002369657119
1532002369657125
1532002369657131
1532002369657137
1532002369657142
1532002369657148
1532002369657153
1532002369657159
1532002370157277
1532002370157294
1532002370157301
1532002370157306
1532002370157312
1532002370157318
1532002370157323
1532002370157329
1532002370157344
1532002370157350
1532002370157357
1532002370157364
1532002370157372
1532002370157379
1532002370157384
1532002370157390
1532002370157396
1532002370657328
1532002370657344
1532002370657350
1532002370657356
1532002370657362
1532002370657369
1532002370657375
1532002370657381
1532002370657387
1532002370657393
1532002370657399
1532002370657405
1532002370657411
1532002370657416
1532002370657421
1532002370657427
1532002371157898
1532002371157913
1532002371157925
1532002371157932
1532002371157938
1532002371157944
1532002371157950
1532002371157955
1532002371157967
1532002371157973
1532002371157979
1532002371157985
1532002371157991
1532002371157997
1532002371158011
1532002371158017
1532002371158024
1532002371657556
1532002371657567
1532002371657573
1532002371657579
1532002371657585
1532002371657591
1532002371657597
1532002371657602
1532002371657608
1532002371657613
1532002371657619
1532002371657625
1532002371657630
1532002371657636
1532002371657641
1532002371657650
1532002372157740
1532002372157751
1532002372157757
1532002372157762
1532002372157768
1532002372157773
1532002372157779
1532002372157784
1532002372157790
1532002372157801
1532002372157808
1532002372157822
1532002372157829
1532002372157838
1532002372157843
1532002372157849
1532002372157854
1532002372657839
1532002372657854
1532002372657860
1532002372657866
1532002372657872
1532002372657878
1532002372657884
1532002372657890
1532002372657896
1532002372657902
1532002372657910
1532002372657916
1532002372657921
1532002372657928
1532002372657933
1532002372657939
1532002373157984
1532002373158891
1532002373158903
1532002373158910
1532002373158915
1532002373158921
1532002373158927
1532002373158933
1532002373158939
1532002373158944
1532002373158954
1532002373158960
1532002373158966
1532002373158971
1532002373158977
1532002373158983
1532002373158990
1532002373658149
1532002373658165
1532002373658175
1532002373658189
1532002373658195
1532002373658202
1532002373658209
1532002373658218
1532002373658232
1532002373658238
1532002373658243
1532002373658249
1532002373658256
1532002373658267
1532002373658273
1532002373658279
1532002374158040
1532002374158059
1532002374158066
1532002374158071
1532002374158077
1532002374158083
1532002374158094
1532002374158104
1532002374158110
1532002374158116
1532002374158122
1532002374158135
1532002374158142
1532002374158148
1532002374158154
1532002374158160
1532002374658209
1532002374658222
1532002374658229
1532002374658235
1532002374658241
1532002374658247
1532002374658253
1532002374658260
1532002374658266
1532002374658274
1532002374658285
1532002374658291
1532002374658297
1532002374658302
1532002374658308
1532002374658316
1532002374658323
1532002375158284
1532002375158297
1532002375158304
1532002375158310
1532002375158315
1532002375158321
1532002375158330
1532002375158336
1532002375158344
1532002375158350
1532002375158357
1532002375158366
1532002375158372
1532002375158380
1532002375158388
1532002375158395
1532002375658688
1532002375658700
1532002375658712
1532002375658718
1532002375658723
1532002375658731
1532002375658738
1532002375658743
1532002375658755
1532002375658760
1532002375658766
1532002375658772
1532002375658778
1532002375658784
1532002375658797
1532002375658802
1532002375658845
1532002376158928
1532002376159117
1532002376159130
1532002376159136
1532002376159142
1532002376159147
1532002376159153
1532002376159163
1532002376159169
1532002376159174
1532002376159182
1532002376159189
1532002376159195
1532002376159201
1532002376159207
1532002376159212
1532002376159218
1532002376659287
1532002376659351
1532002376659359
1532002376659365
1532002376659371
1532002376659376
1532002376659382
1532002376659387
1532002376659392
1532002376659399
1532002376659404
1532002376659410
1532002376659420
1532002376659425
1532002376659430
1532002376659439
1532002376659444
1532002377158696
1532002377158711
1532002377158722
1532002377158728
1532002377158734
1532002377158740
1532002377158745
1532002377158751
1532002377158756
1532002377158769
1532002377158774
1532002377158780
1532002377158785
1532002377158792
1532002377158805
1532002377158861
1532002377658826
1532002377658837
1532002377658843
1532002377658848
1532002377658855
1532002377658861
1532002377658867
1532002377658874
1532002377658880
1532002377658887
1532002377658893
1532002377658899
1532002377658905
1532002377658912
1532002377658919
1532002377658925
1532002378158971
1532002378158983
1532002378158989
1532002378158995
1532002378159001
1532002378159007
1532002378159012
1532002378159018
1532002378159023
1532002378159029
1532002378159035
1532002378159041
1532002378159047
1532002378159052
1532002378159060
1532002378159066
1532002378659227
1532002378659240
1532002378659246
1532002378659252
1532002378659258
1532002378659263
1532002378659269
1532002378659280
1532002378659286
1532002378659292
1532002378659297
1532002378659303
1532002378659308
1532002378659314
1532002378659319
1532002378659325
1532002378659331
1532002379159434
1532002379159598
1532002379159608
1532002379159613
1532002379159624
1532002379159630
1532002379159636
1532002379159642
1532002379159648
1532002379159654
1532002379159667
1532002379159673
1532002379159679
1532002379159685
1532002379159691
1532002379159703
1532002379159710
1532002379659578
1532002379659599
1532002379659605
1532002379659611
1532002379659632
1532002379659638
1532002379659644
1532002379659650
1532002379659660
1532002379659675
1532002379659681
1532002379659688
1532002379659693
1532002379659699
1532002379659710
1532002379659716
1532002380159419
1532002380159435
1532002380159442
1532002380159448
1532002380159454
1532002380159461
1532002380159468
1532002380159475
1532002380159481
1532002380159487
1532002380159497
1532002380159503
1532002380159508
1532002380159514
1532002380159519
1532002380159525
1532002380659520
1532002380659535
1532002380659541
1532002380659547
1532002380659553
1532002380659558
1532002380659564
1532002380659570
1532002380659575
1532002380659580
1532002380659586
1532002380659591
1532002380659597
1532002380659603
1532002380659609
1532002380659614
1532002381159812
1532002381159840
1532002381159848
1532002381159854
1532002381159860
1532002381159866
1532002381159872
1532002381159877
1532002381159883
1532002381159889
1532002381159895
1532002381159901
1532002381159907
1532002381159913
1532002381159919
1532002381159925
1532002381159933
1532002381659588
1532002381659600
1532002381659608
1532002381659614
1532002381659619
1532002381659626
1532002381659632
1532002381659638
1532002381659643
1532002381659649
1532002381659655
1532002381659665
1532002381659675
1532002381659681
1532002381659686
1532002381659692
1532002382159724
1532002382159735
1532002382159747
1532002382159752
1532002382159757
1532002382159763
1532002382159768
1532002382159774
1532002382159779
1532002382159791
1532002382159797
1532002382159803
1532002382159809
1532002382159815
1532002382159833
1532002382159839
1532002382159845
1532002382659921
1532002382659934
1532002382659944
1532002382659950
1532002382659956
1532002382659961
1532002382659967
1532002382659972
1532002382659979
1532002382659994
1532002382660000
1532002382660006
1532002382660012
1532002382660018
1532002382660032
1532002382660038
1532002382660043
1532002383159855
1532002383159872
1532002383159878
1532002383159884
1532002383159889
1532002383159895
1532002383159902
1532002383159918
1532002383159924
1532002383159930
1532002383159936
1532002383159953
1532002383159960
1532002383159966
1532002383159972
1532002383159977
1532002383660376
1532002383660466
1532002383660481
1532002383660489
1532002383660496
1532002383660503
1532002383660512
1532002383660523
1532002383660530
1532002383660536
1532002383660547
1532002383660555
1532002383660562
1532002383660568
1532002383660575
1532002383660585
1532002383660592
1532002384160434
1532002384160450
1532002384160457
1532002384160467
1532002384160477
1532002384160484
1532002384160491
1532002384160497
1532002384160504
1532002384160513
1532002384160522
1532002384160529
1532002384160536
1532002384160543
1532002384160550
1532002384160557
1532002384660818
1532002384660831
1532002384660838
1532002384660845
1532002384660852
1532002384660858
1532002384660865
1532002384660878
1532002384660885
1532002384660892
1532002384660898
1532002384660906
1532002384660913
1532002384660920
1532002384660926
1532002384660933
1532002384660965
1532002385160623
1532002385160639
1532002385160648
1532002385160655
1532002385160663
1532002385160671
1532002385160681
1532002385160688
1532002385160697
1532002385160705
1532002385160712
1532002385160719
1532002385160726
1532002385160732
1532002385160739
1532002385160746
1532002385660726
1532002385660745
1532002385660753
1532002385660765
1532002385660774
1532002385660781
1532002385660795
1532002385660812
1532002385660819
1532002385660826
1532002385660833
1532002385660840
1532002385660846
1532002385660852
1532002385660859
1532002385660865
1532002386160803
1532002386160817
1532002386160833
1532002386160840
1532002386160847
1532002386160859
1532002386160866
1532002386160873
1532002386160880
1532002386160886
1532002386160893
1532002386160900
1532002386160907
1532002386160914
1532002386160922
1532002386160930
1532002386661014
1532002386661271
1532002386661291
1532002386661298
1532002386661305
1532002386661312
1532002386661319
1532002386661337
1532002386661346
1532002386661354
1532002386661369
1532002386661377
1532002386661384
1532002386661392
1532002386661406
1532002386661414
1532002386661429
1532002387161015
1532002387161030
1532002387161041
1532002387161048
1532002387161056
1532002387161064
1532002387161071
1532002387161087
1532002387161095
1532002387161103
1532002387161110
1532002387161126
1532002387161133
1532002387161141
1532002387161149
1532002387161164
1532002387661273
1532002387661698
1532002387661709
1532002387661723
1532002387661731
1532002387661738
1532002387661746
1532002387661753
1532002387661768
1532002387661776
1532002387661784
1532002387661791
1532002387661805
1532002387661812
1532002387661819
1532002387661826
1532002387661835
1532002388161095
1532002388161109
1532002388161123
1532002388161130
1532002388161137
1532002388161144
1532002388161151
1532002388161164
1532002388161171
1532002388161184
1532002388161191
1532002388161209
1532002388161216
1532002388161223
1532002388161230
1532002388161244
1532002388661354
1532002388661368
1532002388661381
1532002388661392
1532002388661399
1532002388661406
1532002388661413
1532002388661420
1532002388661434
1532002388661446
1532002388661453
1532002388661469
1532002388661482
1532002388661489
1532002388661497
1532002388661512
1532002388661520
1532002389161228
1532002389161243
1532002389161253
1532002389161261
1532002389161268
1532002389161274
1532002389161281
1532002389161287
1532002389161293
1532002389161300
1532002389161307
1532002389161313
1532002389161319
1532002389161325
1532002389161332
1532002389161339
1532002389661431
1532002389662435
1532002389662447
1532002389662454
1532002389662462
1532002389662468
1532002389662475
1532002389662481
1532002389662488
1532002389662495
1532002389662502
1532002389662509
1532002389662517
1532002389662524
1532002389662530
1532002389662537
1532002389662544
1532002390161472
1532002390161488
1532002390161499
1532002390161507
1532002390161514
1532002390161520
1532002390161531
1532002390161540
1532002390161546
1532002390161553
1532002390161560
1532002390161566
1532002390161573
1532002390161580
1532002390161586
1532002390161593
1532002390661695
1532002390662042
1532002390662057
1532002390662065
1532002390662074
1532002390662082
1532002390662090
1532002390662103
1532002390662111
1532002390662120
1532002390662127
1532002390662134
1532002390662146
1532002390662154
1532002390662161
1532002390662168
1532002390662175
1532002391162535
1532002391162765
1532002391162778
1532002391162786
1532002391162794
1532002391162802
1532002391162810
1532002391162818
1532002391162828
1532002391162836
1532002391162844
1532002391162852
1532002391162859
1532002391162866
1532002391162873
1532002391162882
1532002391162889
1532002391661829
1532002391661844
1532002391661853
1532002391661861
1532002391661868
1532002391661880
1532002391661888
1532002391661896
1532002391661904
1532002391661916
1532002391661924
1532002391661931
1532002391661938
1532002391661946
1532002391661953
1532002391661962
1532002392162852
1532002392163113
1532002392163127
1532002392163137
1532002392163144
1532002392163152
1532002392163159
1532002392163169
1532002392163178
1532002392163187
1532002392163194
1532002392163201
1532002392163208
1532002392163218
1532002392163225
1532002392163234
1532002392163242
1532002392662264
1532002392662280
1532002392662290
1532002392662298
1532002392662305
1532002392662312
1532002392662320
1532002392662328
1532002392662335
1532002392662343
1532002392662350
1532002392662358
1532002392662366
1532002392662374
1532002392662381
1532002392662388
1532002393162395
1532002393162408
1532002393162415
1532002393162422
1532002393162435
1532002393162444
1532002393162452
1532002393162462
1532002393162470
1532002393162477
1532002393162485
1532002393162497
1532002393162504
1532002393162512
1532002393162523
1532002393162530
1532002393662325
1532002393662340
1532002393662348
1532002393662356
1532002393662363
1532002393662371
1532002393662379
1532002393662388
1532002393662395
1532002393662402
1532002393662409
1532002393662416
1532002393662423
1532002393662439
1532002393662447
1532002393662455
1532002394162503
1532002394162518
1532002394162529
1532002394162537
1532002394162547
1532002394162556
1532002394162570
1532002394162579
1532002394162589
1532002394162597
1532002394162616
1532002394162623
1532002394162634
1532002394162643
1532002394162652
1532002394162659
1532002394162667
1532002394662922
1532002394662940
1532002394662948
1532002394662959
1532002394662967
1532002394662974
1532002394662981
1532002394663000
1532002394663008
1532002394663015
1532002394663022
1532002394663029
1532002394663047
1532002394663054
1532002394663061
1532002394663068
1532002394663080
1532002395162602
1532002395162618
1532002395162633
1532002395162644
1532002395162656
1532002395162674
1532002395162686
1532002395162693
1532002395162701
1532002395162718
1532002395162725
1532002395162740
1532002395162754
1532002395162761
1532002395162768
1532002395162776
1532002395662823
1532002395662841
1532002395662848
1532002395662855
1532002395662862
1532002395662868
1532002395662875
1532002395662881
1532002395662888
1532002395662894
1532002395662901
1532002395662907
1532002395662914
1532002395662921
1532002395662928
1532002395662934
1532002395663012
1532002396162759
1532002396162774
1532002396162783
1532002396162790
1532002396162798
1532002396162805
1532002396162811
1532002396162819
1532002396162826
1532002396162833
1532002396162841
1532002396162849
1532002396162856
1532002396162864
1532002396162870
1532002396162877
1532002396662961
1532002396663065
1532002396663078
1532002396663085
1532002396663093
1532002396663100
1532002396663106
1532002396663114
1532002396663122
1532002396663129
1532002396663137
1532002396663144
1532002396663151
1532002396663158
1532002396663165
1532002396663172
1532002396663179
1532002397163129
1532002397163142
1532002397163149
1532002397163156
1532002397163163
1532002397163170
1532002397163176
1532002397163183
1532002397163190
1532002397163197
1532002397163203
1532002397163211
1532002397163217
1532002397163225
1532002397163231
1532002397163238
1532002397663113
1532002397663129
1532002397663137
1532002397663144
1532002397663151
1532002397663158
1532002397663165
1532002397663171
1532002397663178
1532002397663189
1532002397663197
1532002397663204
1532002397663211
1532002397663217
1532002397663224
1532002397663234
1532002398163314
1532002398163333
1532002398163340
1532002398163347
1532002398163354
1532002398163369
1532002398163376
1532002398163388
1532002398163404
1532002398163415
1532002398163422
1532002398163428
1532002398163446
1532002398163453
1532002398163460
1532002398163467
1532002398163485
1532002398663639
1532002398664005
1532002398664018
1532002398664029
1532002398664036
1532002398664042
1532002398664049
1532002398664055
1532002398664061
1532002398664077
1532002398664084
1532002398664090
1532002398664097
1532002398664112
1532002398664119
1532002398664126
1532002398664132
1532002399163573
1532002399163587
1532002399163596
1532002399163602
1532002399163616
1532002399163626
1532002399163634
1532002399163641
1532002399163648
1532002399163664
1532002399163672
1532002399163678
1532002399163685
1532002399163697
1532002399163703
1532002399163711
1532002399663833
1532002399663849
1532002399663857
1532002399663864
1532002399663871
1532002399663879
1532002399663886
1532002399663895
1532002399663902
1532002399663910
1532002399663917
1532002399663924
1532002399663931
1532002399663938
1532002399663946
1532002399663954
1532002399663961
1532002400163897
1532002400163912
1532002400163921
1532002400163927
1532002400163934
1532002400163941
1532002400163953
1532002400163960
1532002400163967
1532002400163975
1532002400163985
1532002400163991
1532002400163998
1532002400164004
1532002400164011
1532002400164018
1532002400664065
1532002400664080
1532002400664088
1532002400664100
1532002400664108
1532002400664115
1532002400664122
1532002400664129
1532002400664136
1532002400664142
1532002400664149
1532002400664160
1532002400664166
1532002400664173
1532002400664179
1532002400664186
1532002400664232
1532002401163924
1532002401163937
1532002401163944
1532002401163951
1532002401163958
1532002401163966
1532002401163977
1532002401163984
1532002401163993
1532002401164001
1532002401164009
1532002401164017
1532002401164024
1532002401164032
1532002401164039
1532002401164046
1532002401663866
1532002401663881
1532002401663888
1532002401663902
1532002401663910
1532002401663917
1532002401663923
1532002401663930
1532002401663937
1532002401663944
1532002401663952
1532002401663960
1532002401663967
1532002401663974
1532002401663980
1532002401663986
1532002402164127
1532002402164150
1532002402164159
1532002402164166
1532002402164179
1532002402164186
1532002402164192
1532002402164199
1532002402164206
1532002402164220
1532002402164232
1532002402164240
1532002402164248
1532002402164263
1532002402164271
1532002402164278
1532002402164287
1532002402664595
1532002402664612
1532002402664622
1532002402664629
1532002402664637
1532002402664644
1532002402664654
1532002402664662
1532002402664669
1532002402664676
1532002402664684
1532002402664694
1532002402664701
1532002402664708
1532002402664716
1532002402664728
1532002402664735
1532002403164282
1532002403164294
1532002403164300
1532002403164308
1532002403164320
1532002403164327
1532002403164333
1532002403164340
1532002403164347
1532002403164353
1532002403164359
1532002403164366
1532002403164373
1532002403164380
1532002403164387
1532002403164394
1532002403664411
1532002403664424
1532002403664431
1532002403664439
1532002403664447
1532002403664455
1532002403664463
1532002403664470
1532002403664478
1532002403664484
1532002403664491
1532002403664498
1532002403664505
1532002403664512
1532002403664519
1532002403664525
1532002403664598
1532002404164690
1532002404164704
1532002404164711
1532002404164718
1532002404164724
1532002404164731
1532002404164738
1532002404164744
1532002404164751
1532002404164763
1532002404164770
1532002404164776
1532002404164786
1532002404164793
1532002404164799
1532002404164805
1532002404164812
1532002404664675
1532002404664693
1532002404664703
1532002404664711
1532002404664718
1532002404664725
1532002404664733
1532002404664740
1532002404664747
1532002404664754
1532002404664761
1532002404664767
1532002404664774
1532002404664780
1532002404664786
1532002404664793
1532002405164873
1532002405165136
1532002405165144
1532002405165152
1532002405165158
1532002405165164
1532002405165171
1532002405165178
1532002405165184
1532002405165191
1532002405165197
1532002405165203
1532002405165210
1532002405165221
1532002405165228
1532002405165235
1532002405165242
1532002405664904
1532002405664923
1532002405664931
1532002405664938
1532002405664946
1532002405664953
1532002405664967
1532002405664974
1532002405664981
1532002405664993
1532002405665007
1532002405665014
1532002405665021
1532002405665029
1532002405665036
1532002405665052
1532002406164877
1532002406164895
1532002406164903
1532002406164910
1532002406164917
1532002406164924
1532002406164931
1532002406164938
1532002406164945
1532002406164953
1532002406164959
1532002406164967
1532002406164974
1532002406164982
1532002406164989
1532002406164997
1532002406665090
1532002406665897
1532002406665907
1532002406665915
1532002406665922
1532002406665929
1532002406665936
1532002406665943
1532002406665950
1532002406665957
1532002406665964
1532002406665971
1532002406665978
1532002406665985
1532002406665992
1532002406665999
1532002406666006
1532002407165421
1532002407165434
1532002407165446
1532002407165453
1532002407165465
1532002407165472
1532002407165480
1532002407165488
1532002407165495
1532002407165502
1532002407165509
1532002407165521
1532002407165528
1532002407165535
1532002407165542
1532002407165553
1532002407665621
1532002407666993
1532002407667006
1532002407667014
1532002407667022
1532002407667029
1532002407667036
1532002407667043
1532002407667055
1532002407667062
1532002407667073
1532002407667081
1532002407667089
1532002407667096
1532002407667102
1532002407667109
1532002407667116
1532002408165178
1532002408165193
1532002408165201
1532002408165209
1532002408165216
1532002408165223
1532002408165230
1532002408165237
1532002408165244
1532002408165250
1532002408165257
1532002408165263
1532002408165273
1532002408165280
1532002408165288
1532002408165295
1532002408665571
1532002408665588
1532002408665601
1532002408665608
1532002408665615
1532002408665622
1532002408665630
1532002408665646
1532002408665654
1532002408665661
1532002408665667
1532002408665680
1532002408665687
1532002408665700
1532002408665707
1532002408665721
1532002408665776
1532002409165340
1532002409165354
1532002409165361
1532002409165368
1532002409165374
1532002409165381
1532002409165387
1532002409165394
1532002409165401
1532002409165407
1532002409165415
1532002409165423
1532002409165430
1532002409165437
1532002409165443
1532002409165452
1532002409665650
1532002409665663
1532002409665670
1532002409665677
1532002409665683
1532002409665690
1532002409665696
1532002409665708
1532002409665714
1532002409665721
1532002409665728
1532002409665734
1532002409665741
1532002409665747
1532002409665754
1532002409665761
1532002409665826
1532002410165652
1532002410165668
1532002410165677
1532002410165684
1532002410165691
1532002410165698
1532002410165706
1532002410165713
1532002410165721
1532002410165728
1532002410165735
1532002410165741
1532002410165749
1532002410165756
1532002410165768
1532002410165775
1532002410665782
1532002410665801
1532002410665808
1532002410665815
1532002410665821
1532002410665829
1532002410665842
1532002410665850
1532002410665857
1532002410665863
1532002410665872
1532002410665889
1532002410665895
1532002410665902
1532002410665909
1532002410665921
1532002411165919
1532002411165931
1532002411165942
1532002411165951
1532002411165959
1532002411165971
1532002411165988
1532002411165995
1532002411166005
1532002411166012
1532002411166026
1532002411166033
1532002411166040
1532002411166046
1532002411166053
1532002411166066
1532002411665911
1532002411665927
1532002411665936
1532002411665943
1532002411665950
1532002411665958
1532002411665965
1532002411665972
1532002411665979
1532002411665986
1532002411665992
1532002411665999
1532002411666005
1532002411666011
1532002411666018
1532002411666026
1532002412166275
1532002412166298
1532002412166307
1532002412166314
1532002412166322
1532002412166334
1532002412166342
1532002412166349
1532002412166357
1532002412166364
1532002412166371
1532002412166378
1532002412166385
1532002412166397
1532002412166405
1532002412166411
1532002412166418
1532002412667105
1532002412667213
1532002412667225
1532002412667232
1532002412667241
1532002412667248
1532002412667255
1532002412667262
1532002412667269
1532002412667278
1532002412667285
1532002412667293
1532002412667301
1532002412667308
1532002412667315
1532002412667322
1532002412667328
1532002413166602
1532002413166625
1532002413166632
1532002413166640
1532002413166646
1532002413166654
1532002413166664
1532002413166671
1532002413166678
1532002413166686
1532002413166695
1532002413166703
1532002413166711
1532002413166718
1532002413166725
1532002413166732
1532002413667063
1532002413668558
1532002413668579
1532002413668587
1532002413668593
1532002413668600
1532002413668613
1532002413668620
1532002413668627
1532002413668634
1532002413668640
1532002413668659
1532002413668670
1532002413668676
1532002413668682
1532002413668693
1532002413668700
1532002414167724
1532002414167739
1532002414167747
1532002414167760
1532002414167768
1532002414167776
1532002414167783
1532002414167789
1532002414167804
1532002414167811
1532002414167818
1532002414167826
1532002414167833
1532002414167851
1532002414167858
1532002414167866
1532002414667006
1532002414667022
1532002414667032
1532002414667040
1532002414667047
1532002414667054
1532002414667062
1532002414667069
1532002414667077
1532002414667084
1532002414667091
1532002414667099
1532002414667106
1532002414667114
1532002414667122
1532002414667130
1532002415167279
1532002415167291
1532002415167299
1532002415167306
1532002415167318
1532002415167325
1532002415167332
1532002415167345
1532002415167364
1532002415167371
1532002415167379
1532002415167386
1532002415167401
1532002415167409
1532002415167416
1532002415167422
1532002415167429
1532002415667571
1532002415667783
1532002415667797
1532002415667813
1532002415667822
1532002415667829
1532002415667837
1532002415667851
1532002415667858
1532002415667866
1532002415667878
1532002415667895
1532002415667903
1532002415667910
1532002415667918
1532002415667930
1532002415667938
1532002416167702
1532002416167720
1532002416167733
1532002416167740
1532002416167746
1532002416167753
1532002416167759
1532002416167775
1532002416167782
1532002416167788
1532002416167795
1532002416167803
1532002416167809
1532002416167816
1532002416167828
1532002416167836
1532002416668097
1532002416668117
1532002416668126
1532002416668136
1532002416668143
1532002416668150
1532002416668157
1532002416668163
1532002416668170
1532002416668177
1532002416668183
1532002416668195
1532002416668202
1532002416668210
1532002416668218
1532002416668225
1532002416668232
1532002417168354
1532002417168906
1532002417168922
1532002417168929
1532002417168935
1532002417168942
1532002417168955
1532002417168966
1532002417168973
1532002417168984
1532002417168998
1532002417169005
1532002417169012
1532002417169019
1532002417169025
1532002417169041
1532002417169049
1532002417668223
1532002417668239
1532002417668245
1532002417668253
1532002417668260
1532002417668267
1532002417668274
1532002417668280
1532002417668288
1532002417668295
1532002417668302
1532002417668309
1532002417668316
1532002417668323
1532002417668330
1532002417668339
1532002418167893
1532002418167907
1532002418167921
1532002418167927
1532002418167934
1532002418167940
1532002418167947
1532002418167954
1532002418167960
1532002418167966
1532002418167973
1532002418167979
1532002418167985
1532002418167992
1532002418167999
1532002418168005
1532002418668116
1532002418668161
1532002418668173
1532002418668181
1532002418668187
1532002418668194
1532002418668200
1532002418668207
1532002418668214
1532002418668221
1532002418668229
1532002418668236
1532002418668242
1532002418668249
1532002418668255
1532002418668262
1532002418668272
1532002419168668
1532002419168685
1532002419168699
1532002419168709
1532002419168716
1532002419168723
1532002419168730
1532002419168749
1532002419168757
1532002419168764
1532002419168772
1532002419168786
1532002419168793
1532002419168800
1532002419168807
1532002419168814
1532002419168832
1532002419669020
1532002419669035
1532002419669042
1532002419669050
1532002419669056
1532002419669064
1532002419669071
1532002419669078
1532002419669084
1532002419669090
1532002419669096
1532002419669103
1532002419669109
1532002419669116
1532002419669122
1532002419669129
1532002419669136
1532002420168774
1532002420168787
1532002420168794
1532002420168801
1532002420168808
1532002420168815
1532002420168823
1532002420168831
1532002420168839
1532002420168846
1532002420168853
1532002420168859
1532002420168867
1532002420168874
1532002420168881
1532002420168892
1532002420669242
1532002420670501
1532002420670517
1532002420670525
1532002420670535
1532002420670542
1532002420670551
1532002420670559
1532002420670566
1532002420670572
1532002420670581
1532002420670588
1532002420670599
1532002420670607
1532002420670613
1532002420670619
1532002420670628
1532002421169232
1532002421169248
1532002421169256
1532002421169264
1532002421169272
1532002421169280
1532002421169288
1532002421169298
1532002421169306
1532002421169314
1532002421169321
1532002421169329
1532002421169337
1532002421169350
1532002421169358
1532002421169369
1532002421669505
1532002421670081
1532002421670096
1532002421670108
1532002421670118
1532002421670130
1532002421670137
1532002421670148
1532002421670156
1532002421670164
1532002421670170
1532002421670178
1532002421670185
1532002421670193
1532002421670201
1532002421670208
1532002421670215
1532002422169586
1532002422169605
1532002422169614
1532002422169621
1532002422169628
1532002422169636
1532002422169649
1532002422169657
1532002422169664
1532002422169672
1532002422169686
1532002422169702
1532002422169710
1532002422169725
1532002422169733
1532002422169745
1532002422669466
1532002422669481
1532002422669493
1532002422669501
1532002422669509
1532002422669517
1532002422669525
1532002422669540
1532002422669548
1532002422669563
1532002422669577
1532002422669587
1532002422669594
1532002422669602
1532002422669616
1532002422669624
1532002423169747
1532002423169766
1532002423169774
1532002423169782
1532002423169796
1532002423169804
1532002423169813
1532002423169821
1532002423169829
1532002423169837
1532002423169845
1532002423169854
1532002423169862
1532002423169869
1532002423169878
1532002423169885
1532002423169894
1532002423669917
1532002423669932
1532002423669940
1532002423669948
1532002423669956
1532002423669962
1532002423669969
1532002423669976
1532002423669984
1532002423669992
1532002423669999
1532002423670005
1532002423670012
1532002423670024
1532002423670032
1532002423670039
1532002423670047
1532002424169785
1532002424169805
1532002424169813
1532002424169820
1532002424169827
1532002424169833
1532002424169841
1532002424169848
1532002424169856
1532002424169863
1532002424169871
1532002424169877
1532002424169886
1532002424169893
1532002424169900
1532002424169909
1532002424670379
1532002424670754
1532002424670768
1532002424670776
1532002424670782
1532002424670789
1532002424670796
1532002424670804
1532002424670811
1532002424670818
1532002424670825
1532002424670832
1532002424670839
1532002424670846
1532002424670853
1532002424670860
1532002424670867
1532002425170339
1532002425170353
1532002425170360
1532002425170366
1532002425170373
1532002425170385
1532002425170392
1532002425170399
1532002425170406
1532002425170414
1532002425170429
1532002425170439
1532002425170446
1532002425170453
1532002425170460
1532002425170468
1532002425670380
1532002425670393
1532002425670401
1532002425670408
1532002425670416
1532002425670431
1532002425670441
1532002425670449
1532002425670456
1532002425670464
1532002425670472
1532002425670480
1532002425670488
1532002425670496
1532002425670505
1532002425670513
1532002426170307
1532002426170320
1532002426170327
1532002426170338
1532002426170345
1532002426170352
1532002426170361
1532002426170368
1532002426170376
1532002426170384
1532002426170391
1532002426170397
1532002426170403
1532002426170410
1532002426170418
1532002426170429
1532002426670408
1532002426670421
1532002426670434
1532002426670443
1532002426670449
1532002426670456
1532002426670463
1532002426670470
1532002426670477
1532002426670484
1532002426670491
1532002426670497
1532002426670504
1532002426670510
1532002426670518
1532002426670525
1532002427170687
1532002427170802
1532002427170812
1532002427170819
1532002427170827
1532002427170840
1532002427170852
1532002427170859
1532002427170869
1532002427170885
1532002427170891
1532002427170899
1532002427170906
1532002427170921
1532002427170927
1532002427170934
1532002427170940
1532002427670626
1532002427670643
1532002427670651
1532002427670662
1532002427670670
1532002427670688
1532002427670700
1532002427670707
1532002427670722
1532002427670732
1532002427670740
1532002427670749
1532002427670771
1532002427670779
1532002427670790
1532002427670808
1532002428170906
1532002428170977
1532002428170987
1532002428170993
1532002428171006
1532002428171012
1532002428171019
1532002428171031
1532002428171044
1532002428171050
1532002428171056
1532002428171068
1532002428171075
1532002428171092
1532002428171101
1532002428171108
1532002428171122
1532002428671329
1532002428671434
1532002428671443
1532002428671449
1532002428671456
1532002428671463
1532002428671470
1532002428671477
1532002428671484
1532002428671490
1532002428671497
1532002428671504
1532002428671511
1532002428671517
1532002428671525
1532002428671532
1532002428671540
1532002429171759
1532002429172380
1532002429172390
1532002429172396
1532002429172403
1532002429172416
1532002429172422
1532002429172429
1532002429172436
1532002429172443
1532002429172458
1532002429172469
1532002429172480
1532002429172492
1532002429172500
1532002429172507
1532002429172513
1532002429671470
1532002429671485
1532002429671498
1532002429671505
1532002429671511
1532002429671518
1532002429671525
1532002429671539
1532002429671547
1532002429671554
1532002429671561
1532002429671568
1532002429671583
1532002429671590
1532002429671596
1532002429671604
1532002430171704
1532002430172034
1532002430172043
1532002430172056
1532002430172062
1532002430172073
1532002430172085
1532002430172097
1532002430172103
1532002430172110
1532002430172116
1532002430172123
1532002430172137
1532002430172144
1532002430172150
1532002430172156
1532002430172163
1532002430671192
1532002430671210
1532002430671217
1532002430671225
1532002430671231
1532002430671244
1532002430671251
1532002430671257
1532002430671264
1532002430671271
1532002430671293
1532002430671300
1532002430671308
1532002430671315
1532002430671327
1532002430671340
1532002431171463
1532002431171933
1532002431171947
1532002431171954
1532002431171961
1532002431171973
1532002431171980
1532002431171986
1532002431171993
1532002431171999
1532002431172014
1532002431172021
1532002431172033
1532002431172040
1532002431172055
1532002431172062
1532002431172069
1532002431672068
1532002431672085
1532002431672092
1532002431672100
1532002431672120
1532002431672127
1532002431672134
1532002431672141
1532002431672148
1532002431672155
1532002431672161
1532002431672168
1532002431672178
1532002431672186
1532002431672193
1532002431672200
1532002432172338
1532002432172426
1532002432172439
1532002432172452
1532002432172460
1532002432172468
1532002432172476
1532002432172483
1532002432172494
1532002432172501
1532002432172507
1532002432172514
1532002432172521
1532002432172528
1532002432172539
1532002432172546
1532002432172553
1532002432672646
1532002432673032
1532002432673047
1532002432673054
1532002432673062
1532002432673074
1532002432673082
1532002432673090
1532002432673098
1532002432673115
1532002432673123
1532002432673131
1532002432673139
1532002432673151
1532002432673157
1532002432673163
1532002432673170
1532002433172401
1532002433172415
1532002433172429
1532002433172436
1532002433172442
1532002433172448
1532002433172456
1532002433172470
1532002433172477
1532002433172484
1532002433172491
1532002433172498
1532002433172520
1532002433172528
1532002433172535
1532002433172548
1532002433672153
1532002433672166
1532002433672173
1532002433672190
1532002433672198
1532002433672205
1532002433672212
1532002433672219
1532002433672234
1532002433672241
1532002433672252
1532002433672258
1532002433672276
1532002433672283
1532002433672290
1532002433672298
1532002434172239
1532002434172255
1532002434172262
1532002434172269
1532002434172281
1532002434172288
1532002434172296
1532002434172304
1532002434172311
1532002434172330
1532002434172338
1532002434172345
1532002434172352
1532002434172366
1532002434172373
1532002434172384
1532002434672314
1532002434672331
1532002434672338
1532002434672345
1532002434672351
1532002434672358
1532002434672365
1532002434672373
1532002434672380
1532002434672388
1532002434672395
1532002434672404
1532002434672412
1532002434672418
1532002434672425
1532002434672432
1532002435172683
1532002435172700
1532002435172708
1532002435172716
1532002435172724
1532002435172731
1532002435172738
1532002435172750
1532002435172757
1532002435172764
1532002435172771
1532002435172778
1532002435172789
1532002435172796
1532002435172803
1532002435172811
1532002435172818
1532002435672627
1532002435672642
1532002435672649
1532002435672661
1532002435672669
1532002435672676
1532002435672682
1532002435672690
1532002435672696
1532002435672703
1532002435672710
1532002435672716
1532002435672724
1532002435672732
1532002435672740
1532002435672751
1532002436172598
1532002436172612
1532002436172619
1532002436172626
1532002436172633
1532002436172640
1532002436172647
1532002436172654
1532002436172662
1532002436172669
1532002436172678
1532002436172685
1532002436172693
1532002436172700
1532002436172708
1532002436172715
1532002436672798
1532002436673764
1532002436673777
1532002436673785
1532002436673797
1532002436673804
1532002436673811
1532002436673819
1532002436673828
1532002436673834
1532002436673842
1532002436673849
1532002436673857
1532002436673865
1532002436673872
1532002436673879
1532002436673886
1532002437173754
1532002437173771
1532002437173779
1532002437173785
1532002437173792
1532002437173799
1532002437173807
1532002437173815
1532002437173822
1532002437173828
1532002437173835
1532002437173841
1532002437173848
1532002437173855
1532002437173861
1532002437173867
1532002437673980
1532002437674413
1532002437674432
1532002437674446
1532002437674458
1532002437674465
1532002437674471
1532002437674477
1532002437674484
1532002437674491
1532002437674497
1532002437674504
1532002437674515
1532002437674523
1532002437674530
1532002437674537
1532002437674543
1532002438173754
1532002438173769
1532002438173776
1532002438173782
1532002438173789
1532002438173804
1532002438173811
1532002438173818
1532002438173824
1532002438173832
1532002438173839
1532002438173847
1532002438173854
1532002438173861
1532002438173874
1532002438173882
1532002438673988
1532002438674408
1532002438674422
1532002438674437
1532002438674446
1532002438674457
1532002438674465
1532002438674472
1532002438674480
1532002438674488
1532002438674495
1532002438674505
1532002438674513
1532002438674520
1532002438674528
1532002438674535
1532002438674542
1532002439174053
1532002439174069
1532002439174077
1532002439174085
1532002439174092
1532002439174099
1532002439174106
1532002439174112
1532002439174119
1532002439174126
1532002439174134
1532002439174142
1532002439174149
1532002439174156
1532002439174163
1532002439174175
1532002439674181
1532002439674199
1532002439674207
1532002439674214
1532002439674221
1532002439674229
1532002439674236
1532002439674248
1532002439674256
1532002439674263
1532002439674271
1532002439674279
1532002439674287
1532002439674295
1532002439674302
1532002439674310
1532002440174413
1532002440175162
1532002440175173
1532002440175186
1532002440175193
1532002440175200
1532002440175207
1532002440175214
1532002440175222
1532002440175230
1532002440175237
1532002440175244
1532002440175251
1532002440175259
1532002440175267
1532002440175275
1532002440175282
1532002440674313
1532002440674330
1532002440674337
1532002440674345
1532002440674351
1532002440674358
1532002440674366
1532002440674373
1532002440674464
1532002440674474
1532002440674481
1532002440674488
1532002440674495
1532002440674502
1532002440674509
1532002440674517
1532002441174542
1532002441174558
1532002441174565
1532002441174572
1532002441174579
1532002441174586
1532002441174593
1532002441174600
1532002441174607
1532002441174620
1532002441174628
1532002441174636
1532002441174645
1532002441174654
1532002441174662
1532002441174669
1532002441174676
1532002441674712
1532002441674727
1532002441674735
1532002441674742
1532002441674750
1532002441674757
1532002441674764
1532002441674771
1532002441674778
1532002441674788
1532002441674795
1532002441674803
1532002441674810
1532002441674817
1532002441674824
1532002441674831
1532002441674838
1532002442175069
1532002442175180
1532002442175189
1532002442175196
1532002442175203
1532002442175210
1532002442175218
1532002442175230
1532002442175238
1532002442175245
1532002442175253
1532002442175260
1532002442175267
1532002442175275
1532002442175283
1532002442175292
1532002442175299
1532002442674865
1532002442674882
1532002442674889
1532002442674896
1532002442674904
1532002442674911
1532002442674918
1532002442674924
1532002442674931
1532002442674942
1532002442674949
1532002442674956
1532002442674967
1532002442674974
1532002442674981
1532002442674989
1532002443175086
1532002443175256
1532002443175267
1532002443175274
1532002443175282
1532002443175290
1532002443175297
1532002443175305
1532002443175314
1532002443175322
1532002443175330
1532002443175338
1532002443175345
1532002443175353
1532002443175360
1532002443175367
1532002443175373
1532002443675269
1532002443675282
1532002443675289
1532002443675297
1532002443675303
1532002443675310
1532002443675327
1532002443675334
1532002443675342
1532002443675349
1532002443675357
1532002443675368
1532002443675375
1532002443675383
1532002443675391
1532002443675399
1532002444175288
1532002444175303
1532002444175311
1532002444175319
1532002444175326
1532002444175333
1532002444175340
1532002444175347
1532002444175360
1532002444175369
1532002444175376
1532002444175383
1532002444175392
1532002444175400
1532002444175408
1532002444175415
1532002444675522
1532002444675534
1532002444675541
1532002444675548
1532002444675555
1532002444675562
1532002444675570
1532002444675582
1532002444675589
1532002444675595
1532002444675602
1532002444675608
1532002444675620
1532002444675626
1532002444675633
1532002444675645
1532002444675652
1532002445175214
1532002445175230
1532002445175237
1532002445175244
1532002445175252
1532002445175259
1532002445175266
1532002445175273
1532002445175290
1532002445175297
1532002445175304
1532002445175311
1532002445175317
1532002445175323
1532002445175329
1532002445175344
1532002445675393
1532002445675408
1532002445675417
1532002445675424
1532002445675430
1532002445675437
1532002445675444
1532002445675460
1532002445675467
1532002445675473
1532002445675486
1532002445675492
1532002445675498
1532002445675508
1532002445675515
1532002445675521
1532002445675532
1532002446175544
1532002446175560
1532002446175568
1532002446175575
1532002446175583
1532002446175589
1532002446175604
1532002446175611
1532002446175618
1532002446175624
1532002446175630
1532002446175637
1532002446175644
1532002446175650
1532002446175657
1532002446175664
1532002446175670
1532002446676219
1532002446676233
1532002446676241
1532002446676248
1532002446676254
1532002446676261
1532002446676269
1532002446676277
1532002446676284
1532002446676294
1532002446676300
1532002446676320
1532002446676328
1532002446676335
1532002446676341
1532002446676349
1532002446676356
1532002447176313
1532002447176333
1532002447176340
1532002447176346
1532002447176353
1532002447176360
1532002447176366
1532002447176372
1532002447176380
1532002447176388
1532002447176395
1532002447176401
1532002447176408
1532002447176414
1532002447176421
1532002447176429
1532002447676219
1532002447676233
1532002447676241
1532002447676248
1532002447676256
1532002447676263
1532002447676274
1532002447676281
1532002447676289
1532002447676295
1532002447676302
1532002447676309
1532002447676317
1532002447676323
1532002447676336
1532002447676343
1532002448176051
1532002448176063
1532002448176071
1532002448176078
1532002448176084
1532002448176091
1532002448176097
1532002448176104
1532002448176114
1532002448176124
1532002448176131
1532002448176142
1532002448176149
1532002448176158
1532002448176164
1532002448176170
1532002448676222
1532002448676245
1532002448676253
1532002448676260
1532002448676272
1532002448676280
1532002448676286
1532002448676298
1532002448676313
1532002448676320
1532002448676327
1532002448676335
1532002448676342
1532002448676356
1532002448676363
1532002448676373
1532002449176454
1532002449176656
1532002449176666
1532002449176681
1532002449176693
1532002449176699
1532002449176706
1532002449176712
1532002449176728
1532002449176734
1532002449176741
1532002449176747
1532002449176760
1532002449176767
1532002449176774
1532002449176784
1532002449176791
1532002449676754
1532002449676772
1532002449676780
1532002449676787
1532002449676794
1532002449676801
1532002449676807
1532002449676814
1532002449676821
1532002449676828
1532002449676835
1532002449676843
1532002449676851
1532002449676857
1532002449676864
1532002449676871
1532002450176715
1532002450176729
1532002450176736
1532002450176743
1532002450176750
1532002450176757
1532002450176764
1532002450176771
1532002450176777
1532002450176785
1532002450176792
1532002450176799
1532002450176806
1532002450176813
1532002450176819
1532002450176825
1532002450676939
1532002450677578
1532002450677591
1532002450677604
1532002450677612
1532002450677618
1532002450677626
1532002450677647
1532002450677655
1532002450677663
1532002450677670
1532002450677686
1532002450677694
1532002450677701
1532002450677708
1532002450677716
1532002450677730
1532002451176697
1532002451176716
1532002451176724
1532002451176733
1532002451176740
1532002451176747
1532002451176754
1532002451176761
1532002451176768
1532002451176776
1532002451176783
1532002451176792
1532002451176799
1532002451176806
1532002451176814
1532002451176821
1532002451676914
1532002451676931
1532002451676939
1532002451676946
1532002451676953
1532002451676962
1532002451676969
1532002451676976
1532002451676984
1532002451676992
1532002451677000
1532002451677008
1532002451677018
1532002451677025
1532002451677032
1532002451677041
1532002451677093
1532002452177145
1532002452177159
1532002452177167
1532002452177174
1532002452177181
1532002452177189
1532002452177203
1532002452177210
1532002452177223
1532002452177231
1532002452177238
1532002452177246
1532002452177254
1532002452177262
1532002452177271
1532002452177282
1532002452177290
1532002452677376
1532002452677395
1532002452677409
1532002452677418
1532002452677426
1532002452677433
1532002452677450
1532002452677463
1532002452677471
1532002452677497
1532002452677506
1532002452677515
1532002452677528
1532002452677535
1532002452677542
1532002452677549
1532002452677555
1532002453177831
1532002453177849
1532002453177856
1532002453177864
1532002453177871
1532002453177878
1532002453177885
1532002453177892
1532002453177900
1532002453177907
1532002453177913
1532002453177920
1532002453177928
1532002453177936
1532002453177943
1532002453177949
1532002453177956
1532002453677582
1532002453677600
1532002453677615
1532002453677623
1532002453677630
1532002453677638
1532002453677654
1532002453677662
1532002453677670
1532002453677677
1532002453677684
1532002453677704
1532002453677712
1532002453677719
1532002453677732
1532002453677739
1532002454177398
1532002454177411
1532002454177418
1532002454177425
1532002454177436
1532002454177443
1532002454177450
1532002454177456
1532002454177464
1532002454177479
1532002454177488
1532002454177499
1532002454177515
1532002454177524
1532002454177532
1532002454177539
1532002454677580
1532002454677596
1532002454677604
1532002454677611
1532002454677620
1532002454677627
1532002454677634
1532002454677640
1532002454677646
1532002454677652
1532002454677659
1532002454677665
1532002454677672
1532002454677678
1532002454677684
1532002454677691
1532002454677794
1532002455177894
1532002455178151
1532002455178162
1532002455178169
1532002455178181
1532002455178192
1532002455178199
1532002455178206
1532002455178212
1532002455178219
1532002455178228
1532002455178235
1532002455178243
1532002455178250
1532002455178256
1532002455178263
1532002455178271
1532002455678338
1532002455678749
1532002455678764
1532002455678771
1532002455678778
1532002455678787
1532002455678795
1532002455678803
1532002455678811
1532002455678818
1532002455678827
1532002455678834
1532002455678841
1532002455678848
1532002455678855
1532002455678863
1532002455678870
1532002456178107
1532002456178126
1532002456178133
1532002456178140
1532002456178147
1532002456178157
1532002456178167
1532002456178177
1532002456178184
1532002456178190
1532002456178198
1532002456178204
1532002456178211
1532002456178217
1532002456178224
1532002456178230
1532002456677934
1532002456677949
1532002456677957
1532002456677969
1532002456677975
1532002456677982
1532002456677988
1532002456677994
1532002456678009
1532002456678015
1532002456678022
1532002456678028
1532002456678034
1532002456678048
1532002456678054
1532002456678060
1532002457177972
1532002457177988
1532002457177995
1532002457178003
1532002457178010
1532002457178018
1532002457178025
1532002457178043
1532002457178049
1532002457178056
1532002457178062
1532002457178069
1532002457178076
1532002457178082
1532002457178089
1532002457178095
1532002457678232
1532002457678530
1532002457678543
1532002457678550
1532002457678557
1532002457678564
1532002457678571
1532002457678578
1532002457678585
1532002457678592
1532002457678599
1532002457678606
1532002457678613
1532002457678620
1532002457678631
1532002457678638
1532002457678644
1532002458178450
1532002458178465
1532002458178473
1532002458178480
1532002458178486
1532002458178493
1532002458178500
1532002458178507
1532002458178518
1532002458178525
1532002458178537
1532002458178544
1532002458178550
1532002458178557
1532002458178564
1532002458178571
1532002458678305
1532002458678324
1532002458678332
1532002458678340
1532002458678347
1532002458678354
1532002458678366
1532002458678380
1532002458678388
1532002458678396
1532002458678404
1532002458678411
1532002458678421
1532002458678434
1532002458678442
1532002458678451
1532002459178531
1532002459178646
1532002459178658
1532002459178665
1532002459178672
1532002459178679
1532002459178687
1532002459178696
1532002459178704
1532002459178711
1532002459178719
1532002459178728
1532002459178736
1532002459178743
1532002459178750
1532002459178757
1532002459178763
1532002459678947
1532002459679840
1532002459679858
1532002459679868
1532002459679875
1532002459679882
1532002459679893
1532002459679899
1532002459679907
1532002459679915
1532002459679922
1532002459679930
1532002459679937
1532002459679944
1532002459679951
1532002459679958
1532002459679965
1532002460178865
1532002460178882
1532002460178899
1532002460178907
1532002460178914
1532002460178921
1532002460178934
1532002460178942
1532002460178949
1532002460178964
1532002460178971
1532002460178979
1532002460178986
1532002460178992
1532002460178999
1532002460179012
1532002460678927
1532002460678943
1532002460678951
1532002460678958
1532002460678965
1532002460678973
1532002460678979
1532002460678986
1532002460678993
1532002460678999
1532002460679006
1532002460679014
1532002460679021
1532002460679027
1532002460679034
1532002460679041
1532002461179159
1532002461179173
1532002461179181
1532002461179192
1532002461179200
1532002461179208
1532002461179219
1532002461179226
1532002461179234
1532002461179241
1532002461179248
1532002461179255
1532002461179262
1532002461179268
1532002461179276
1532002461179291
1532002461179297
1532002461678913
1532002461678932
1532002461678941
1532002461678948
1532002461678955
1532002461678962
1532002461678971
1532002461678978
1532002461678986
1532002461678993
1532002461679001
1532002461679009
1532002461679018
1532002461679026
1532002461679037
1532002461679050
1532002462179174
1532002462179444
1532002462179454
1532002462179462
1532002462179469
1532002462179476
1532002462179485
1532002462179492
1532002462179499
1532002462179508
1532002462179515
1532002462179522
1532002462179529
1532002462179535
1532002462179542
1532002462179549
1532002462179557
1532002462679523
1532002462679538
1532002462679548
1532002462679555
1532002462679562
1532002462679570
1532002462679577
1532002462679583
1532002462679590
1532002462679598
1532002462679605
1532002462679612
1532002462679619
1532002462679626
1532002462679634
1532002462679641
1532002463179339
1532002463179353
1532002463179361
1532002463179367
1532002463179376
1532002463179384
1532002463179391
1532002463179400
1532002463179407
1532002463179414
1532002463179422
1532002463179429
1532002463179441
1532002463179448
1532002463179456
1532002463179464
1532002463679989
1532002463680011
1532002463680020
1532002463680029
1532002463680036
1532002463680044
1532002463680051
1532002463680059
1532002463680065
1532002463680072
1532002463680079
1532002463680086
1532002463680093
1532002463680100
1532002463680108
1532002463680115
1532002463680126
1532002464180186
1532002464180205
1532002464180213
1532002464180222
1532002464180230
1532002464180240
1532002464180247
1532002464180258
1532002464180266
1532002464180273
1532002464180280
1532002464180287
1532002464180293
1532002464180300
1532002464180307
1532002464180313
1532002464180320
1532002464682666
