1532002365656803
1532002366157698
1532002366656981
1532002367157345
1532002367657336
1532002368157553
1532002369157708
1532002369657554
1532002370157825
1532002370657770
1532002371158434
1532002371658041
1532002372158252
1532002372658275
1532002373159325
1532002373658612
1532002374158542
1532002374658709
1532002375158745
1532002375659237
1532002376159617
1532002376659788
1532002377159126
1532002377659265
1532002378159476
1532002378659745
1532002379160114
1532002379660092
1532002380159955
1532002380660032
1532002381160393
1532002381660029
1532002382160232
1532002382660489
1532002383160344
1532002383660978
1532002384160881
1532002384661365
1532002385161148
1532002385661268
1532002386161313
1532002386661798
1532002387662281
1532002388161714
1532002388662031
1532002389161794
1532002389662963
1532002390161997
1532002390662549
1532002391163296
1532002391662329
1532002392163602
1532002392662854
1532002393162898
1532002393662909
1532002394163106
1532002394663849
1532002395163160
1532002395663410
1532002396163294
1532002396663585
1532002397163607
1532002397663623
1532002398163856
1532002398664552
1532002399164108
1532002399664414
1532002400164714
1532002400664673
1532002401164497
1532002401664365
1532002402164727
1532002402665212
1532002403164784
1532002403664996
1532002404165377
1532002404665203
1532002405165642
1532002405665462
1532002406165381
1532002406666652
1532002407165896
1532002407667534
1532002408165756
1532002408666175
1532002409165781
1532002409666334
1532002410166145
1532002410666282
1532002411166589
1532002411666975
1532002412166863
1532002412667865
1532002413167145
1532002413669142
1532002414168253
1532002414667704
1532002415167890
1532002415668414
1532002416168199
1532002416668669
1532002417169348
1532002417668785
1532002418168524
1532002418668794
1532002419169250
1532002419669592
1532002420169325
1532002420671008
1532002421169750
1532002421670569
1532002422170143
1532002422669970
1532002423170339
1532002423670527
1532002424170386
1532002424671249
1532002425170873
1532002425670938
1532002426170805
1532002426670986
1532002427171390
1532002427671236
1532002428171501
1532002428672017
1532002429172940
1532002429672068
1532002430172590
1532002430671718
1532002431172435
1532002431672564
1532002432172934
1532002432674208
1532002433172986
1532002433672726
1532002434172764
1532002434672811
1532002435173286
1532002435673184
1532002436173119
1532002436674320
1532002437174312
1532002437674922
1532002438174200
1532002438674936
1532002439174646
1532002439674771
1532002440175617
1532002440674898
1532002441175066
1532002441675301
1532002442175676
1532002442675389
1532002443175936
1532002443675814
1532002444175952
1532002444676108
1532002445175685
1532002445675963
1532002446176138
1532002446676834
1532002447176817
1532002447676793
1532002448176688
1532002448676791
1532002449177144
1532002449677219
1532002450177234
1532002450678113
1532002451177265
1532002451677564
1532002452177775
1532002452678031
1532002453178473
1532002453678262
1532002454177953
1532002454678260
1532002455178615
1532002455679278
1532002456178591
1532002456678476
1532002457178533
1532002457679108
1532002458178949
1532002458678925
1532002459179289
1532002459680488
1532002460679443
1532002461179707
1532002461679465
1532002462179997
1532002462680106
1532002463179897
1532002463680610
1532002464180809
