1532002003159595
1532002003159615
1532002003159622
1532002003159631
1532002003159637
1532002003159642
1532002003159649
1532002003159655
1532002003159662
1532002003159667
1532002003159675
1532002003159680
1532002003159685
1532002003159691
1532002003159697
1532002003159703
1532002003659252
1532002003659267
1532002003659273
1532002003659278
1532002003659283
1532002003659288
1532002003659293
1532002003659303
1532002003659308
1532002003659314
1532002003659323
1532002003659330
1532002003659336
1532002003659341
1532002003659347
1532002003659352
1532002004159259
1532002004159273
1532002004159279
1532002004159284
1532002004159290
1532002004159296
1532002004159302
1532002004159308
1532002004159314
1532002004159324
1532002004159330
1532002004159336
1532002004159342
1532002004159353
1532002004159361
1532002004159368
1532002004659441
1532002004659611
1532002004659623
1532002004659634
1532002004659639
1532002004659645
1532002004659651
1532002004659657
1532002004659664
1532002004659670
1532002004659676
1532002004659685
1532002004659691
1532002004659700
1532002004659706
1532002004659713
1532002004659718
1532002005159465
1532002005159481
1532002005159487
1532002005159494
1532002005159504
1532002005159512
1532002005159518
1532002005159523
1532002005159529
1532002005159535
1532002005159540
1532002005159545
1532002005159551
1532002005159556
1532002005159561
1532002005159567
1532002005659516
1532002005659530
1532002005659536
1532002005659541
1532002005659547
1532002005659552
1532002005659559
1532002005659564
1532002005659573
1532002005659580
1532002005659586
1532002005659593
1532002005659598
1532002005659603
1532002005659609
1532002005659614
1532002006159498
1532002006159509
1532002006159515
1532002006159520
1532002006159527
1532002006159532
1532002006159537
1532002006159543
1532002006159548
1532002006159554
1532002006159560
1532002006159565
1532002006159570
1532002006159575
1532002006159585
1532002006159591
1532002006659526
1532002006659537
1532002006659543
1532002006659549
1532002006659554
1532002006659560
1532002006659565
1532002006659571
1532002006659580
1532002006659586
1532002006659592
1532002006659600
1532002006659607
1532002006659613
1532002006659619
1532002006659625
1532002007159696
1532002007159713
1532002007159718
1532002007159724
1532002007159729
1532002007159734
1532002007159745
1532002007159751
1532002007159757
1532002007159766
1532002007159773
1532002007159791
1532002007159798
1532002007159807
1532002007159812
1532002007159826
1532002007159832
1532002007659711
1532002007659724
1532002007659730
1532002007659736
1532002007659742
1532002007659750
1532002007659756
1532002007659761
1532002007659767
1532002007659772
1532002007659777
1532002007659783
1532002007659788
1532002007659794
1532002007659802
1532002007659808
1532002008159820
1532002008159831
1532002008159837
1532002008159842
1532002008159848
1532002008159853
1532002008159859
1532002008159864
1532002008159869
1532002008159879
1532002008159885
1532002008159891
1532002008159897
1532002008159902
1532002008159908
1532002008159913
1532002008159919
1532002008660012
1532002008660024
1532002008660030
1532002008660036
1532002008660042
1532002008660048
1532002008660053
1532002008660059
1532002008660064
1532002008660070
1532002008660075
1532002008660080
1532002008660086
1532002008660091
1532002008660097
1532002008660107
1532002008660112
1532002009160081
1532002009160094
1532002009160101
1532002009160106
1532002009160112
1532002009160117
1532002009160123
1532002009160129
1532002009160134
1532002009160140
1532002009160145
1532002009160151
1532002009160157
1532002009160162
1532002009160168
1532002009160173
1532002009660134
1532002009660145
1532002009660152
1532002009660158
1532002009660164
1532002009660170
1532002009660175
1532002009660181
1532002009660191
1532002009660198
1532002009660204
1532002009660215
1532002009660223
1532002009660230
1532002009660237
1532002009660245
1532002010160881
1532002010160899
1532002010160905
1532002010160910
1532002010160915
1532002010160921
1532002010160927
1532002010160933
1532002010160938
1532002010160944
1532002010160949
1532002010160955
1532002010160962
1532002010160978
1532002010160984
1532002010160989
1532002010160994
1532002010660369
1532002010660383
1532002010660390
1532002010660402
1532002010660408
1532002010660414
1532002010660420
1532002010660426
1532002010660432
1532002010660447
1532002010660453
1532002010660458
1532002010660464
1532002010660470
1532002010660482
1532002010660488
1532002011160373
1532002011160386
1532002011160397
1532002011160403
1532002011160413
1532002011160419
1532002011160426
1532002011160440
1532002011160446
1532002011160451
1532002011160457
1532002011160464
1532002011160477
1532002011160483
1532002011160490
1532002011160495
1532002011660708
1532002011660724
1532002011660730
1532002011660736
1532002011660742
1532002011660747
1532002011660752
1532002011660757
1532002011660763
1532002011660768
1532002011660774
1532002011660779
1532002011660785
1532002011660791
1532002011660797
1532002011660802
1532002011660808
1532002012160644
1532002012160655
1532002012160661
1532002012160667
1532002012160672
1532002012160677
1532002012160683
1532002012160689
1532002012160695
1532002012160700
1532002012160706
1532002012160714
1532002012160719
1532002012160725
1532002012160731
1532002012160737
1532002012660746
1532002012660759
1532002012660765
1532002012660776
1532002012660782
1532002012660787
1532002012660793
1532002012660798
1532002012660804
1532002012660809
1532002012660814
1532002012660819
1532002012660825
1532002012660831
1532002012660836
1532002012660842
1532002012660848
1532002013160944
1532002013161057
1532002013161065
1532002013161074
1532002013161079
1532002013161085
1532002013161090
1532002013161095
1532002013161101
1532002013161106
1532002013161111
1532002013161117
1532002013161122
1532002013161127
1532002013161132
1532002013161137
1532002013161142
1532002013660909
1532002013660921
1532002013660927
1532002013660932
1532002013660938
1532002013660943
1532002013660949
1532002013660954
1532002013660960
1532002013660967
1532002013660973
1532002013660978
1532002013660983
1532002013660989
1532002013660995
1532002013661000
1532002014160989
1532002014161001
1532002014161007
1532002014161013
1532002014161022
1532002014161028
1532002014161034
1532002014161040
1532002014161045
1532002014161052
1532002014161058
1532002014161064
1532002014161069
1532002014161075
1532002014161080
1532002014161086
1532002014661046
1532002014661058
1532002014661068
1532002014661073
1532002014661079
1532002014661086
1532002014661092
1532002014661098
1532002014661103
1532002014661109
1532002014661117
1532002014661123
1532002014661129
1532002014661135
1532002014661141
1532002014661148
1532002015161276
1532002015161294
1532002015161303
1532002015161311
1532002015161317
1532002015161323
1532002015161329
1532002015161334
1532002015161340
1532002015161346
1532002015161354
1532002015161360
1532002015161366
1532002015161372
1532002015161378
1532002015161384
1532002015161391
1532002015661391
1532002015661406
1532002015661418
1532002015661424
1532002015661429
1532002015661435
1532002015661440
1532002015661446
1532002015661458
1532002015661464
1532002015661476
1532002015661484
1532002015661490
1532002015661506
1532002015661512
1532002015661517
1532002016161615
1532002016161838
1532002016161850
1532002016161857
1532002016161863
1532002016161869
1532002016161881
1532002016161887
1532002016161892
1532002016161902
1532002016161908
1532002016161925
1532002016161932
1532002016161938
1532002016161943
1532002016161948
1532002016161962
1532002016661767
1532002016661790
1532002016661797
1532002016661806
1532002016661813
1532002016661819
1532002016661829
1532002016661837
1532002016661845
1532002016661854
1532002016661859
1532002016661866
1532002016661873
1532002016661880
1532002016661886
1532002016661895
1532002017161471
1532002017161484
1532002017161490
1532002017161495
1532002017161501
1532002017161506
1532002017161511
1532002017161517
1532002017161523
1532002017161530
1532002017161536
1532002017161541
1532002017161547
1532002017161552
1532002017161557
1532002017161563
1532002017661508
1532002017661521
1532002017661526
1532002017661531
1532002017661541
1532002017661547
1532002017661556
1532002017661563
1532002017661575
1532002017661581
1532002017661586
1532002017661592
1532002017661598
1532002017661607
1532002017661612
1532002017661617
1532002018161630
1532002018161642
1532002018161649
1532002018161655
1532002018161660
1532002018161668
1532002018161674
1532002018161679
1532002018161689
1532002018161696
1532002018161703
1532002018161711
1532002018161717
1532002018161722
1532002018161728
1532002018161734
1532002018161741
1532002018661704
1532002018661719
1532002018661726
1532002018661731
1532002018661737
1532002018661743
1532002018661748
1532002018661754
1532002018661762
1532002018661768
1532002018661778
1532002018661783
1532002018661788
1532002018661793
1532002018661799
1532002018661804
1532002019161887
1532002019161905
1532002019161914
1532002019161920
1532002019161926
1532002019161934
1532002019161940
1532002019161948
1532002019161955
1532002019161960
1532002019161968
1532002019161975
1532002019161980
1532002019161986
1532002019161993
1532002019161998
1532002019162003
1532002019662067
1532002019662567
1532002019662577
1532002019662583
1532002019662588
1532002019662594
1532002019662599
1532002019662605
1532002019662610
1532002019662616
1532002019662621
1532002019662627
1532002019662633
1532002019662639
1532002019662647
1532002019662654
1532002019662660
1532002020162330
1532002020162344
1532002020162350
1532002020162357
1532002020162367
1532002020162373
1532002020162380
1532002020162390
1532002020162396
1532002020162403
1532002020162411
1532002020162418
1532002020162425
1532002020162435
1532002020162440
1532002020162447
1532002020662485
1532002020662499
1532002020662505
1532002020662514
1532002020662520
1532002020662526
1532002020662532
1532002020662537
1532002020662543
1532002020662548
1532002020662553
1532002020662558
1532002020662564
1532002020662570
1532002020662576
1532002020662583
1532002020662589
1532002021162540
1532002021162551
1532002021162561
1532002021162567
1532002021162573
1532002021162578
1532002021162587
1532002021162593
1532002021162606
1532002021162612
1532002021162618
1532002021162624
1532002021162633
1532002021162646
1532002021162653
1532002021162658
1532002021662404
1532002021662416
1532002021662427
1532002021662433
1532002021662438
1532002021662448
1532002021662454
1532002021662468
1532002021662476
1532002021662483
1532002021662489
1532002021662494
1532002021662508
1532002021662513
1532002021662519
1532002021662525
1532002022162645
1532002022162909
1532002022162916
1532002022162922
1532002022162927
1532002022162937
1532002022162942
1532002022162948
1532002022162954
1532002022162960
1532002022162965
1532002022162983
1532002022162989
1532002022162994
1532002022163004
1532002022163010
1532002022163025
1532002022662901
1532002022662916
1532002022662929
1532002022662936
1532002022662942
1532002022662954
1532002022662961
1532002022662973
1532002022662980
1532002022662986
1532002022662993
1532002022662999
1532002022663015
1532002022663022
1532002022663029
1532002022663036
1532002023163389
1532002023163410
1532002023163418
1532002023163425
1532002023163431
1532002023163439
1532002023163446
1532002023163452
1532002023163459
1532002023163467
1532002023163473
1532002023163480
1532002023163487
1532002023163493
1532002023163500
1532002023163507
1532002023163555
1532002023663686
1532002023663701
1532002023663708
1532002023663716
1532002023663723
1532002023663732
1532002023663740
1532002023663748
1532002023663755
1532002023663762
1532002023663769
1532002023663776
1532002023663783
1532002023663794
1532002023663801
1532002023663808
1532002023663815
1532002024163296
1532002024163309
1532002024163316
1532002024163323
1532002024163330
1532002024163337
1532002024163344
1532002024163351
1532002024163358
1532002024163366
1532002024163372
1532002024163379
1532002024163385
1532002024163392
1532002024163405
1532002024163413
1532002024663596
1532002024663610
1532002024663618
1532002024663625
1532002024663632
1532002024663638
1532002024663645
1532002024663652
1532002024663659
1532002024663665
1532002024663686
1532002024663692
1532002024663702
1532002024663709
1532002024663716
1532002024663723
1532002024663730
1532002025163204
1532002025163230
1532002025163236
1532002025163243
1532002025163249
1532002025163256
1532002025163267
1532002025163275
1532002025163282
1532002025163288
1532002025163295
1532002025163302
1532002025163309
1532002025163316
1532002025163322
1532002025163331
1532002025663419
1532002025663437
1532002025663446
1532002025663452
1532002025663465
1532002025663472
1532002025663479
1532002025663485
1532002025663492
1532002025663499
1532002025663510
1532002025663516
1532002025663523
1532002025663529
1532002025663536
1532002025663543
1532002025663549
1532002026163637
1532002026163661
1532002026163667
1532002026163675
1532002026163688
1532002026163695
1532002026163703
1532002026163709
1532002026163716
1532002026163731
1532002026163739
1532002026163747
1532002026163753
1532002026163760
1532002026163774
1532002026163781
1532002026163787
1532002026663887
1532002026664461
1532002026664473
1532002026664485
1532002026664493
1532002026664503
1532002026664511
1532002026664518
1532002026664535
1532002026664542
1532002026664550
1532002026664557
1532002026664573
1532002026664581
1532002026664589
1532002026664617
1532002026664626
1532002027163513
1532002027163531
1532002027163539
1532002027163547
1532002027163554
1532002027163562
1532002027163569
1532002027163577
1532002027163590
1532002027163598
1532002027163606
1532002027163616
1532002027163624
1532002027163631
1532002027163639
1532002027163648
1532002027664795
1532002027665589
1532002027665603
1532002027665615
1532002027665623
1532002027665630
1532002027665638
1532002027665645
1532002027665662
1532002027665670
1532002027665678
1532002027665685
1532002027665700
1532002027665707
1532002027665715
1532002027665723
1532002027665735
1532002028165020
1532002028165042
1532002028165050
1532002028165058
1532002028165071
1532002028165078
1532002028165086
1532002028165093
1532002028165100
1532002028165114
1532002028165122
1532002028165131
1532002028165138
1532002028165152
1532002028165161
1532002028165170
1532002028665305
1532002028665374
1532002028665386
1532002028665395
1532002028665402
1532002028665410
1532002028665419
1532002028665427
1532002028665436
1532002028665443
1532002028665450
1532002028665458
1532002028665465
1532002028665474
1532002028665482
1532002028665488
1532002028665502
1532002029165648
1532002029166152
1532002029166165
1532002029166172
1532002029166179
1532002029166186
1532002029166193
1532002029166201
1532002029166209
1532002029166216
1532002029166224
1532002029166231
1532002029166240
1532002029166249
1532002029166257
1532002029166266
1532002029166273
1532002029666147
1532002029666165
1532002029666179
1532002029666187
1532002029666194
1532002029666209
1532002029666225
1532002029666233
1532002029666241
1532002029666249
1532002029666275
1532002029666283
1532002029666298
1532002029666306
1532002029666314
1532002029666322
1532002030165236
1532002030165250
1532002030165258
1532002030165267
1532002030165279
1532002030165287
1532002030165294
1532002030165302
1532002030165309
1532002030165316
1532002030165324
1532002030165332
1532002030165339
1532002030165347
1532002030165354
1532002030165361
1532002030666112
1532002030666127
1532002030666134
1532002030666146
1532002030666153
1532002030666160
1532002030666167
1532002030666174
1532002030666182
1532002030666189
1532002030666196
1532002030666205
1532002030666212
1532002030666219
1532002030666227
1532002030666239
1532002030666273
1532002031165685
1532002031165701
1532002031165709
1532002031165717
1532002031165723
1532002031165730
1532002031165744
1532002031165754
1532002031165762
1532002031165769
1532002031165777
1532002031165784
1532002031165791
1532002031165799
1532002031165806
1532002031165814
1532002031666028
1532002031666239
1532002031666248
1532002031666255
1532002031666262
1532002031666270
1532002031666277
1532002031666285
1532002031666293
1532002031666302
1532002031666309
1532002031666322
1532002031666329
1532002031666336
1532002031666343
1532002031666350
1532002031666358
1532002032166341
1532002032166360
1532002032166369
1532002032166377
1532002032166385
1532002032166392
1532002032166400
1532002032166407
1532002032166413
1532002032166420
1532002032166437
1532002032166444
1532002032166450
1532002032166457
1532002032166464
1532002032166471
1532002032666425
1532002032666444
1532002032666451
1532002032666458
1532002032666465
1532002032666479
1532002032666486
1532002032666493
1532002032666499
1532002032666506
1532002032666513
1532002032666519
1532002032666525
1532002032666531
1532002032666538
1532002032666544
1532002033166614
1532002033166630
1532002033166638
1532002033166647
1532002033166654
1532002033166661
1532002033166668
1532002033166675
1532002033166682
1532002033166689
1532002033166695
1532002033166701
1532002033166708
1532002033166715
1532002033166722
1532002033166730
1532002033166737
1532002033666726
1532002033666741
1532002033666749
1532002033666756
1532002033666763
1532002033666769
1532002033666775
1532002033666783
1532002033666790
1532002033666797
1532002033666804
1532002033666811
1532002033666818
1532002033666824
1532002033666831
1532002033666838
1532002034166881
1532002034166895
1532002034166902
1532002034166908
1532002034166915
1532002034166925
1532002034166932
1532002034166939
1532002034166946
1532002034166953
1532002034166959
1532002034166964
1532002034166970
1532002034166976
1532002034166986
1532002034166992
1532002034167053
1532002034666778
1532002034666802
1532002034666810
1532002034666818
1532002034666829
1532002034666836
1532002034666842
1532002034666850
1532002034666858
1532002034666864
1532002034666871
1532002034666877
1532002034666884
1532002034666890
1532002034666897
1532002034666907
1532002035167168
1532002035167566
1532002035167580
1532002035167587
1532002035167593
1532002035167600
1532002035167607
1532002035167613
1532002035167623
1532002035167629
1532002035167635
1532002035167643
1532002035167649
1532002035167656
1532002035167662
1532002035167669
1532002035167675
1532002035666812
1532002035666833
1532002035666841
1532002035666855
1532002035666863
1532002035666873
1532002035666880
1532002035666895
1532002035666902
1532002035666908
1532002035666915
1532002035666921
1532002035666936
1532002035666945
1532002035666952
1532002035666958
1532002036167075
1532002036167359
1532002036167370
1532002036167377
1532002036167387
1532002036167395
1532002036167403
1532002036167410
1532002036167431
1532002036167440
1532002036167446
1532002036167454
1532002036167469
1532002036167477
1532002036167489
1532002036167496
1532002036167511
1532002036667597
1532002036667613
1532002036667621
1532002036667627
1532002036667634
1532002036667640
1532002036667646
1532002036667652
1532002036667659
1532002036667665
1532002036667671
1532002036667683
1532002036667690
1532002036667697
1532002036667704
1532002036667710
1532002036667750
1532002037167881
1532002037168239
1532002037168251
1532002037168258
1532002037168265
1532002037168271
1532002037168277
1532002037168283
1532002037168290
1532002037168296
1532002037168302
1532002037168308
1532002037168314
1532002037168320
1532002037168326
1532002037168333
1532002037168339
1532002037667263
1532002037667278
1532002037667288
1532002037667295
1532002037667301
1532002037667308
1532002037667314
1532002037667322
1532002037667338
1532002037667345
1532002037667351
1532002037667358
1532002037667371
1532002037667379
1532002037667386
1532002037667392
1532002038167431
1532002038167448
1532002038167460
1532002038167466
1532002038167473
1532002038167479
1532002038167488
1532002038167501
1532002038167509
1532002038167516
1532002038167523
1532002038167529
1532002038167544
1532002038167551
1532002038167558
1532002038167564
1532002038167570
1532002038667652
1532002038667711
1532002038667727
1532002038667739
1532002038667746
1532002038667752
1532002038667770
1532002038667777
1532002038667785
1532002038667791
1532002038667806
1532002038667813
1532002038667820
1532002038667826
1532002038667844
1532002038667852
1532002038667858
1532002039167798
1532002039167814
1532002039167823
1532002039167830
1532002039167837
1532002039167843
1532002039167849
1532002039167856
1532002039167864
1532002039167871
1532002039167878
1532002039167885
1532002039167891
1532002039167898
1532002039167905
1532002039167911
1532002039668053
1532002039668067
1532002039668075
1532002039668094
1532002039668106
1532002039668112
1532002039668118
1532002039668125
1532002039668131
1532002039668142
1532002039668149
1532002039668155
1532002039668162
1532002039668169
1532002039668175
1532002039668183
1532002039668189
1532002040167907
1532002040167923
1532002040167929
1532002040167935
1532002040167941
1532002040167949
1532002040167955
1532002040167961
1532002040167967
1532002040167973
1532002040167980
1532002040167986
1532002040167993
1532002040168000
1532002040168006
1532002040168013
1532002040668079
1532002040668092
1532002040668099
1532002040668106
1532002040668113
1532002040668125
1532002040668132
1532002040668139
1532002040668146
1532002040668153
1532002040668160
1532002040668168
1532002040668174
1532002040668182
1532002040668189
1532002040668195
1532002041168373
1532002041168388
1532002041168396
1532002041168403
1532002041168414
1532002041168420
1532002041168427
1532002041168434
1532002041168442
1532002041168450
1532002041168457
1532002041168463
1532002041168470
1532002041168477
1532002041168485
1532002041168491
1532002041168499
1532002041668297
1532002041668315
1532002041668324
1532002041668331
1532002041668340
1532002041668347
1532002041668354
1532002041668365
1532002041668375
1532002041668381
1532002041668388
1532002041668395
1532002041668402
1532002041668409
1532002041668416
1532002041668423
1532002042168337
1532002042168350
1532002042168358
1532002042168364
1532002042168370
1532002042168376
1532002042168383
1532002042168390
1532002042168396
1532002042168402
1532002042168408
1532002042168415
1532002042168421
1532002042168428
1532002042168434
1532002042168443
1532002042669017
1532002042669311
1532002042669322
1532002042669330
1532002042669337
1532002042669344
1532002042669350
1532002042669357
1532002042669364
1532002042669371
1532002042669377
1532002042669384
1532002042669392
1532002042669399
1532002042669405
1532002042669413
1532002042669419
1532002043168560
1532002043168574
1532002043168582
1532002043168589
1532002043168602
1532002043168610
1532002043168617
1532002043168625
1532002043168631
1532002043168638
1532002043168645
1532002043168651
1532002043168658
1532002043168664
1532002043168670
1532002043168677
1532002043669146
1532002043669161
1532002043669169
1532002043669176
1532002043669183
1532002043669190
1532002043669198
1532002043669205
1532002043669212
1532002043669219
1532002043669227
1532002043669235
1532002043669244
1532002043669252
1532002043669261
1532002043669269
1532002043669277
1532002044169253
1532002044169269
1532002044169276
1532002044169283
1532002044169290
1532002044169299
1532002044169311
1532002044169318
1532002044169324
1532002044169331
1532002044169338
1532002044169347
1532002044169355
1532002044169362
1532002044169370
1532002044169378
1532002044669292
1532002044669309
1532002044669318
1532002044669326
1532002044669334
1532002044669343
1532002044669351
1532002044669359
1532002044669366
1532002044669374
1532002044669382
1532002044669389
1532002044669396
1532002044669403
1532002044669410
1532002044669417
1532002045168954
1532002045168971
1532002045168980
1532002045168987
1532002045169000
1532002045169008
1532002045169014
1532002045169021
1532002045169029
1532002045169036
1532002045169042
1532002045169050
1532002045169057
1532002045169065
1532002045169074
1532002045169082
1532002045669172
1532002045669325
1532002045669335
1532002045669343
1532002045669350
1532002045669357
1532002045669364
1532002045669372
1532002045669379
1532002045669387
1532002045669396
1532002045669403
1532002045669410
1532002045669418
1532002045669426
1532002045669433
1532002045669439
1532002046169213
1532002046169226
1532002046169236
1532002046169248
1532002046169257
1532002046169269
1532002046169277
1532002046169284
1532002046169295
1532002046169303
1532002046169310
1532002046169319
1532002046169328
1532002046169337
1532002046169344
1532002046169352
1532002046669458
1532002046670355
1532002046670369
1532002046670377
1532002046670384
1532002046670391
1532002046670399
1532002046670408
1532002046670420
1532002046670432
1532002046670440
1532002046670448
1532002046670455
1532002046670463
1532002046670471
1532002046670489
1532002046670496
1532002047169490
1532002047169507
1532002047169515
1532002047169521
1532002047169527
1532002047169537
1532002047169543
1532002047169549
1532002047169556
1532002047169566
1532002047169572
1532002047169578
1532002047169585
1532002047169590
1532002047169597
1532002047169603
1532002047669896
1532002047670970
1532002047670983
1532002047670990
1532002047670997
1532002047671004
1532002047671011
1532002047671020
1532002047671028
1532002047671036
1532002047671043
1532002047671049
1532002047671056
1532002047671064
1532002047671071
1532002047671078
1532002047671084
1532002048170982
1532002048170996
1532002048171003
1532002048171009
1532002048171017
1532002048171025
1532002048171032
1532002048171038
1532002048171048
1532002048171054
1532002048171065
1532002048171072
1532002048171078
1532002048171086
1532002048171093
1532002048171100
1532002048671301
1532002048671784
1532002048671796
1532002048671803
1532002048671810
1532002048671816
1532002048671824
1532002048671831
1532002048671838
1532002048671852
1532002048671860
1532002048671868
1532002048671876
1532002048671886
1532002048671896
1532002048671904
1532002048671911
1532002049171609
1532002049171622
1532002049171629
1532002049171637
1532002049171644
1532002049171653
1532002049171660
1532002049171668
1532002049171674
1532002049171681
1532002049171687
1532002049171694
1532002049171700
1532002049171708
1532002049171715
1532002049171728
1532002049671627
1532002049671642
1532002049671650
1532002049671656
1532002049671663
1532002049671669
1532002049671676
1532002049671686
1532002049671693
1532002049671699
1532002049671706
1532002049671712
1532002049671720
1532002049671727
1532002049671733
1532002049671739
1532002050171753
1532002050171768
1532002050171781
1532002050171788
1532002050171796
1532002050171803
1532002050171810
1532002050171821
1532002050171828
1532002050171835
1532002050171841
1532002050171847
1532002050171854
1532002050171864
1532002050171871
1532002050171878
1532002050671457
1532002050671472
1532002050671479
1532002050671489
1532002050671499
1532002050671506
1532002050671516
1532002050671523
1532002050671530
1532002050671540
1532002050671547
1532002050671556
1532002050671563
1532002050671573
1532002050671581
1532002050671588
1532002051171667
1532002051171683
1532002051171690
1532002051171697
1532002051171703
1532002051171710
1532002051171717
1532002051171723
1532002051171729
1532002051171736
1532002051171742
1532002051171749
1532002051171755
1532002051171761
1532002051171767
1532002051171774
1532002051171781
1532002051671923
1532002051672017
1532002051672027
1532002051672034
1532002051672041
1532002051672047
1532002051672054
1532002051672061
1532002051672078
1532002051672086
1532002051672093
1532002051672099
1532002051672109
1532002051672115
1532002051672122
1532002051672129
1532002051672136
1532002052172270
1532002052172962
1532002052172973
1532002052172979
1532002052172985
1532002052172992
1532002052172998
1532002052173007
1532002052173015
1532002052173024
1532002052173031
1532002052173041
1532002052173049
1532002052173056
1532002052173063
1532002052173070
1532002052173078
1532002052672310
1532002052672324
1532002052672332
1532002052672341
1532002052672348
1532002052672355
1532002052672361
1532002052672368
1532002052672374
1532002052672382
1532002052672392
1532002052672398
1532002052672405
1532002052672412
1532002052672418
1532002052672425
1532002053172556
1532002053172758
1532002053172772
1532002053172781
1532002053172787
1532002053172793
1532002053172800
1532002053172805
1532002053172811
1532002053172817
1532002053172823
1532002053172830
1532002053172836
1532002053172842
1532002053172848
1532002053172854
1532002053172864
1532002053672965
1532002053672978
1532002053672986
1532002053672994
1532002053673001
1532002053673008
1532002053673015
1532002053673023
1532002053673029
1532002053673037
1532002053673043
1532002053673049
1532002053673056
1532002053673062
1532002053673068
1532002053673076
1532002053673214
1532002054172549
1532002054172563
1532002054172570
1532002054172578
1532002054172584
1532002054172591
1532002054172606
1532002054172614
1532002054172631
1532002054172638
1532002054172645
1532002054172651
1532002054172660
1532002054172668
1532002054172675
1532002054172682
1532002054672991
1532002054673024
1532002054673031
1532002054673038
1532002054673045
1532002054673059
1532002054673065
1532002054673072
1532002054673078
1532002054673086
1532002054673101
1532002054673108
1532002054673116
1532002054673122
1532002054673129
1532002054673144
1532002054673150
1532002055172705
1532002055172718
1532002055172731
1532002055172737
1532002055172743
1532002055172750
1532002055172756
1532002055172762
1532002055172774
1532002055172780
1532002055172786
1532002055172797
1532002055172803
1532002055172824
1532002055172831
1532002055172838
1532002055672933
1532002055672948
1532002055672954
1532002055672961
1532002055672967
1532002055672973
1532002055672980
1532002055672987
1532002055672993
1532002055673000
1532002055673006
1532002055673012
1532002055673019
1532002055673025
1532002055673032
1532002055673039
1532002055673045
1532002056173119
1532002056173265
1532002056173274
1532002056173281
1532002056173287
1532002056173293
1532002056173299
1532002056173305
1532002056173312
1532002056173319
1532002056173325
1532002056173332
1532002056173338
1532002056173344
1532002056173350
1532002056173356
1532002056173362
1532002056673085
1532002056673100
1532002056673108
1532002056673115
1532002056673121
1532002056673128
1532002056673135
1532002056673141
1532002056673148
1532002056673155
1532002056673161
1532002056673168
1532002056673175
1532002056673182
1532002056673189
1532002056673196
1532002057173311
1532002057174823
1532002057174834
1532002057174841
1532002057174850
1532002057174857
1532002057174864
1532002057174871
1532002057174877
1532002057174884
1532002057174891
1532002057174897
1532002057174904
1532002057174910
1532002057174918
1532002057174925
1532002057174933
1532002057673566
1532002057673584
1532002057673593
1532002057673600
1532002057673608
1532002057673616
1532002057673623
1532002057673630
1532002057673637
1532002057673644
1532002057673651
1532002057673659
1532002057673666
1532002057673673
1532002057673680
1532002057673687
1532002058173743
1532002058173759
1532002058173769
1532002058173781
1532002058173789
1532002058173796
1532002058173804
1532002058173819
1532002058173826
1532002058173834
1532002058173847
1532002058173862
1532002058173869
1532002058173877
1532002058173885
1532002058173906
1532002058173917
1532002058673850
1532002058673864
1532002058673871
1532002058673878
1532002058673890
1532002058673897
1532002058673904
1532002058673911
1532002058673917
1532002058673923
1532002058673930
1532002058673936
1532002058673944
1532002058673951
1532002058673958
1532002058673970
1532002059174050
1532002059174067
1532002059174075
1532002059174082
1532002059174088
1532002059174094
1532002059174101
1532002059174107
1532002059174114
1532002059174121
1532002059174128
1532002059174136
1532002059174142
1532002059174149
1532002059174155
1532002059174162
1532002059174169
1532002059674276
1532002059674291
1532002059674299
1532002059674305
1532002059674312
1532002059674318
1532002059674325
1532002059674332
1532002059674338
1532002059674345
1532002059674352
1532002059674359
1532002059674366
1532002059674373
1532002059674380
1532002059674388
1532002059674394
1532002060174296
1532002060174311
1532002060174318
1532002060174324
1532002060174331
1532002060174338
1532002060174345
1532002060174352
1532002060174358
1532002060174368
1532002060174375
1532002060174382
1532002060174388
1532002060174394
1532002060174401
1532002060174407
1532002060674263
1532002060674280
1532002060674288
1532002060674295
1532002060674301
1532002060674309
1532002060674316
1532002060674323
1532002060674329
1532002060674335
1532002060674342
1532002060674349
1532002060674355
1532002060674366
1532002060674373
1532002060674379
1532002061176178
1532002061176199
1532002061176206
1532002061176213
1532002061176220
1532002061176233
1532002061176243
1532002061176250
1532002061176257
1532002061176273
1532002061176281
1532002061176287
1532002061176294
1532002061176300
1532002061176312
1532002061176318
1532002061176324
1532002061674916
1532002061674939
1532002061674948
1532002061674955
1532002061674961
1532002061674967
1532002061674973
1532002061674979
1532002061674986
1532002061674992
1532002061674999
1532002061675012
1532002061675019
1532002061675025
1532002061675031
1532002061675038
1532002062175267
1532002062175282
1532002062175296
1532002062175302
1532002062175308
1532002062175314
1532002062175324
1532002062175339
1532002062175347
1532002062175353
1532002062175360
1532002062175365
1532002062175380
1532002062175386
1532002062175392
1532002062175398
1532002062175404
1532002062675495
1532002062675510
1532002062675519
1532002062675526
1532002062675533
1532002062675542
1532002062675549
1532002062675556
1532002062675563
1532002062675570
1532002062675577
1532002062675583
1532002062675590
1532002062675596
1532002062675603
1532002062675610
1532002062675617
1532002063175150
1532002063175162
1532002063175169
1532002063175176
1532002063175183
1532002063175189
1532002063175196
1532002063175203
1532002063175209
1532002063175217
1532002063175223
1532002063175229
1532002063175235
1532002063175245
1532002063175253
1532002063175260
1532002063675292
1532002063675309
1532002063675320
1532002063675327
1532002063675335
1532002063675342
1532002063675349
1532002063675356
1532002063675363
1532002063675370
1532002063675377
1532002063675383
1532002063675390
1532002063675398
1532002063675405
1532002063675412
1532002063675463
1532002064175390
1532002064175402
1532002064175408
1532002064175414
1532002064175420
1532002064175426
1532002064175433
1532002064175439
1532002064175445
1532002064175451
1532002064175457
1532002064175464
1532002064175469
1532002064175476
1532002064175487
1532002064175494
1532002064675617
1532002064675689
1532002064675699
1532002064675713
1532002064675720
1532002064675727
1532002064675734
1532002064675742
1532002064675750
1532002064675757
1532002064675764
1532002064675770
1532002064675777
1532002064675784
1532002064675793
1532002064675804
1532002064675811
1532002065175813
1532002065175829
1532002065175836
1532002065175843
1532002065175850
1532002065175857
1532002065175867
1532002065175876
1532002065175884
1532002065175891
1532002065175901
1532002065175907
1532002065175914
1532002065175921
1532002065175928
1532002065175937
1532002065676491
1532002065676704
1532002065676718
1532002065676726
1532002065676733
1532002065676740
1532002065676747
1532002065676754
1532002065676761
1532002065676767
1532002065676773
1532002065676779
1532002065676786
1532002065676792
1532002065676799
1532002065676805
1532002065676811
1532002066176289
1532002066176310
1532002066176318
1532002066176325
1532002066176333
1532002066176340
1532002066176347
1532002066176355
1532002066176362
1532002066176368
1532002066176375
1532002066176381
1532002066176389
1532002066176397
1532002066176404
1532002066176411
1532002066676394
1532002066676412
1532002066676420
1532002066676427
1532002066676436
1532002066676444
1532002066676452
1532002066676459
1532002066676466
1532002066676472
1532002066676480
1532002066676487
1532002066676494
1532002066676501
1532002066676508
1532002066676516
1532002067176559
1532002067176577
1532002067176584
1532002067176599
1532002067176609
1532002067176615
1532002067176623
1532002067176630
1532002067176641
1532002067176649
1532002067176657
1532002067176666
1532002067176673
1532002067176682
1532002067176690
1532002067176698
1532002067176706
1532002067676299
1532002067676313
1532002067676320
1532002067676326
1532002067676338
1532002067676344
1532002067676350
1532002067676356
1532002067676367
1532002067676373
1532002067676380
1532002067676386
1532002067676393
1532002067676399
1532002067676405
1532002067676411
1532002068176519
1532002068176535
1532002068176543
1532002068176549
1532002068176556
1532002068176562
1532002068176569
1532002068176576
1532002068176582
1532002068176588
1532002068176603
1532002068176611
1532002068176619
1532002068176626
1532002068176632
1532002068176639
1532002068176645
1532002068676514
1532002068676528
1532002068676536
1532002068676543
1532002068676550
1532002068676556
1532002068676563
1532002068676570
1532002068676576
1532002068676583
1532002068676589
1532002068676613
1532002068676621
1532002068676628
1532002068676634
1532002068676641
1532002069176602
1532002069176621
1532002069176629
1532002069176635
1532002069176641
1532002069176648
1532002069176661
1532002069176667
1532002069176673
1532002069176679
1532002069176685
1532002069176698
1532002069176706
1532002069176712
1532002069176719
1532002069176725
1532002069676913
1532002069676930
1532002069676937
1532002069676943
1532002069676949
1532002069676956
1532002069676962
1532002069676968
1532002069676975
1532002069676982
1532002069676990
1532002069676996
1532002069677003
1532002069677009
1532002069677016
1532002069677023
1532002069677030
1532002070176841
1532002070176856
1532002070176864
1532002070176870
1532002070176876
1532002070176888
1532002070176895
1532002070176901
1532002070176907
1532002070176913
1532002070176919
1532002070176925
1532002070176931
1532002070176938
1532002070176944
1532002070176950
1532002070676757
1532002070676772
1532002070676779
1532002070676785
1532002070676791
1532002070676798
1532002070676807
1532002070676815
1532002070676822
1532002070676829
1532002070676835
1532002070676842
1532002070676850
1532002070676856
1532002070676863
1532002070676869
1532002071176926
1532002071176940
1532002071176947
1532002071176955
1532002071176964
1532002071176970
1532002071176977
1532002071176983
1532002071176990
1532002071176996
1532002071177002
1532002071177009
1532002071177015
1532002071177021
1532002071177026
1532002071177033
1532002071177040
1532002071677577
1532002071677588
1532002071677595
1532002071677602
1532002071677609
1532002071677616
1532002071677623
1532002071677631
1532002071677638
1532002071677644
1532002071677651
1532002071677657
1532002071677664
1532002071677670
1532002071677676
1532002071677682
1532002071677779
1532002072177254
1532002072177270
1532002072177279
1532002072177286
1532002072177294
1532002072177305
1532002072177312
1532002072177320
1532002072177328
1532002072177334
1532002072177340
1532002072177345
1532002072177352
1532002072177358
1532002072177365
1532002072177371
1532002072677233
1532002072677253
1532002072677265
1532002072677276
1532002072677283
1532002072677291
1532002072677299
1532002072677308
1532002072677316
1532002072677324
1532002072677332
1532002072677340
1532002072677349
1532002072677357
1532002072677365
1532002072677377
1532002073177486
1532002073177499
1532002073177507
1532002073177514
1532002073177521
1532002073177527
1532002073177534
1532002073177545
1532002073177553
1532002073177564
1532002073177572
1532002073177579
1532002073177587
1532002073177595
1532002073177605
1532002073177612
1532002073177624
1532002073677528
1532002073677541
1532002073677549
1532002073677556
1532002073677564
1532002073677572
1532002073677579
1532002073677587
1532002073677595
1532002073677606
1532002073677614
1532002073677621
1532002073677628
1532002073677635
1532002073677643
1532002073677650
1532002074177739
1532002074177931
1532002074177942
1532002074177949
1532002074177956
1532002074177963
1532002074177970
1532002074177977
1532002074177985
1532002074177993
1532002074178000
1532002074178010
1532002074178018
1532002074178026
1532002074178034
1532002074178043
1532002074178052
1532002074678819
1532002074678936
1532002074678951
1532002074678958
1532002074678965
1532002074678972
1532002074678979
1532002074678986
1532002074678993
1532002074679001
1532002074679008
1532002074679017
1532002074679024
1532002074679031
1532002074679043
1532002074679050
1532002074679057
1532002075177836
1532002075177850
1532002075177858
1532002075177869
1532002075177877
1532002075177888
1532002075177895
1532002075177902
1532002075177908
1532002075177915
1532002075177922
1532002075177929
1532002075177936
1532002075177947
1532002075177953
1532002075177961
1532002075678118
1532002075678277
1532002075678287
1532002075678294
1532002075678302
1532002075678309
1532002075678317
1532002075678325
1532002075678333
1532002075678341
1532002075678353
1532002075678362
1532002075678370
1532002075678377
1532002075678385
1532002075678394
1532002075678401
1532002076178493
1532002076178703
1532002076178715
1532002076178726
1532002076178733
1532002076178754
1532002076178771
1532002076178778
1532002076178785
1532002076178792
1532002076178799
1532002076178812
1532002076178819
1532002076178825
1532002076178832
1532002076178838
1532002076178851
1532002076679170
1532002076679186
1532002076679195
1532002076679202
1532002076679208
1532002076679215
1532002076679222
1532002076679229
1532002076679236
1532002076679244
1532002076679252
1532002076679259
1532002076679266
1532002076679273
1532002076679279
1532002076679286
1532002076679293
1532002077178986
1532002077179001
1532002077179008
1532002077179014
1532002077179020
1532002077179027
1532002077179032
1532002077179039
1532002077179046
1532002077179053
1532002077179059
1532002077179065
1532002077179071
1532002077179077
1532002077179083
1532002077179089
1532002077679027
1532002077679045
1532002077679053
1532002077679059
1532002077679066
1532002077679073
1532002077679080
1532002077679086
1532002077679097
1532002077679105
1532002077679112
1532002077679119
1532002077679126
1532002077679141
1532002077679148
1532002077679156
1532002078179248
1532002078179889
1532002078179901
1532002078179908
1532002078179917
1532002078179924
1532002078179933
1532002078179942
1532002078179950
1532002078179958
1532002078179966
1532002078179973
1532002078179981
1532002078179989
1532002078180002
1532002078180009
1532002078180016
1532002078679900
1532002078679922
1532002078679931
1532002078679938
1532002078679952
1532002078679959
1532002078679965
1532002078679972
1532002078679978
1532002078679995
1532002078680003
1532002078680012
1532002078680019
1532002078680036
1532002078680043
1532002078680050
1532002079179663
1532002079179676
1532002079179689
1532002079179696
1532002079179702
1532002079179708
1532002079179714
1532002079179727
1532002079179734
1532002079179740
1532002079179747
1532002079179753
1532002079179770
1532002079179777
1532002079179783
1532002079179789
1532002079679984
1532002079680522
1532002079680533
1532002079680540
1532002079680547
1532002079680556
1532002079680563
1532002079680569
1532002079680577
1532002079680583
1532002079680590
1532002079680602
1532002079680610
1532002079680616
1532002079680623
1532002079680630
1532002079680636
1532002080180332
1532002080180350
1532002080180357
1532002080180363
1532002080180371
1532002080180383
1532002080180389
1532002080180395
1532002080180401
1532002080180407
1532002080180413
1532002080180421
1532002080180428
1532002080180434
1532002080180445
1532002080180452
1532002080680223
1532002080680236
1532002080680243
1532002080680250
1532002080680257
1532002080680264
1532002080680270
1532002080680278
1532002080680284
1532002080680291
1532002080680297
1532002080680303
1532002080680312
1532002080680319
1532002080680331
1532002080680337
1532002081180439
1532002081180963
1532002081180979
1532002081180988
1532002081180995
1532002081181001
1532002081181008
1532002081181015
1532002081181027
1532002081181034
1532002081181041
1532002081181047
1532002081181053
1532002081181061
1532002081181068
1532002081181075
1532002081181082
1532002081680592
1532002081680612
1532002081680619
1532002081680631
1532002081680639
1532002081680646
1532002081680653
1532002081680660
1532002081680667
1532002081680674
1532002081680682
1532002081680688
1532002081680694
1532002081680701
1532002081680707
1532002081680714
1532002082180397
1532002082180410
1532002082180419
1532002082180427
1532002082180434
1532002082180442
1532002082180449
1532002082180456
1532002082180463
1532002082180470
1532002082180476
1532002082180483
1532002082180491
1532002082180499
1532002082180506
1532002082180512
1532002082680546
1532002082680562
1532002082680574
1532002082680582
1532002082680589
1532002082680602
1532002082680621
1532002082680628
1532002082680635
1532002082680642
1532002082680655
1532002082680663
1532002082680670
1532002082680676
1532002082680682
1532002082680696
1532002082680703
1532002083180866
1532002083180879
1532002083180886
1532002083180892
1532002083180899
1532002083180905
1532002083180911
1532002083180917
1532002083180923
1532002083180930
1532002083180936
1532002083180942
1532002083180949
1532002083180955
1532002083180961
1532002083180973
1532002083181048
1532002083681124
1532002083681139
1532002083681146
1532002083681153
1532002083681159
1532002083681166
1532002083681172
1532002083681179
1532002083681185
1532002083681192
1532002083681198
1532002083681206
1532002083681213
1532002083681219
1532002083681226
1532002083681233
1532002083681239
1532002084181422
1532002084181436
1532002084181445
1532002084181451
1532002084181458
1532002084181467
1532002084181473
1532002084181480
1532002084181490
1532002084181496
1532002084181505
1532002084181512
1532002084181519
1532002084181527
1532002084181534
1532002084181543
1532002084181550
1532002084681389
1532002084681410
1532002084681417
1532002084681424
1532002084681432
1532002084681439
1532002084681449
1532002084681456
1532002084681464
1532002084681471
1532002084681480
1532002084681493
1532002084681501
1532002084681515
1532002084681522
1532002084681531
1532002085181186
1532002085181199
1532002085181206
1532002085181212
1532002085181218
1532002085181225
1532002085181231
1532002085181238
1532002085181244
1532002085181251
1532002085181261
1532002085181269
1532002085181275
1532002085181287
1532002085181293
1532002085181301
1532002085681417
1532002085681946
1532002085681955
1532002085681962
1532002085681969
1532002085681976
1532002085681982
1532002085681988
1532002085681995
1532002085682001
1532002085682009
1532002085682016
1532002085682027
1532002085682033
1532002085682040
1532002085682048
1532002085682056
1532002086181532
1532002086181544
1532002086181555
1532002086181562
1532002086181569
1532002086181575
1532002086181581
1532002086181587
1532002086181601
1532002086181608
1532002086181614
1532002086181620
1532002086181626
1532002086181640
1532002086181646
1532002086181652
1532002086681798
1532002086682436
1532002086682450
1532002086682458
1532002086682467
1532002086682475
1532002086682483
1532002086682489
1532002086682495
1532002086682502
1532002086682509
1532002086682516
1532002086682522
1532002086682532
1532002086682540
1532002086682547
1532002086682554
1532002087181877
1532002087181893
1532002087181900
1532002087181906
1532002087181919
1532002087181928
1532002087181935
1532002087181946
1532002087181952
1532002087181968
1532002087181974
1532002087181981
1532002087181987
1532002087182001
1532002087182009
1532002087182016
1532002087682183
1532002087682481
1532002087682494
1532002087682501
1532002087682509
1532002087682520
1532002087682527
1532002087682534
1532002087682540
1532002087682546
1532002087682562
1532002087682569
1532002087682575
1532002087682582
1532002087682589
1532002087682601
1532002087682608
1532002088182676
1532002088182698
1532002088182712
1532002088182720
1532002088182727
1532002088182742
1532002088182749
1532002088182756
1532002088182764
1532002088182783
1532002088182791
1532002088182802
1532002088182821
1532002088182831
1532002088182839
1532002088182847
1532002088182862
1532002088682844
1532002088682859
1532002088682867
1532002088682874
1532002088682881
1532002088682888
1532002088682896
1532002088682908
1532002088682917
1532002088682924
1532002088682932
1532002088682938
1532002088682945
1532002088682953
1532002088682959
1532002088682967
1532002089182226
1532002089182239
1532002089182246
1532002089182252
1532002089182259
1532002089182266
1532002089182273
1532002089182280
1532002089182288
1532002089182294
1532002089182301
1532002089182308
1532002089182315
1532002089182322
1532002089182328
1532002089182339
1532002089682467
1532002089683050
1532002089683064
1532002089683072
1532002089683083
1532002089683091
1532002089683099
1532002089683112
1532002089683120
1532002089683127
1532002089683134
1532002089683141
1532002089683148
1532002089683154
1532002089683163
1532002089683170
1532002089683178
1532002090182591
1532002090182607
1532002090182615
1532002090182622
1532002090182630
1532002090182637
1532002090182644
1532002090182651
1532002090182658
1532002090182665
1532002090182672
1532002090182679
1532002090182685
1532002090182694
1532002090182702
1532002090182710
1532002090682906
1532002090682924
1532002090682932
1532002090682939
1532002090682946
1532002090682954
1532002090682961
1532002090682969
1532002090682983
1532002090683000
1532002090683007
1532002090683013
1532002090683019
1532002090683026
1532002090683033
1532002090683041
1532002090683049
1532002091185065
1532002091185834
1532002091185852
1532002091185859
1532002091185865
1532002091185875
1532002091185883
1532002091185890
1532002091185900
1532002091185907
1532002091185915
1532002091185922
1532002091185929
1532002091185936
1532002091185942
1532002091185949
1532002091185955
1532002091683955
1532002091683968
1532002091683975
1532002091683982
1532002091683989
1532002091683996
1532002091684003
1532002091684010
1532002091684016
1532002091684023
1532002091684032
1532002091684039
1532002091684046
1532002091684053
1532002091684060
1532002091684067
1532002092184177
1532002092185029
1532002092185043
1532002092185051
1532002092185059
1532002092185066
1532002092185073
1532002092185080
1532002092185088
1532002092185095
1532002092185111
1532002092185119
1532002092185127
1532002092185134
1532002092185141
1532002092185147
1532002092185154
1532002092684254
1532002092684270
1532002092684280
1532002092684290
1532002092684297
1532002092684306
1532002092684314
1532002092684326
1532002092684333
1532002092684340
1532002092684347
1532002092684353
1532002092684362
1532002092684369
1532002092684376
1532002092684382
1532002093184466
1532002093184484
1532002093184491
1532002093184498
1532002093184504
1532002093184511
1532002093184517
1532002093184523
1532002093184533
1532002093184539
1532002093184546
1532002093184553
1532002093184560
1532002093184567
1532002093184573
1532002093184580
1532002093184587
1532002093684681
1532002093684764
1532002093684775
1532002093684782
1532002093684789
1532002093684796
1532002093684803
1532002093684810
1532002093684817
1532002093684824
1532002093684830
1532002093684836
1532002093684843
1532002093684851
1532002093684860
1532002093684867
1532002093684874
1532002094184946
1532002094184962
1532002094184972
1532002094184979
1532002094184986
1532002094184993
1532002094185000
1532002094185006
1532002094185013
1532002094185019
1532002094185028
1532002094185035
1532002094185042
1532002094185048
1532002094185055
1532002094185061
1532002094185134
1532002094685279
1532002094685669
1532002094685680
1532002094685687
1532002094685695
1532002094685702
1532002094685712
1532002094685719
1532002094685728
1532002094685735
1532002094685744
1532002094685754
1532002094685761
1532002094685771
1532002094685777
1532002094685784
1532002094685792
1532002095185672
1532002095185687
1532002095185694
1532002095185701
1532002095185707
1532002095185713
1532002095185720
1532002095185727
1532002095185733
1532002095185740
1532002095185747
1532002095185753
1532002095185763
1532002095185769
1532002095185776
1532002095185783
1532002095685937
1532002095686674
1532002095686691
1532002095686698
1532002095686705
1532002095686712
1532002095686718
1532002095686724
1532002095686731
1532002095686738
1532002095686744
1532002095686754
1532002095686761
1532002095686767
1532002095686773
1532002095686780
1532002095686786
1532002096186119
1532002096186133
1532002096186139
1532002096186148
1532002096186155
1532002096186161
1532002096186176
1532002096186184
1532002096186190
1532002096186196
1532002096186202
1532002096186208
1532002096186214
1532002096186219
1532002096186226
1532002096186233
1532002096685882
1532002096685896
1532002096685908
1532002096685916
1532002096685924
1532002096685930
1532002096685937
1532002096685952
1532002096685958
1532002096685965
1532002096685971
1532002096685978
1532002096685991
1532002096685998
1532002096686005
1532002096686012
1532002097186035
1532002097186051
1532002097186058
1532002097186065
1532002097186071
1532002097186078
1532002097186084
1532002097186091
1532002097186097
1532002097186105
1532002097186111
1532002097186118
1532002097186125
1532002097186132
1532002097186139
1532002097186146
1532002097686223
1532002097687697
1532002097687711
1532002097687718
1532002097687725
1532002097687731
1532002097687738
1532002097687744
1532002097687750
1532002097687757
1532002097687763
1532002097687770
1532002097687777
1532002097687784
1532002097687790
1532002097687796
1532002097687803
1532002098187912
1532002098188453
1532002098188463
1532002098188470
1532002098188477
1532002098188484
1532002098188491
1532002098188498
1532002098188504
1532002098188510
1532002098188517
1532002098188524
1532002098188531
1532002098188538
1532002098188544
1532002098188551
1532002098188557
1532002098686305
1532002098686323
1532002098686331
1532002098686338
1532002098686346
1532002098686353
1532002098686366
1532002098686373
1532002098686380
1532002098686388
1532002098686396
1532002098686404
1532002098686412
1532002098686420
1532002098686427
1532002098686435
1532002099187032
1532002099187046
1532002099187054
1532002099187060
1532002099187067
1532002099187081
1532002099187089
1532002099187096
1532002099187110
1532002099187118
1532002099187124
1532002099187132
1532002099187138
1532002099187147
1532002099187155
1532002099187162
1532002099187170
1532002099686380
1532002099686393
1532002099686404
1532002099686410
1532002099686416
1532002099686423
1532002099686429
1532002099686436
1532002099686449
1532002099686455
1532002099686461
1532002099686468
1532002099686474
1532002099686487
1532002099686493
1532002099686500
1532002100187305
1532002100187324
1532002100187331
1532002100187338
1532002100187344
1532002100187350
1532002100187363
1532002100187369
1532002100187378
1532002100187386
1532002100187393
1532002100187401
1532002100187408
1532002100187415
1532002100187422
1532002100187428
1532002100187435
1532002100687543
1532002100687560
1532002100687572
1532002100687578
1532002100687590
1532002100687597
1532002100687604
1532002100687610
1532002100687616
1532002100687622
1532002100687629
1532002100687636
1532002100687642
1532002100687649
1532002100687655
1532002100687662
1532002100687717
1532002101186906
1532002101186919
1532002101186926
1532002101186938
1532002101186945
1532002101186952
1532002101186958
1532002101186965
1532002101186980
1532002101186993
1532002101187000
1532002101187007
1532002101187022
1532002101187034
1532002101187041
1532002101187048
1532002101687191
1532002101688339
1532002101688350
1532002101688362
1532002101688369
1532002101688375
1532002101688383
1532002101688389
1532002101688395
1532002101688410
1532002101688417
1532002101688424
1532002101688435
1532002101688452
1532002101688460
1532002101688467
1532002101688474
1532002102187110
1532002102187128
1532002102187139
1532002102187146
1532002102187153
1532002102187160
1532002102187167
1532002102187184
1532002102187191
1532002102187197
1532002102187203
1532002102187209
1532002102187223
1532002102187231
1532002102187238
1532002102187245
1532002102690538
1532002102691480
1532002102691494
1532002102691503
1532002102691510
1532002102691518
1532002102691525
1532002102691533
1532002102691540
1532002102691548
1532002102691556
1532002102691563
1532002102691572
1532002102691579
1532002102691587
1532002102691595
1532002102691602
