1532015114964883
1532015115464956
1532015115965038
1532015116465110
1532015116965182
1532015117465258
1532015117965330
1532015118465408
1532015118965481
1532015119465555
1532015119965630
1532015120465707
1532015120965803
1532015121465879
1532015122466033
1532015122966103
1532015123466187
1532015123966264
1532015124466337
1532015124966408
1532015125466479
1532015125966559
1532015126466638
1532015126966713
1532015127466798
1532015127966871
1532015128466958
1532015129467105
1532015129967193
1532015130467268
1532015130967352
1532015131467433
1532015131967515
1532015132467599
1532015132967685
1532015133467763
1532015133967838
1532015134467917
1532015134968116
1532015135468192
1532015135968298
1532015136468374
1532015136968447
1532015137468523
1532015137968620
1532015138468699
1532015138968769
1532015139468852
1532015139968936
1532015140469018
1532015140969097
1532015141969251
1532015142469327
1532015142969406
1532015143469484
1532015143969563
1532015144469643
1532015144969727
1532015145469808
1532015145969883
1532015146469983
1532015146970060
1532015147470140
1532015147970221
1532015148470321
1532015148970427
1532015149470504
1532015150470653
1532015150970728
1532015151470818
1532015151970898
1532015152470977
1532015152971055
1532015153471158
1532015153971233
1532015154471308
1532015154971390
1532015155471483
1532015155971563
1532015156471635
1532015156971720
1532015157471821
1532015157971903
1532015158471979
1532015158972071
1532015159472152
1532015159972235
1532015160472309
1532015160972391
1532015161472462
1532015161972549
1532015162472626
1532015162972697
1532015163472780
1532015164472932
1532015164973010
1532015165473093
1532015165973173
1532015166473276
1532015166973355
1532015167473427
1532015167973502
1532015168473586
1532015168973675
1532015169473753
1532015169973828
1532015170473903
1532015171474041
1532015171974117
1532015172474194
1532015172974280
1532015173474360
1532015173974434
1532015174474506
1532015174974579
1532015175474657
1532015175974778
1532015176474855
1532015176974940
1532015177475012
1532015177975092
1532015178475170
1532015178975245
1532015179475324
1532015179975396
1532015180475512
1532015180975591
1532015181475683
1532015181975886
1532015182475960
1532015182976034
1532015183476117
1532015183976188
1532015184476259
1532015185476436
1532015185976509
1532015186476582
1532015186976655
1532015187476739
1532015187976862
1532015188476939
1532015188977026
1532015189477105
1532015189977186
1532015190477262
1532015190977341
1532015191477418
1532015191977514
1532015192477590
1532015192977669
1532015193477752
1532015193977825
1532015194477909
1532015194977975
1532015195478051
1532015195978143
1532015196478257
1532015196978332
1532015197478425
1532015197978502
1532015198478580
1532015198978650
1532015199478721
1532015199978806
1532015200478879
1532015200978967
1532015201479045
1532015201979125
1532015202479199
1532015202979276
1532015203479361
1532015203979432
1532015204479508
1532015204979581
1532015205479678
1532015205979754
1532015206479834
1532015206979919
1532015207479993
1532015207980066
1532015208480135
1532015208980206
1532015209480363
1532015209980452
1532015210480525
1532015210980607
1532015211480680
1532015211980762
1532015212480836
1532015212980912
1532015213480992
1532015213982704
