1532015114465328
1532015114465352
1532015114465361
1532015114465366
1532015114465372
1532015114465381
1532015114465386
1532015114465395
1532015114965372
1532015114965388
1532015114965394
1532015114965402
1532015114965408
1532015114965413
1532015114965423
1532015114965431
1532015115465503
1532015115465519
1532015115465525
1532015115465531
1532015115465538
1532015115465544
1532015115465549
1532015115465558
1532015115965544
1532015115965564
1532015115965577
1532015115965583
1532015115965588
1532015115965595
1532015115965602
1532015115965610
1532015116465507
1532015116465524
1532015116465530
1532015116465539
1532015116465545
1532015116465550
1532015116465557
1532015116465565
1532015116965599
1532015116965618
1532015116965625
1532015116965631
1532015116965638
1532015116965645
1532015116965650
1532015116965661
1532015117465683
1532015117465699
1532015117465710
1532015117465716
1532015117465721
1532015117465728
1532015117465734
1532015117465747
1532015117965699
1532015117965720
1532015117965728
1532015117965741
1532015117965747
1532015117965753
1532015117965761
1532015117965768
1532015118465799
1532015118465815
1532015118465827
1532015118465833
1532015118465838
1532015118465843
1532015118465853
1532015118465860
1532015118965809
1532015118965824
1532015118965830
1532015118965836
1532015118965841
1532015118965847
1532015118965852
1532015118965864
1532015119465897
1532015119465912
1532015119465918
1532015119465924
1532015119465930
1532015119465935
1532015119465946
1532015119465955
1532015119966008
1532015119966021
1532015119966027
1532015119966033
1532015119966039
1532015119966044
1532015119966056
1532015119966063
1532015120466101
1532015120466117
1532015120466125
1532015120466130
1532015120466135
1532015120466141
1532015120466147
1532015120466154
1532015120966194
1532015120966217
1532015120966224
1532015120966229
1532015120966235
1532015120966241
1532015120966247
1532015120966258
1532015121466246
1532015121466265
1532015121466273
1532015121466279
1532015121466285
1532015121466291
1532015121466297
1532015121466307
1532015121966326
1532015121966345
1532015121966353
1532015121966360
1532015121966366
1532015121966372
1532015121966378
1532015121966386
1532015122466366
1532015122466380
1532015122466386
1532015122466392
1532015122466398
1532015122466404
1532015122466410
1532015122466417
1532015122966445
1532015122966459
1532015122966466
1532015122966472
1532015122966478
1532015122966483
1532015122966489
1532015122966496
1532015123466595
1532015123466614
1532015123466621
1532015123466628
1532015123466635
1532015123466646
1532015123466653
1532015123466662
1532015123966683
1532015123966699
1532015123966706
1532015123966712
1532015123966718
1532015123966724
1532015123966730
1532015123966738
1532015124466724
1532015124466739
1532015124466746
1532015124466757
1532015124466763
1532015124466769
1532015124466775
1532015124466783
1532015124966745
1532015124966758
1532015124966769
1532015124966775
1532015124966781
1532015124966787
1532015124966797
1532015124966805
1532015125466827
1532015125466842
1532015125466852
1532015125466858
1532015125466863
1532015125466869
1532015125466874
1532015125466882
1532015125966927
1532015125966944
1532015125966952
1532015125966964
1532015125966970
1532015125966976
1532015125966982
1532015125966990
1532015126467001
1532015126467017
1532015126467024
1532015126467030
1532015126467036
1532015126467042
1532015126467048
1532015126467057
1532015126967140
1532015126967156
1532015126967165
1532015126967171
1532015126967182
1532015126967189
1532015126967195
1532015126967203
1532015127467187
1532015127467205
1532015127467213
1532015127467219
1532015127467225
1532015127467231
1532015127467237
1532015127467244
1532015127967223
1532015127967238
1532015127967246
1532015127967253
1532015127967259
1532015127967265
1532015127967271
1532015127967280
1532015128467347
1532015128467372
1532015128467381
1532015128467388
1532015128467395
1532015128467403
1532015128467410
1532015128467419
1532015128967434
1532015128967452
1532015128967460
1532015128967468
1532015128967476
1532015128967484
1532015128967491
1532015128967510
1532015129467574
1532015129467602
1532015129467611
1532015129467619
1532015129467626
1532015129467632
1532015129467640
1532015129467649
1532015129967651
1532015129967669
1532015129967677
1532015129967684
1532015129967691
1532015129967697
1532015129967704
1532015129967712
1532015130467697
1532015130467715
1532015130467723
1532015130467730
1532015130467736
1532015130467743
1532015130467749
1532015130467758
1532015130967831
1532015130967847
1532015130967860
1532015130967867
1532015130967874
1532015130967880
1532015130967887
1532015130967897
1532015131468020
1532015131468037
1532015131468045
1532015131468052
1532015131468058
1532015131468064
1532015131468071
1532015131468079
1532015131967975
1532015131968000
1532015131968014
1532015131968022
1532015131968034
1532015131968042
1532015131968049
1532015131968058
1532015132468069
1532015132468089
1532015132468097
1532015132468104
1532015132468111
1532015132468118
1532015132468124
1532015132468132
1532015132968142
1532015132968158
1532015132968166
1532015132968173
1532015132968179
1532015132968186
1532015132968194
1532015132968202
1532015133468272
1532015133468294
1532015133468303
1532015133468311
1532015133468323
1532015133468331
1532015133468338
1532015133468347
1532015133968260
1532015133968276
1532015133968284
1532015133968291
1532015133968297
1532015133968303
1532015133968310
1532015133968318
1532015134468324
1532015134468339
1532015134468346
1532015134468352
1532015134468358
1532015134468370
1532015134468376
1532015134468384
1532015134969264
1532015134969288
1532015134969297
1532015134969305
1532015134969312
1532015134969319
1532015134969327
1532015134969336
1532015135468589
1532015135468605
1532015135468612
1532015135468618
1532015135468624
1532015135468636
1532015135468643
1532015135468651
1532015135968772
1532015135968792
1532015135968800
1532015135968806
1532015135968817
1532015135968824
1532015135968834
1532015135968842
1532015136468806
1532015136468833
1532015136468841
1532015136468848
1532015136468859
1532015136468865
1532015136468872
1532015136468880
1532015136968918
1532015136968934
1532015136968941
1532015136968947
1532015136968953
1532015136968959
1532015136968965
1532015136968973
1532015137468949
1532015137468964
1532015137468975
1532015137468981
1532015137468986
1532015137468992
1532015137468998
1532015137469006
1532015137968997
1532015137969014
1532015137969022
1532015137969028
1532015137969034
1532015137969040
1532015137969046
1532015137969054
1532015138469124
1532015138469139
1532015138469147
1532015138469153
1532015138469159
1532015138469165
1532015138469171
1532015138469179
1532015138969155
1532015138969170
1532015138969177
1532015138969183
1532015138969188
1532015138969194
1532015138969200
1532015138969207
1532015139469295
1532015139469311
1532015139469318
1532015139469325
1532015139469331
1532015139469337
1532015139469343
1532015139469351
1532015139969374
1532015139969390
1532015139969397
1532015139969403
1532015139969409
1532015139969415
1532015139969421
1532015139969435
1532015140469511
1532015140469527
1532015140469535
1532015140469542
1532015140469551
1532015140469558
1532015140469566
1532015140469574
1532015140969531
1532015140969547
1532015140969554
1532015140969560
1532015140969566
1532015140969572
1532015140969578
1532015140969586
1532015141469551
1532015141469571
1532015141469579
1532015141469585
1532015141469590
1532015141469596
1532015141469604
1532015141469612
1532015141969643
1532015141969664
1532015141969672
1532015141969678
1532015141969683
1532015141969689
1532015141969694
1532015141969700
1532015142469755
1532015142469778
1532015142469787
1532015142469795
1532015142469801
1532015142469811
1532015142469818
1532015142469826
1532015142969819
1532015142969836
1532015142969844
1532015142969850
1532015142969856
1532015142969862
1532015142969868
1532015142969876
1532015143469929
1532015143469951
1532015143469964
1532015143469971
1532015143469978
1532015143469984
1532015143469992
1532015143470002
1532015143969959
1532015143969977
1532015143969985
1532015143969991
1532015143969997
1532015143970003
1532015143970009
1532015143970022
1532015144470042
1532015144470058
1532015144470075
1532015144470083
1532015144470089
1532015144470095
1532015144470100
1532015144470108
1532015144970139
1532015144970157
1532015144970164
1532015144970170
1532015144970177
1532015144970182
1532015144970189
1532015144970196
1532015145470334
1532015145470355
1532015145470370
1532015145470378
1532015145470385
1532015145470391
1532015145470398
1532015145470406
1532015145970318
1532015145970337
1532015145970346
1532015145970352
1532015145970359
1532015145970365
1532015145970372
1532015145970380
1532015146470413
1532015146470431
1532015146470439
1532015146470445
1532015146470454
1532015146470460
1532015146470467
1532015146470477
1532015146970433
1532015146970448
1532015146970456
1532015146970469
1532015146970480
1532015146970487
1532015146970493
1532015146970502
1532015147470570
1532015147470590
1532015147470599
1532015147470606
1532015147470612
1532015147470620
1532015147470627
1532015147470636
1532015147970728
1532015147970743
1532015147970750
1532015147970756
1532015147970762
1532015147970768
1532015147970775
1532015147970783
1532015148470802
1532015148470823
1532015148470830
1532015148470839
1532015148470846
1532015148470853
1532015148470860
1532015148470868
1532015148970867
1532015148970887
1532015148970900
1532015148970906
1532015148970912
1532015148970920
1532015148970926
1532015148970934
1532015149471029
1532015149471047
1532015149471055
1532015149471063
1532015149471069
1532015149471075
1532015149471082
1532015149471090
1532015149970991
1532015149971006
1532015149971013
1532015149971019
1532015149971035
1532015149971047
1532015149971055
1532015149971064
1532015150471037
1532015150471052
1532015150471059
1532015150471065
1532015150471071
1532015150471078
1532015150471084
1532015150471091
1532015150971146
1532015150971165
1532015150971173
1532015150971179
1532015150971188
1532015150971194
1532015150971200
1532015150971207
1532015151471238
1532015151471256
1532015151471264
1532015151471270
1532015151471277
1532015151471283
1532015151471289
1532015151471297
1532015151971473
1532015151971491
1532015151971499
1532015151971506
1532015151971513
1532015151971524
1532015151971532
1532015151971542
1532015152471495
1532015152471518
1532015152471528
1532015152471536
1532015152471546
1532015152471555
1532015152471568
1532015152471577
1532015152971427
1532015152971448
1532015152971457
1532015152971467
1532015152971473
1532015152971480
1532015152971559
1532015152971573
1532015153471547
1532015153471563
1532015153471571
1532015153471577
1532015153471584
1532015153471590
1532015153471601
1532015153471614
1532015153971658
1532015153971677
1532015153971685
1532015153971692
1532015153971699
1532015153971706
1532015153971716
1532015153971725
1532015154471772
1532015154471796
1532015154471805
1532015154471812
1532015154471819
1532015154471826
1532015154471833
1532015154471842
1532015154971815
1532015154971842
1532015154971851
1532015154971858
1532015154971865
1532015154971872
1532015154971879
1532015154971887
1532015155471942
1532015155471960
1532015155471968
1532015155471974
1532015155471981
1532015155471988
1532015155472002
1532015155472014
1532015155972000
1532015155972017
1532015155972025
1532015155972032
1532015155972039
1532015155972046
1532015155972052
1532015155972061
1532015156472031
1532015156472046
1532015156472054
1532015156472061
1532015156472068
1532015156472075
1532015156472083
1532015156472093
1532015156972183
1532015156972202
1532015156972211
1532015156972218
1532015156972225
1532015156972231
1532015156972238
1532015156972252
1532015157472270
1532015157472287
1532015157472295
1532015157472302
1532015157472308
1532015157472315
1532015157472321
1532015157472329
1532015157972356
1532015157972374
1532015157972382
1532015157972389
1532015157972395
1532015157972402
1532015157972409
1532015157972418
1532015158472460
1532015158472479
1532015158472487
1532015158472494
1532015158472502
1532015158472508
1532015158472515
1532015158472524
1532015158972505
1532015158972529
1532015158972538
1532015158972545
1532015158972552
1532015158972559
1532015158972565
1532015158972579
1532015159472517
1532015159472537
1532015159472545
1532015159472567
1532015159472574
1532015159472580
1532015159472586
1532015159472594
1532015159972653
1532015159972670
1532015159972680
1532015159972687
1532015159972693
1532015159972698
1532015159972704
1532015159972712
1532015160472780
1532015160472795
1532015160472802
1532015160472808
1532015160472814
1532015160472820
1532015160472827
1532015160472834
1532015160972854
1532015160972874
1532015160972882
1532015160972888
1532015160972894
1532015160972901
1532015160972907
1532015160972915
1532015160973036
1532015161472879
1532015161472898
1532015161472905
1532015161472911
1532015161472918
1532015161472924
1532015161472930
1532015161472938
1532015161972892
1532015161972909
1532015161972916
1532015161972923
1532015161972929
1532015161972935
1532015161972941
1532015161972949
1532015162473029
1532015162473047
1532015162473055
1532015162473061
1532015162473067
1532015162473073
1532015162473080
1532015162473088
1532015162973147
1532015162973167
1532015162973178
1532015162973185
1532015162973191
1532015162973197
1532015162973214
1532015162973227
1532015163473177
1532015163473194
1532015163473215
1532015163473222
1532015163473228
1532015163473235
1532015163473247
1532015163473256
1532015163973257
1532015163973274
1532015163973282
1532015163973289
1532015163973295
1532015163973302
1532015163973308
1532015163973317
1532015164473338
1532015164473357
1532015164473364
1532015164473371
1532015164473378
1532015164473384
1532015164473389
1532015164473397
1532015164973498
1532015164973517
1532015164973525
1532015164973531
1532015164973537
1532015164973543
1532015164973549
1532015164973556
1532015165473603
1532015165473621
1532015165473629
1532015165473635
1532015165473641
1532015165473647
1532015165473659
1532015165473667
1532015165973572
1532015165973589
1532015165973597
1532015165973604
1532015165973612
1532015165973618
1532015165973632
1532015165973640
1532015166473810
1532015166473830
1532015166473843
1532015166473851
1532015166473857
1532015166473864
1532015166473870
1532015166473878
1532015166973819
1532015166973838
1532015166973847
1532015166973854
1532015166973861
1532015166973871
1532015166973879
1532015166973896
1532015167473873
1532015167473891
1532015167473898
1532015167473905
1532015167473911
1532015167473918
1532015167473924
1532015167473938
1532015167973918
1532015167973934
1532015167973948
1532015167973956
1532015167973968
1532015167973975
1532015167973981
1532015167973990
1532015168474375
1532015168474399
1532015168474407
1532015168474414
1532015168474422
1532015168474428
1532015168474435
1532015168474449
1532015168974094
1532015168974109
1532015168974117
1532015168974123
1532015168974130
1532015168974137
1532015168974143
1532015168974152
1532015169474363
1532015169474380
1532015169474396
1532015169474403
1532015169474409
1532015169474416
1532015169474422
1532015169474431
1532015169974365
1532015169974382
1532015169974390
1532015169974397
1532015169974404
1532015169974410
1532015169974416
1532015169974429
1532015170474385
1532015170474401
1532015170474409
1532015170474416
1532015170474422
1532015170474428
1532015170474435
1532015170474448
1532015170974334
1532015170974349
1532015170974360
1532015170974367
1532015170974376
1532015170974382
1532015170974387
1532015170974400
1532015171474412
1532015171474427
1532015171474434
1532015171474440
1532015171474446
1532015171474452
1532015171474458
1532015171474465
1532015171974556
1532015171974572
1532015171974579
1532015171974586
1532015171974595
1532015171974601
1532015171974608
1532015171974616
1532015172474641
1532015172474659
1532015172474667
1532015172474674
1532015172474680
1532015172474686
1532015172474692
1532015172474700
1532015172974789
1532015172974804
1532015172974812
1532015172974819
1532015172974825
1532015172974831
1532015172974837
1532015172974845
1532015173474826
1532015173474849
1532015173474858
1532015173474865
1532015173474872
1532015173474879
1532015173474886
1532015173474895
1532015173974815
1532015173974835
1532015173974843
1532015173974849
1532015173974855
1532015173974861
1532015173974867
1532015173974877
1532015174474944
1532015174474959
1532015174474967
1532015174474981
1532015174474988
1532015174474994
1532015174475001
1532015174475009
1532015174975042
1532015174975062
1532015174975076
1532015174975083
1532015174975089
1532015174975095
1532015174975106
1532015174975114
1532015175475089
1532015175475111
1532015175475119
1532015175475126
1532015175475132
1532015175475139
1532015175475145
1532015175475153
1532015175975290
1532015175975305
1532015175975313
1532015175975320
1532015175975327
1532015175975340
1532015175975347
1532015175975356
1532015176475355
1532015176475381
1532015176475389
1532015176475396
1532015176475403
1532015176475409
1532015176475415
1532015176475423
1532015176975499
1532015176975515
1532015176975523
1532015176975530
1532015176975536
1532015176975542
1532015176975547
1532015176975555
1532015177475410
1532015177475426
1532015177475433
1532015177475441
1532015177475447
1532015177475456
1532015177475463
1532015177475471
1532015177975849
1532015177975866
1532015177975874
1532015177975881
1532015177975888
1532015177975894
1532015177975901
1532015177975910
1532015178475678
1532015178475698
1532015178475706
1532015178475713
1532015178475725
1532015178475734
1532015178475741
1532015178475749
1532015178975870
1532015178975884
1532015178975896
1532015178975903
1532015178975910
1532015178975916
1532015178975923
1532015178975931
1532015179475743
1532015179475758
1532015179475766
1532015179475773
1532015179475779
1532015179475785
1532015179475798
1532015179475858
1532015179976086
1532015179976102
1532015179976110
1532015179976116
1532015179976122
1532015179976128
1532015179976135
1532015179976143
1532015180475993
1532015180476012
1532015180476021
1532015180476027
1532015180476034
1532015180476040
1532015180476052
1532015180476060
1532015180976447
1532015180976465
1532015180976473
1532015180976480
1532015180976487
1532015180976494
1532015180976500
1532015180976509
1532015181476183
1532015181476198
1532015181476206
1532015181476214
1532015181476220
1532015181476226
1532015181476232
1532015181476241
1532015181976642
1532015181976660
1532015181976670
1532015181976677
1532015181976684
1532015181976690
1532015181976696
1532015181976704
1532015182476396
1532015182476412
1532015182476420
1532015182476427
1532015182476435
1532015182476442
1532015182476448
1532015182476457
1532015182976589
1532015182976604
1532015182976613
1532015182976620
1532015182976627
1532015182976641
1532015182976648
1532015182976657
1532015183476616
1532015183476636
1532015183476649
1532015183476656
1532015183476664
1532015183476677
1532015183476685
1532015183476695
1532015183976612
1532015183976627
1532015183976635
1532015183976642
1532015183976649
1532015183976656
1532015183976663
1532015183976672
1532015184476672
1532015184476688
1532015184476696
1532015184476713
1532015184476720
1532015184476727
1532015184476734
1532015184476751
1532015184976790
1532015184976808
1532015184976816
1532015184976823
1532015184976830
1532015184976837
1532015184976843
1532015184976852
1532015185476768
1532015185476790
1532015185476802
1532015185476809
1532015185476825
1532015185476833
1532015185476839
1532015185476847
1532015185976914
1532015185976929
1532015185976937
1532015185976944
1532015185976951
1532015185976958
1532015185976964
1532015185976973
1532015186477019
1532015186477036
1532015186477044
1532015186477051
1532015186477057
1532015186477063
1532015186477071
1532015186477080
1532015186977112
1532015186977133
1532015186977142
1532015186977149
1532015186977156
1532015186977163
1532015186977170
1532015186977179
1532015187477174
1532015187477191
1532015187477199
1532015187477206
1532015187477218
1532015187477225
1532015187477236
1532015187477245
1532015187977352
1532015187977373
1532015187977384
1532015187977402
1532015187977409
1532015187977416
1532015187977424
1532015187977432
1532015188477545
1532015188477567
1532015188477576
1532015188477584
1532015188477591
1532015188477598
1532015188477607
1532015188477620
1532015188977507
1532015188977526
1532015188977534
1532015188977542
1532015188977549
1532015188977556
1532015188977562
1532015188977571
1532015189477511
1532015189477531
1532015189477542
1532015189477550
1532015189477566
1532015189477574
1532015189477585
1532015189477593
1532015189977622
1532015189977641
1532015189977649
1532015189977656
1532015189977662
1532015189977668
1532015189977675
1532015189977683
1532015190477744
1532015190477760
1532015190477779
1532015190477786
1532015190477793
1532015190477800
1532015190477807
1532015190477815
1532015190977804
1532015190977822
1532015190977829
1532015190977835
1532015190977842
1532015190977848
1532015190977854
1532015190977862
1532015191477854
1532015191477882
1532015191477890
1532015191477895
1532015191477901
1532015191477907
1532015191477914
1532015191477921
1532015191977991
1532015191978009
1532015191978016
1532015191978023
1532015191978029
1532015191978036
1532015191978043
1532015191978051
1532015192478039
1532015192478058
1532015192478066
1532015192478073
1532015192478080
1532015192478090
1532015192478096
1532015192478105
1532015192978147
1532015192978166
1532015192978174
1532015192978181
1532015192978187
1532015192978192
1532015192978198
1532015192978210
1532015193478179
1532015193478195
1532015193478203
1532015193478209
1532015193478216
1532015193478222
1532015193478228
1532015193478236
1532015193978278
1532015193978295
1532015193978302
1532015193978308
1532015193978315
1532015193978326
1532015193978332
1532015193978340
1532015194478404
1532015194478422
1532015194478430
1532015194478437
1532015194478444
1532015194478450
1532015194478457
1532015194478472
1532015194978496
1532015194978523
1532015194978531
1532015194978538
1532015194978545
1532015194978552
1532015194978559
1532015194978568
1532015195478557
1532015195478579
1532015195478588
1532015195478595
1532015195478603
1532015195478610
1532015195478617
1532015195478626
1532015195978700
1532015195978719
1532015195978727
1532015195978735
1532015195978743
1532015195978751
1532015195978759
1532015195978769
1532015196478718
1532015196478734
1532015196478742
1532015196478749
1532015196478756
1532015196478763
1532015196478770
1532015196478778
1532015196978803
1532015196978823
1532015196978832
1532015196978839
1532015196978890
1532015196978900
1532015196978907
1532015196978916
1532015197478831
1532015197478849
1532015197478857
1532015197478864
1532015197478871
1532015197478877
1532015197478890
1532015197478899
1532015197979001
1532015197979017
1532015197979025
1532015197979031
1532015197979039
1532015197979046
1532015197979053
1532015197979061
1532015198479111
1532015198479129
1532015198479137
1532015198479144
1532015198479150
1532015198479157
1532015198479164
1532015198479181
1532015198979035
1532015198979054
1532015198979063
1532015198979070
1532015198979077
1532015198979083
1532015198979090
1532015198979099
1532015199479163
1532015199479177
1532015199479185
1532015199479191
1532015199479197
1532015199479203
1532015199479210
1532015199479218
1532015199979255
1532015199979279
1532015199979287
1532015199979293
1532015199979299
1532015199979306
1532015199979312
1532015199979320
1532015200479316
1532015200479336
1532015200479350
1532015200479357
1532015200479364
1532015200479370
1532015200479376
1532015200479384
1532015200979409
1532015200979426
1532015200979434
1532015200979441
1532015200979448
1532015200979454
1532015200979460
1532015200979469
1532015201479577
1532015201479597
1532015201479606
1532015201479614
1532015201479620
1532015201479627
1532015201479633
1532015201479641
1532015201979582
1532015201979598
1532015201979606
1532015201979612
1532015201979618
1532015201979624
1532015201979635
1532015201979643
1532015202479584
1532015202479602
1532015202479610
1532015202479616
1532015202479622
1532015202479628
1532015202479634
1532015202479651
1532015202979671
1532015202979694
1532015202979702
1532015202979710
1532015202979717
1532015202979722
1532015202979729
1532015202979743
1532015203479864
1532015203479878
1532015203479885
1532015203479891
1532015203479897
1532015203479903
1532015203479908
1532015203479916
1532015203979851
1532015203979866
1532015203979873
1532015203979879
1532015203979885
1532015203979891
1532015203979897
1532015203979905
1532015204479937
1532015204479953
1532015204479960
1532015204479966
1532015204479973
1532015204479994
1532015204480001
1532015204480015
1532015204979989
1532015204980009
1532015204980019
1532015204980025
1532015204980031
1532015204980037
1532015204980043
1532015204980051
1532015205480069
1532015205480086
1532015205480093
1532015205480099
1532015205480106
1532015205480111
1532015205480118
1532015205480125
1532015205980106
1532015205980123
1532015205980130
1532015205980136
1532015205980142
1532015205980147
1532015205980153
1532015205980161
1532015206480418
1532015206480433
1532015206480441
1532015206480448
1532015206480454
1532015206480459
1532015206480465
1532015206480473
1532015206980327
1532015206980343
1532015206980351
1532015206980358
1532015206980364
1532015206980371
1532015206980377
1532015206980384
1532015207480400
1532015207480425
1532015207480433
1532015207480440
1532015207480447
1532015207480453
1532015207480459
1532015207480467
1532015207980555
1532015207980574
1532015207980583
1532015207980589
1532015207980597
1532015207980604
1532015207980616
1532015207980626
1532015208480560
1532015208480577
1532015208480586
1532015208480593
1532015208480601
1532015208480608
1532015208480624
1532015208480632
1532015208980604
1532015208980620
1532015208980630
1532015208980637
1532015208980644
1532015208980650
1532015208980665
1532015208980674
1532015209482802
1532015209482870
1532015209482907
1532015209482932
1532015209482954
1532015209482975
1532015209482995
1532015209483023
1532015209980887
1532015209980901
1532015209980908
1532015209980915
1532015209980923
1532015209980930
1532015209980936
1532015209980944
1532015210480976
1532015210480993
1532015210481001
1532015210481007
1532015210481014
1532015210481019
1532015210481025
1532015210481034
1532015210981130
1532015210981146
1532015210981155
1532015210981162
1532015210981169
1532015210981175
1532015210981182
1532015210981191
1532015211481145
1532015211481164
1532015211481172
1532015211481180
1532015211481186
1532015211481193
1532015211481200
1532015211481209
1532015211981304
1532015211981328
1532015211981338
1532015211981345
1532015211981353
1532015211981360
1532015211981367
1532015211981379
1532015212481231
1532015212481252
1532015212481261
1532015212481269
1532015212481276
1532015212481283
1532015212481290
1532015212481300
1532015212981389
1532015212981408
1532015212981417
1532015212981425
1532015212981432
1532015212981439
1532015212981451
1532015212981460
1532015213481592
1532015213481610
1532015213481618
1532015213481626
1532015213481634
1532015213481642
1532015213481650
1532015213481660
1532015213985610
1532015213985637
1532015213985651
1532015213985661
1532015213985670
1532015213985681
1532015213985690
1532015213985699
