1532015114465393
1532015114465421
1532015114465429
1532015114465446
1532015114465454
1532015114465462
1532015114965398
1532015114965409
1532015114965416
1532015114965429
1532015114965436
1532015114965443
1532015115465531
1532015115465544
1532015115465551
1532015115465564
1532015115465572
1532015115465579
1532015115465585
1532015115965626
1532015115965647
1532015115965655
1532015115965664
1532015115965681
1532015115965688
1532015115965696
1532015116465575
1532015116465588
1532015116465595
1532015116465603
1532015116465610
1532015116465616
1532015116965674
1532015116965690
1532015116965697
1532015116965703
1532015116965710
1532015116965717
1532015116965724
1532015117465779
1532015117465798
1532015117465805
1532015117465812
1532015117465820
1532015117465827
1532015117465833
1532015117965737
1532015117965754
1532015117965762
1532015117965777
1532015117965784
1532015117965792
1532015118465855
1532015118465875
1532015118465884
1532015118465892
1532015118465898
1532015118465905
1532015118465913
1532015118965896
1532015118965909
1532015118965916
1532015118965928
1532015118965934
1532015118965940
1532015119465931
1532015119465955
1532015119465963
1532015119465975
1532015119465982
1532015119465991
1532015119966058
1532015119966076
1532015119966084
1532015119966091
1532015119966098
1532015119966107
1532015119966114
1532015120466167
1532015120466181
1532015120466189
1532015120466198
1532015120466205
1532015120466212
1532015120466218
1532015120966287
1532015120966304
1532015120966311
1532015120966324
1532015120966332
1532015120966339
1532015120966346
1532015121466311
1532015121466326
1532015121466333
1532015121466343
1532015121466351
1532015121466358
1532015121966355
1532015121966367
1532015121966375
1532015121966388
1532015121966395
1532015121966402
1532015122466407
1532015122466423
1532015122466440
1532015122466449
1532015122466458
1532015122466465
1532015122966486
1532015122966502
1532015122966512
1532015122966525
1532015122966532
1532015122966539
1532015122966546
1532015123466616
1532015123466632
1532015123466640
1532015123466648
1532015123466701
1532015123466712
1532015123466719
1532015123966733
1532015123966752
1532015123966765
1532015123966777
1532015123966789
1532015123966807
1532015124466761
1532015124466781
1532015124466789
1532015124466797
1532015124466804
1532015124466812
1532015124966799
1532015124966814
1532015124966822
1532015124966835
1532015124966845
1532015124966852
1532015125466855
1532015125466872
1532015125466881
1532015125466889
1532015125466896
1532015125466903
1532015125967001
1532015125967013
1532015125967020
1532015125967030
1532015125967037
1532015125967044
1532015125967051
1532015126467046
1532015126467060
1532015126467067
1532015126467080
1532015126467087
1532015126467093
1532015126967186
1532015126967203
1532015126967212
1532015126967220
1532015126967228
1532015126967235
1532015126967242
1532015127467246
1532015127467266
1532015127467275
1532015127467286
1532015127467297
1532015127467304
1532015127967293
1532015127967308
1532015127967315
1532015127967322
1532015127967329
1532015127967335
1532015128467437
1532015128467459
1532015128467469
1532015128467480
1532015128467490
1532015128467498
1532015128467507
1532015128967466
1532015128967484
1532015128967493
1532015128967586
1532015128967601
1532015128967609
1532015129467612
1532015129467628
1532015129467638
1532015129467651
1532015129467660
1532015129467668
1532015129967728
1532015129967745
1532015129967761
1532015129967771
1532015129967781
1532015129967789
1532015129967803
1532015130467778
1532015130467795
1532015130467810
1532015130467819
1532015130467827
1532015130467836
1532015130967921
1532015130967940
1532015130967948
1532015130967962
1532015130967971
1532015130967979
1532015130967987
1532015131468114
1532015131468131
1532015131468139
1532015131468152
1532015131468161
1532015131468168
1532015131468176
1532015131968058
1532015131968077
1532015131968086
1532015131968094
1532015131968102
1532015131968110
1532015132468151
1532015132468168
1532015132468184
1532015132468194
1532015132468204
1532015132468213
1532015132468229
1532015132968176
1532015132968196
1532015132968222
1532015132968231
1532015132968239
1532015132968252
1532015133468323
1532015133468344
1532015133468355
1532015133468364
1532015133468373
1532015133468381
1532015133468390
1532015133968343
1532015133968358
1532015133968366
1532015133968381
1532015133968394
1532015133968401
1532015134468399
1532015134468413
1532015134468429
1532015134468437
1532015134468448
1532015134468456
1532015134968584
1532015134969388
1532015134969405
1532015134969425
1532015134969435
1532015134969448
1532015134969463
1532015135468667
1532015135468681
1532015135468689
1532015135468702
1532015135468715
1532015135468725
1532015135968837
1532015135968853
1532015135968861
1532015135968868
1532015135968875
1532015135968882
1532015135968889
1532015136468859
1532015136468874
1532015136468889
1532015136468898
1532015136468905
1532015136468912
1532015136969009
1532015136969025
1532015136969033
1532015136969042
1532015136969050
1532015136969057
1532015136969064
1532015137469019
1532015137469033
1532015137469040
1532015137469049
1532015137469056
1532015137469066
1532015137969054
1532015137969070
1532015137969080
1532015137969090
1532015137969100
1532015137969107
1532015138469159
1532015138469180
1532015138469189
1532015138469197
1532015138469204
1532015138469211
1532015138469222
1532015138969221
1532015138969234
1532015138969244
1532015138969251
1532015138969258
1532015138969264
1532015139469368
1532015139469382
1532015139469390
1532015139469396
1532015139469403
1532015139469413
1532015139469419
1532015139969430
1532015139969444
1532015139969455
1532015139969462
1532015139969471
1532015139969478
1532015140469593
1532015140469610
1532015140469617
1532015140469624
1532015140469632
1532015140469639
1532015140469646
1532015140969601
1532015140969616
1532015140969624
1532015140969631
1532015140969638
1532015140969645
1532015141469633
1532015141469651
1532015141469665
1532015141469674
1532015141469681
1532015141469688
1532015141969680
1532015141969705
1532015141969714
1532015141969722
1532015141969732
1532015141969746
1532015142469879
1532015142469898
1532015142469915
1532015142469925
1532015142469933
1532015142469956
1532015142469966
1532015142969871
1532015142969891
1532015142969909
1532015142969919
1532015142969929
1532015142969938
1532015143469966
1532015143469990
1532015143469999
1532015143470006
1532015143470013
1532015143470021
1532015143470028
1532015143970019
1532015143970037
1532015143970046
1532015143970053
1532015143970060
1532015143970067
1532015144470123
1532015144470138
1532015144470146
1532015144470154
1532015144470165
1532015144470173
1532015144470183
1532015144970188
1532015144970205
1532015144970212
1532015144970226
1532015144970234
1532015144970244
1532015145470320
1532015145470382
1532015145470394
1532015145470401
1532015145470410
1532015145470417
1532015145470424
1532015145970348
1532015145970365
1532015145970373
1532015145970382
1532015145970395
1532015145970403
1532015146470454
1532015146470473
1532015146470486
1532015146470494
1532015146470503
1532015146470510
1532015146470518
1532015146970484
1532015146970503
1532015146970512
1532015146970520
1532015146970529
1532015146970537
1532015147470594
1532015147470608
1532015147470624
1532015147470634
1532015147470641
1532015147470648
1532015147470666
1532015147970805
1532015147970825
1532015147970833
1532015147970842
1532015147970850
1532015147970858
1532015147970866
1532015148470951
1532015148470970
1532015148470977
1532015148470984
1532015148470991
1532015148470999
1532015148471006
1532015148970942
1532015148970958
1532015148970966
1532015148970975
1532015148970983
1532015148970990
1532015149471135
1532015149471155
1532015149471174
1532015149471182
1532015149471195
1532015149471213
1532015149471221
1532015149971082
1532015149971097
1532015149971109
1532015149971118
1532015149971126
1532015149971133
1532015150471077
1532015150471095
1532015150471106
1532015150471113
1532015150471121
1532015150471128
1532015150971222
1532015150971239
1532015150971247
1532015150971255
1532015150971262
1532015150971269
1532015150971276
1532015151471316
1532015151471334
1532015151471349
1532015151471356
1532015151471372
1532015151471392
1532015151471400
1532015151971523
1532015151971540
1532015151971549
1532015151971564
1532015151971572
1532015151971580
1532015151971587
1532015152471566
1532015152471585
1532015152471594
1532015152471602
1532015152471610
1532015152471618
1532015152971493
1532015152971511
1532015152971519
1532015152971587
1532015152971600
1532015152971612
1532015153471618
1532015153471637
1532015153471646
1532015153471654
1532015153471663
1532015153471670
1532015153971719
1532015153971736
1532015153971747
1532015153971763
1532015153971771
1532015153971780
1532015153971788
1532015154471860
1532015154471877
1532015154471896
1532015154471906
1532015154471914
1532015154471922
1532015154471937
1532015154971917
1532015154971938
1532015154971946
1532015154971955
1532015154971962
1532015154971970
1532015155471970
1532015155471984
1532015155471992
1532015155472056
1532015155472068
1532015155472078
1532015155972042
1532015155972057
1532015155972065
1532015155972074
1532015155972082
1532015155972089
1532015156472082
1532015156472103
1532015156472112
1532015156472120
1532015156472128
1532015156472135
1532015156972356
1532015156972380
1532015156972389
1532015156972397
1532015156972410
1532015156972418
1532015156972432
1532015157472351
1532015157472371
1532015157472380
1532015157472395
1532015157472403
1532015157472410
1532015157972405
1532015157972427
1532015157972449
1532015157972458
1532015157972468
1532015157972475
1532015158472514
1532015158472537
1532015158472548
1532015158472562
1532015158472573
1532015158472581
1532015158472590
1532015158972598
1532015158972618
1532015158972627
1532015158972636
1532015158972645
1532015158972656
1532015159472616
1532015159472630
1532015159472638
1532015159472653
1532015159472660
1532015159472667
1532015159972722
1532015159972740
1532015159972755
1532015159972763
1532015159972771
1532015159972778
1532015160472858
1532015160472876
1532015160472891
1532015160472900
1532015160472908
1532015160472916
1532015160472924
1532015160972914
1532015160972931
1532015160972946
1532015160972957
1532015160973070
1532015160973083
1532015161472920
1532015161472938
1532015161472952
1532015161472961
1532015161472969
1532015161472977
1532015161972920
1532015161972941
1532015161972950
1532015161972958
1532015161972970
1532015161972988
1532015162473081
1532015162473097
1532015162473115
1532015162473124
1532015162473131
1532015162473139
1532015162473154
1532015162973226
1532015162973244
1532015162973252
1532015162973260
1532015162973268
1532015162973275
1532015162973283
1532015163473274
1532015163473291
1532015163473299
1532015163473313
1532015163473321
1532015163473330
1532015163973358
1532015163973375
1532015163973384
1532015163973392
1532015163973400
1532015163973407
1532015163973415
1532015164473422
1532015164473435
1532015164473443
1532015164473452
1532015164473460
1532015164473468
1532015164973608
1532015164973629
1532015164973637
1532015164973648
1532015164973658
1532015164973666
1532015164973673
1532015165473694
1532015165473711
1532015165473720
1532015165473729
1532015165473737
1532015165473749
1532015165473757
1532015165973616
1532015165973636
1532015165973647
1532015165973662
1532015165973671
1532015165973679
1532015166473780
1532015166473859
1532015166473871
1532015166473880
1532015166473888
1532015166473900
1532015166473908
1532015166973919
1532015166973937
1532015166973959
1532015166973969
1532015166973977
1532015166973990
1532015166974003
1532015167473959
1532015167473979
1532015167473988
1532015167474002
1532015167474009
1532015167474016
1532015167974005
1532015167974020
1532015167974029
1532015167974043
1532015167974053
1532015167974062
1532015168474142
1532015168474489
1532015168474510
1532015168474520
1532015168474531
1532015168474540
1532015168474548
1532015168974186
1532015168974202
1532015168974214
1532015168974222
1532015168974230
1532015168974237
1532015169474315
1532015169474409
1532015169474423
1532015169474431
1532015169474439
1532015169474448
1532015169474456
1532015169974427
1532015169974445
1532015169974460
1532015169974469
1532015169974477
1532015169974484
1532015170474466
1532015170474493
1532015170474508
1532015170474517
1532015170474525
1532015170474533
1532015170974440
1532015170974453
1532015170974461
1532015170974470
1532015170974477
1532015170974484
1532015171474492
1532015171474510
1532015171474519
1532015171474527
1532015171474534
1532015171474541
1532015171974657
1532015171974676
1532015171974694
1532015171974705
1532015171974712
1532015171974724
1532015171974738
1532015172474740
1532015172474755
1532015172474764
1532015172474772
1532015172474780
1532015172474788
1532015172974865
1532015172974878
1532015172974886
1532015172974895
1532015172974903
1532015172974910
1532015172974917
1532015173474915
1532015173474935
1532015173474943
1532015173474957
1532015173474965
1532015173474974
1532015173974883
1532015173974905
1532015173974919
1532015173974931
1532015173974940
1532015173974949
1532015174475027
1532015174475047
1532015174475056
1532015174475064
1532015174475080
1532015174475093
1532015174475101
1532015174975109
1532015174975123
1532015174975130
1532015174975140
1532015174975147
1532015174975154
1532015175475128
1532015175475144
1532015175475152
1532015175475160
1532015175475168
1532015175475175
1532015175975445
1532015175975462
1532015175975476
1532015175975484
1532015175975492
1532015175975501
1532015175975509
1532015176475439
1532015176475457
1532015176475471
1532015176475482
1532015176475490
1532015176475497
1532015176975576
1532015176975593
1532015176975601
1532015176975608
1532015176975617
1532015176975624
1532015176975631
1532015177475487
1532015177475505
1532015177475513
1532015177475523
1532015177475531
1532015177475538
1532015177975658
1532015177975916
1532015177975935
1532015177975948
1532015177975956
1532015177975964
1532015177975971
1532015178475740
1532015178475758
1532015178475768
1532015178475776
1532015178475785
1532015178475792
1532015178976051
1532015178976068
1532015178976076
1532015178976084
1532015178976091
1532015178976098
1532015178976104
1532015179475784
1532015179475807
1532015179475816
1532015179475872
1532015179475882
1532015179475890
1532015179975964
1532015179976173
1532015179976182
1532015179976190
1532015179976200
1532015179976207
1532015179976214
1532015180476053
1532015180476076
1532015180476085
1532015180476093
1532015180476105
1532015180476112
1532015180976206
1532015180976477
1532015180976495
1532015180976504
1532015180976513
1532015180976525
1532015180976533
1532015181476217
1532015181476235
1532015181476243
1532015181476257
1532015181476265
1532015181476272
1532015181976343
1532015181976707
1532015181976722
1532015181976730
1532015181976743
1532015181976751
1532015181976760
1532015182476487
1532015182476504
1532015182476513
1532015182476520
1532015182476531
1532015182476540
1532015182976624
1532015182976643
1532015182976653
1532015182976662
1532015182976671
1532015182976680
1532015182976689
1532015183476765
1532015183476788
1532015183476797
1532015183476805
1532015183476813
1532015183476821
1532015183476835
1532015183976659
1532015183976678
1532015183976690
1532015183976699
1532015183976707
1532015183976715
1532015184476711
1532015184476728
1532015184476736
1532015184476744
1532015184476764
1532015184476772
1532015184976882
1532015184976897
1532015184976906
1532015184976924
1532015184976933
1532015184976940
1532015184976955
1532015185476823
1532015185476841
1532015185476849
1532015185476857
1532015185476866
1532015185476872
1532015185977005
1532015185977019
1532015185977038
1532015185977050
1532015185977058
1532015185977065
1532015185977081
1532015186477070
1532015186477084
1532015186477102
1532015186477115
1532015186477122
1532015186477138
1532015186977217
1532015186977233
1532015186977241
1532015186977257
1532015186977266
1532015186977275
1532015186977282
1532015187477255
1532015187477272
1532015187477288
1532015187477299
1532015187477310
1532015187477317
1532015187977447
1532015187977463
1532015187977481
1532015187977490
1532015187977503
1532015187977511
1532015187977527
1532015188477574
1532015188477593
1532015188477613
1532015188477626
1532015188477634
1532015188477652
1532015188477660
1532015188977570
1532015188977584
1532015188977593
1532015188977618
1532015188977626
1532015188977633
1532015189477558
1532015189477572
1532015189477636
1532015189477651
1532015189477660
1532015189477668
1532015189977702
1532015189977719
1532015189977727
1532015189977734
1532015189977742
1532015189977750
1532015189977757
1532015190477789
1532015190477808
1532015190477816
1532015190477824
1532015190477832
1532015190477838
1532015190977890
1532015190977907
1532015190977916
1532015190977927
1532015190977936
1532015190977951
1532015190977960
1532015191477929
1532015191477961
1532015191477972
1532015191477982
1532015191477993
1532015191478000
1532015191978040
1532015191978063
1532015191978072
1532015191978079
1532015191978087
1532015191978094
1532015191978101
1532015192478122
1532015192478139
1532015192478147
1532015192478155
1532015192478163
1532015192478171
1532015192478178
1532015192978344
1532015192978375
1532015192978390
1532015192978398
1532015192978406
1532015192978414
1532015192978422
1532015193478281
1532015193478302
1532015193478319
1532015193478327
1532015193478335
1532015193478342
1532015193978351
1532015193978365
1532015193978373
1532015193978383
1532015193978390
1532015193978398
1532015194478465
1532015194478481
1532015194478489
1532015194478497
1532015194478506
1532015194478514
1532015194478521
1532015194978586
1532015194978603
1532015194978618
1532015194978628
1532015194978637
1532015194978644
1532015194978659
1532015195478640
1532015195478666
1532015195478684
1532015195478693
1532015195478702
1532015195478712
1532015195978742
1532015195978762
1532015195978779
1532015195978789
1532015195978797
1532015195978810
1532015195978819
1532015196478767
1532015196478787
1532015196478808
1532015196478817
1532015196478826
1532015196478834
1532015196978850
1532015196978909
1532015196978919
1532015196978928
1532015196978941
1532015196978949
1532015197478914
1532015197478932
1532015197478941
1532015197478954
1532015197478962
1532015197478971
1532015197979021
1532015197979040
1532015197979056
1532015197979065
1532015197979074
1532015197979081
1532015197979095
1532015198479136
1532015198479160
1532015198479177
1532015198479198
1532015198479206
1532015198479241
1532015198479249
1532015198979116
1532015198979133
1532015198979148
1532015198979157
1532015198979165
1532015198979172
1532015199479208
1532015199479231
1532015199479241
1532015199479249
1532015199479269
1532015199479278
1532015199479285
1532015199979335
1532015199979353
1532015199979369
1532015199979378
1532015199979386
1532015199979394
1532015199979401
1532015200479410
1532015200479428
1532015200479437
1532015200479451
1532015200479459
1532015200479466
1532015200979479
1532015200979494
1532015200979502
1532015200979511
1532015200979519
1532015200979526
1532015201479707
1532015201479724
1532015201479739
1532015201479748
1532015201479757
1532015201479766
1532015201479780
1532015201979723
1532015201979739
1532015201979747
1532015201979755
1532015201979763
1532015201979774
1532015202479614
1532015202479634
1532015202479643
1532015202479651
1532015202479658
1532015202479666
1532015202979710
1532015202979727
1532015202979736
1532015202979744
1532015202979751
1532015202979758
1532015202979765
1532015203479939
1532015203479957
1532015203479972
1532015203479980
1532015203479988
1532015203479995
1532015203480002
1532015203979878
1532015203979895
1532015203979910
1532015203979918
1532015203979930
1532015203979938
1532015204480012
1532015204480033
1532015204480041
1532015204480049
1532015204480059
1532015204480067
1532015204480073
1532015204980098
1532015204980113
1532015204980120
1532015204980129
1532015204980136
1532015204980144
1532015204980151
1532015205480135
1532015205480151
1532015205480158
1532015205480169
1532015205480180
1532015205480187
1532015205980149
1532015205980165
1532015205980175
1532015205980182
1532015205980193
1532015205980201
1532015206480338
1532015206480481
1532015206480496
1532015206480504
1532015206480513
1532015206480521
1532015206480528
1532015206980427
1532015206980443
1532015206980451
1532015206980460
1532015206980468
1532015206980475
1532015207480458
1532015207480480
1532015207480490
1532015207480499
1532015207480519
1532015207480527
1532015207980584
1532015207980600
1532015207980610
1532015207980620
1532015207980628
1532015207980637
1532015207980644
1532015208480586
1532015208480601
1532015208480610
1532015208480673
1532015208480685
1532015208480698
1532015208980631
1532015208980644
1532015208980651
1532015208980713
1532015208980725
1532015208980732
1532015209481086
1532015209483184
1532015209483251
1532015209483304
1532015209483342
1532015209483379
1532015209483420
1532015209980927
1532015209980946
1532015209980954
1532015209980963
1532015209980970
1532015209980977
1532015210480999
1532015210481015
1532015210481023
1532015210481032
1532015210481043
1532015210481093
1532015210481103
1532015210981218
1532015210981238
1532015210981247
1532015210981255
1532015210981263
1532015210981271
1532015210981279
1532015211481210
1532015211481223
1532015211481232
1532015211481244
1532015211481252
1532015211481260
1532015211981381
1532015211981398
1532015211981414
1532015211981423
1532015211981432
1532015211981441
1532015211981454
1532015212481286
1532015212481304
1532015212481313
1532015212481322
1532015212481330
1532015212481339
1532015212981546
1532015212981563
1532015212981572
1532015212981581
1532015212981589
1532015212981598
1532015212981606
1532015213481631
1532015213481651
1532015213481661
1532015213481670
1532015213481679
1532015213481689
1532015213481698
1532015213982822
1532015213985725
1532015213985744
1532015213985753
1532015213985765
1532015213985777
1532015213985789
