1532015114965888
1532015115466281
1532015115966320
1532015116466168
1532015116966394
1532015117466622
1532015117966304
1532015118466696
1532015118966540
1532015119466582
1532015119966812
1532015120466849
1532015120967078
1532015121466929
1532015122467009
1532015122967238
1532015123467456
1532015123967309
1532015124467346
1532015124967392
1532015125467431
1532015125967844
1532015126467681
1532015126967925
1532015127467764
1532015127967806
1532015128468254
1532015129468171
1532015129968550
1532015130468430
1532015130968657
1532015131468893
1532015131968718
1532015132468941
1532015132968787
1532015133469193
1532015133968874
1532015134468914
1532015134970018
1532015135469189
1532015135969576
1532015136469461
1532015136969833
1532015137469674
1532015137969717
1532015138469940
1532015138969793
1532015139470221
1532015139970066
1532015140470301
1532015140970171
1532015141970197
1532015142470653
1532015142970502
1532015143470722
1532015143970553
1532015144470962
1532015144970829
1532015145471076
1532015145970906
1532015146471158
1532015146971049
1532015147471419
1532015147971644
1532015148471677
1532015148971513
1532015149471935
1532015150471641
1532015150972046
1532015151472087
1532015151972314
1532015152472184
1532015152972075
1532015153472244
1532015153972466
1532015154472728
1532015154972542
1532015155472601
1532015155972649
1532015156472659
1532015156973086
1532015157472905
1532015157972966
1532015158473379
1532015158973232
1532015159473255
1532015159973304
1532015160473724
1532015160973581
1532015161473426
1532015161973452
1532015162473880
1532015162973926
1532015163473959
1532015164474064
1532015164974446
1532015165474489
1532015165974155
1532015166474540
1532015166974637
1532015167474635
1532015167974694
1532015168475141
1532015168974760
1532015169475180
1532015169975033
1532015170475064
1532015171475125
1532015171975445
1532015172475402
1532015172975668
1532015173475524
1532015173975581
1532015174475749
1532015174975871
1532015175475673
1532015175976250
1532015176476094
1532015176976326
1532015177476190
1532015177976586
1532015178476332
1532015178976850
1532015179476344
1532015179976754
1532015180476586
1532015180977009
1532015181476863
1532015181977268
1532015182477121
1532015182977341
1532015183477584
1532015183977238
1532015184477270
1532015185477365
1532015185977762
1532015186477612
1532015186978105
1532015187477912
1532015187978298
1532015188478392
1532015188978211
1532015189478252
1532015189978464
1532015190478332
1532015190978721
1532015191478556
1532015191978787
1532015192478846
1532015192979048
1532015193478908
1532015193978952
1532015194479222
1532015194979404
1532015195479291
1532015195979503
1532015196479363
1532015196979398
1532015197479606
1532015197979837
1532015198479879
1532015198979708
1532015199479931
1532015199980161
1532015200480018
1532015200980058
1532015201480468
1532015201980313
1532015202480149
1532015202980399
1532015203480644
1532015203980470
1532015204480718
1532015204980914
1532015205480762
1532015205980797
1532015206481036
1532015206981088
1532015207481117
1532015207981351
1532015208481203
1532015208981240
1532015209484593
1532015209981491
1532015210481720
1532015210981987
1532015211481826
1532015211982400
1532015212481890
1532015212982345
1532015213482390
1532015213987276
