1532011062593817
1532011063093909
1532011063593974
1532011064094048
1532011064594123
1532011065094200
1532011065594272
1532011066094369
1532011066594463
1532011067094546
1532011067594620
1532011068094703
1532011068594774
1532011069094870
1532011069594942
1532011070095019
1532011070595099
1532011071095172
1532011071595251
1532011072095368
1532011072595441
1532011073095513
1532011073595599
1532011074095676
1532011074595747
1532011075095820
1532011075595890
1532011076095969
1532011076596045
1532011077096273
1532011077596370
1532011078096450
1532011078596528
1532011079096612
1532011079596705
1532011080096798
1532011080596904
1532011081096987
1532011081597062
1532011082097153
1532011082597248
1532011083097331
1532011083597428
1532011084097516
1532011084597597
1532011085097669
1532011085597756
1532011086097855
1532011086597948
1532011087097987
1532011087598072
1532011088098157
1532011088598239
1532011089098320
1532011089598396
1532011090098487
1532011090598562
1532011091098648
1532011091598728
1532011092098840
1532011092598918
1532011093098996
1532011093599068
1532011094099143
1532011094599238
1532011095099318
1532011095599402
1532011096099479
1532011096599573
1532011097099660
1532011097599740
1532011098099849
1532011098599938
1532011099100053
1532011099600126
1532011100100216
1532011100600291
1532011101100385
1532011101600467
1532011102100550
1532011102600629
1532011103100733
1532011103600814
1532011104100907
1532011104600982
1532011105101082
1532011105601159
1532011106101234
1532011106601342
1532011107101421
1532011107601502
1532011108101596
1532011108601682
1532011109101763
1532011109601846
1532011110101926
1532011110602061
1532011111102137
1532011111602215
1532011112102310
1532011112602451
1532011113102530
1532011113602605
1532011114102683
1532011114602758
1532011115102847
1532011115602926
1532011116103004
1532011116603086
1532011117103185
1532011117603264
1532011118103353
1532011118603430
1532011119103505
1532011119603578
1532011120103652
1532011120603737
1532011121103815
1532011121603929
1532011122104015
1532011122604095
1532011123104173
1532011123604254
1532011124104339
1532011124604418
1532011125104517
1532011125604595
1532011126104689
1532011126604792
1532011127104884
1532011127605111
1532011128105286
1532011128605402
1532011129105494
1532011129605571
1532011130105652
1532011130605742
1532011131105823
1532011131605964
1532011132106048
1532011132606123
1532011133106239
1532011133606345
1532011134106435
1532011134606525
1532011135106608
1532011135606683
1532011136106756
1532011136606848
1532011137106974
1532011137607064
1532011138107141
1532011138607216
1532011139107323
1532011139607456
1532011140107538
1532011140607620
1532011141107701
1532011141607817
1532011142107895
1532011142607978
1532011143108060
1532011143608147
1532011144108334
1532011144608412
1532011145108516
1532011145608599
1532011146108704
1532011146608806
1532011147108884
1532011147608961
1532011148109045
1532011148609121
1532011149109199
1532011149609278
1532011150109369
1532011150609466
1532011151109552
1532011151609625
1532011152109756
1532011152609879
1532011153110223
1532011153610322
1532011154110458
1532011154610546
1532011155110780
1532011155610895
1532011156110987
1532011156611072
1532011157111164
1532011157611245
1532011158111320
1532011158611395
1532011159111505
1532011159611584
1532011160111665
1532011160611785
1532011161111875
1532011161611960
1532011162113702
