1532011062594569
1532011062594611
1532011063094579
1532011063094606
1532011063594669
1532011063594692
1532011064094566
1532011064094589
1532011064594539
1532011064594560
1532011065094656
1532011065094673
1532011065094727
1532011065594783
1532011065594805
1532011066094798
1532011066094822
1532011066594884
1532011066594904
1532011067094901
1532011067094929
1532011067595071
1532011067595098
1532011068095209
1532011068095236
1532011068595278
1532011068595310
1532011069095317
1532011069095343
1532011069595299
1532011069595315
1532011070095453
1532011070095483
1532011070595507
1532011070595524
1532011071095588
1532011071095611
1532011071595625
1532011071595647
1532011071595774
1532011072095754
1532011072095779
1532011072595844
1532011072595862
1532011073095897
1532011073095916
1532011073595963
1532011073595982
1532011074096059
1532011074096084
1532011074596109
1532011074596135
1532011075096207
1532011075096228
1532011075596280
1532011075596298
1532011076096507
1532011076096528
1532011076596498
1532011076596518
1532011077098164
1532011077098256
1532011077597059
1532011077597079
1532011078097022
1532011078097048
1532011078597112
1532011078597134
1532011079097091
1532011079097119
1532011079597198
1532011079597222
1532011080097510
1532011080097533
1532011080597410
1532011080597438
1532011081097803
1532011081097821
1532011081597631
1532011081597656
1532011082097836
1532011082097859
1532011082598436
1532011082598457
1532011083097893
1532011083097918
1532011083598098
1532011083598123
1532011084098126
1532011084098149
1532011084598181
1532011084598208
1532011085098198
1532011085098223
1532011085598349
1532011085598371
1532011086098592
1532011086098616
1532011086598467
1532011086598492
1532011087098640
1532011087098661
1532011087599115
1532011087599140
1532011088098769
1532011088098794
1532011088598805
1532011088598827
1532011089098932
1532011089098956
1532011089598808
1532011089598830
1532011090098971
1532011090098991
1532011090599201
1532011090599222
1532011091099120
1532011091099142
1532011091599471
1532011091599496
1532011092099898
1532011092099920
1532011092599490
1532011092599511
1532011093099569
1532011093099602
1532011093599592
1532011093599613
1532011094099752
1532011094099774
1532011094599790
1532011094599814
1532011095099944
1532011095099965
1532011095599986
1532011095600007
1532011096100154
1532011096100175
1532011096600933
1532011096600958
1532011097100771
1532011097100796
1532011097600270
1532011097600299
1532011098100425
1532011098100451
1532011098600860
1532011098600885
1532011099100844
1532011099100876
1532011099600930
1532011099600959
1532011100100880
1532011100100902
1532011100600776
1532011100600798
1532011101101116
1532011101101139
1532011101601134
1532011101601158
1532011102101075
1532011102101096
1532011102601149
1532011102601170
1532011103101293
1532011103101324
1532011103601499
1532011103601521
1532011104101643
1532011104101666
1532011104601568
1532011104601589
1532011105101918
1532011105101937
1532011105601742
1532011105601768
1532011106101708
1532011106101732
1532011106601894
1532011106601915
1532011107102269
1532011107102288
1532011107602037
1532011107602058
1532011108102165
1532011108102187
1532011108602255
1532011108602276
1532011109102375
1532011109102403
1532011109602376
1532011109602396
1532011110102417
1532011110102443
1532011110602955
1532011110602995
1532011111102665
1532011111102693
1532011111602910
1532011111602930
1532011112102786
1532011112102807
1532011112602888
1532011112602910
1532011113103053
1532011113103080
1532011113603132
1532011113603152
1532011114103186
1532011114103208
1532011114603265
1532011114603285
1532011114603414
1532011115103284
1532011115103307
1532011115603336
1532011115603361
1532011116103528
1532011116103548
1532011116603742
1532011116603769
1532011117103779
1532011117103811
1532011117603895
1532011117603919
1532011118103789
1532011118103813
1532011118603874
1532011118603899
1532011119104016
1532011119104036
1532011119604031
1532011119604049
1532011120104203
1532011120104227
1532011120604265
1532011120604291
1532011121104404
1532011121104426
1532011121604553
1532011121604588
1532011122104597
1532011122104621
1532011122604775
1532011122604795
1532011123104615
1532011123104641
1532011123604841
1532011123604863
1532011124104846
1532011124104870
1532011124605153
1532011124605177
1532011125105099
1532011125105123
1532011125605330
1532011125605358
1532011126105339
1532011126105360
1532011126605843
1532011126605870
1532011127105539
1532011127105563
1532011127607261
1532011127607338
1532011128105874
1532011128105902
1532011128606071
1532011128606094
1532011129106243
1532011129106266
1532011129606179
1532011129606203
1532011130106279
1532011130106303
1532011130606373
1532011130606395
1532011131106302
1532011131106327
1532011131606458
1532011131606485
1532011132106572
1532011132106596
1532011132606621
1532011132606642
1532011133106960
1532011133106983
1532011133107099
1532011133606905
1532011133606928
1532011134106975
1532011134107001
1532011134607054
1532011134607078
1532011135107198
1532011135107222
1532011135607119
1532011135607145
1532011136107194
1532011136107216
1532011136607619
1532011136607640
1532011137107622
1532011137107644
1532011137607593
1532011137607613
1532011138107904
1532011138107929
1532011138607877
1532011138607900
1532011139107793
1532011139107817
1532011139607982
1532011139608003
1532011140108184
1532011140108210
1532011140608203
1532011140608229
1532011141109061
1532011141109089
1532011141608320
1532011141608341
1532011142108516
1532011142108538
1532011142608446
1532011142608469
1532011143108599
1532011143108625
1532011143608721
1532011143608750
1532011144108890
1532011144108912
1532011144609144
1532011144609170
1532011145109574
1532011145109600
1532011145609201
1532011145609223
1532011146109219
1532011146109243
1532011146609346
1532011146609373
1532011147109373
1532011147109399
1532011147609498
1532011147609523
1532011148109868
1532011148109891
1532011148609558
1532011148609577
1532011149110219
1532011149110239
1532011149609760
1532011149609783
1532011150110161
1532011150110181
1532011150609995
1532011150610022
1532011151110505
1532011151110526
1532011151610110
1532011151610131
1532011152110667
1532011152110686
1532011152610557
1532011152610584
1532011153111058
1532011153111081
1532011153611051
1532011153611075
1532011154111741
1532011154111764
1532011154611317
1532011154611343
1532011155111324
1532011155111349
1532011155611544
1532011155611573
1532011156112083
1532011156112107
1532011156611722
1532011156611744
1532011157111703
1532011157111730
1532011157611751
1532011157611776
1532011158111904
1532011158111928
1532011158612084
1532011158612111
1532011159112089
1532011159112110
1532011159612309
1532011159612329
1532011160112274
1532011160112296
1532011160612590
1532011160612613
1532011161112479
1532011161112504
1532011161612518
1532011161612544
1532011162120688
1532011162120787
