1532011062594649
1532011062594666
1532011062594673
1532011062594679
1532011062594685
1532011062594693
1532011062594699
1532011062594706
1532011063094625
1532011063094641
1532011063094648
1532011063094655
1532011063094661
1532011063094668
1532011063094675
1532011063094682
1532011063594737
1532011063594753
1532011063594761
1532011063594769
1532011063594776
1532011063594783
1532011063594791
1532011063594797
1532011063594804
1532011064094631
1532011064094645
1532011064094655
1532011064094662
1532011064094668
1532011064094675
1532011064094682
1532011064094689
1532011064594604
1532011064594619
1532011064594626
1532011064594635
1532011064594646
1532011064594652
1532011064594660
1532011064594666
1532011065094700
1532011065094712
1532011065094719
1532011065094726
1532011065094732
1532011065094739
1532011065094745
1532011065094752
1532011065094759
1532011065594817
1532011065594831
1532011065594838
1532011065594844
1532011065594850
1532011065594857
1532011065594867
1532011065594874
1532011065594881
1532011066094839
1532011066094852
1532011066094863
1532011066094871
1532011066094878
1532011066094884
1532011066094891
1532011066094898
1532011066594940
1532011066594958
1532011066594965
1532011066594975
1532011066594982
1532011066594992
1532011066595000
1532011066595007
1532011066595018
1532011067094932
1532011067094950
1532011067094958
1532011067094966
1532011067094973
1532011067094980
1532011067094987
1532011067094994
1532011067595124
1532011067595140
1532011067595147
1532011067595154
1532011067595161
1532011067595168
1532011067595175
1532011067595182
1532011067595188
1532011068095265
1532011068095279
1532011068095286
1532011068095294
1532011068095301
1532011068095309
1532011068095318
1532011068095325
1532011068095333
1532011068595328
1532011068595342
1532011068595349
1532011068595356
1532011068595364
1532011068595371
1532011068595380
1532011068595388
1532011069095355
1532011069095368
1532011069095375
1532011069095382
1532011069095389
1532011069095395
1532011069095402
1532011069095409
1532011069595333
1532011069595347
1532011069595353
1532011069595363
1532011069595370
1532011069595379
1532011069595386
1532011069595394
1532011070095464
1532011070095480
1532011070095488
1532011070095495
1532011070095504
1532011070095512
1532011070095522
1532011070095530
1532011070095537
1532011070595547
1532011070595563
1532011070595570
1532011070595578
1532011070595585
1532011070595595
1532011070595602
1532011070595612
1532011071095629
1532011071095641
1532011071095648
1532011071095656
1532011071095662
1532011071095669
1532011071095675
1532011071095681
1532011071095688
1532011071595689
1532011071595701
1532011071595708
1532011071595716
1532011071595722
1532011071595729
1532011071595788
1532011071595797
1532011072095801
1532011072095813
1532011072095820
1532011072095827
1532011072095834
1532011072095841
1532011072095852
1532011072095858
1532011072595880
1532011072595891
1532011072595898
1532011072595906
1532011072595912
1532011072595918
1532011072595924
1532011072595931
1532011072595937
1532011073095931
1532011073095942
1532011073095949
1532011073095956
1532011073095963
1532011073095970
1532011073095980
1532011073095987
1532011073595996
1532011073596009
1532011073596015
1532011073596023
1532011073596030
1532011073596036
1532011073596043
1532011073596050
1532011073596056
1532011074096104
1532011074096119
1532011074096127
1532011074096135
1532011074096147
1532011074096154
1532011074096164
1532011074096172
1532011074096180
1532011074596154
1532011074596170
1532011074596177
1532011074596185
1532011074596192
1532011074596200
1532011074596207
1532011074596217
1532011075096244
1532011075096258
1532011075096265
1532011075096272
1532011075096279
1532011075096286
1532011075096296
1532011075096304
1532011075096314
1532011075596333
1532011075596348
1532011075596360
1532011075596368
1532011075596375
1532011075596382
1532011075596394
1532011075596402
1532011075596415
1532011076096542
1532011076096556
1532011076096564
1532011076096579
1532011076096592
1532011076096601
1532011076096620
1532011076096633
1532011076096641
1532011076596553
1532011076596567
1532011076596575
1532011076596592
1532011076596600
1532011076596609
1532011076596616
1532011076596624
1532011077096957
1532011077098424
1532011077098490
1532011077098513
1532011077098533
1532011077098552
1532011077098572
1532011077098596
1532011077098638
1532011077597126
1532011077597141
1532011077597150
1532011077597164
1532011077597172
1532011077597181
1532011077597194
1532011077597204
1532011078097078
1532011078097100
1532011078097115
1532011078097123
1532011078097135
1532011078097143
1532011078097151
1532011078097162
1532011078597171
1532011078597190
1532011078597199
1532011078597207
1532011078597224
1532011078597234
1532011078597242
1532011078597251
1532011079097199
1532011079097221
1532011079097233
1532011079097241
1532011079097249
1532011079097258
1532011079097265
1532011079097274
1532011079597241
1532011079597256
1532011079597264
1532011079597272
1532011079597281
1532011079597291
1532011079597300
1532011079597310
1532011080097670
1532011080097688
1532011080097703
1532011080097711
1532011080097719
1532011080097731
1532011080097750
1532011080097758
1532011080097766
1532011080597437
1532011080597453
1532011080597464
1532011080597473
1532011080597480
1532011080597493
1532011080597501
1532011080597509
1532011081097845
1532011081097859
1532011081097877
1532011081097889
1532011081097896
1532011081097904
1532011081097918
1532011081097926
1532011081097935
1532011081597688
1532011081597706
1532011081597723
1532011081597732
1532011081597741
1532011081597749
1532011081597765
1532011081597774
1532011082097973
1532011082097994
1532011082098004
1532011082098014
1532011082098023
1532011082098033
1532011082098042
1532011082098051
1532011082098060
1532011082598285
1532011082598545
1532011082598559
1532011082598568
1532011082598576
1532011082598584
1532011082598591
1532011082598604
1532011082598612
1532011083097948
1532011083097971
1532011083097979
1532011083097995
1532011083098003
1532011083098011
1532011083098026
1532011083098034
1532011083598142
1532011083598162
1532011083598177
1532011083598186
1532011083598194
1532011083598202
1532011083598217
1532011083598226
1532011083598234
1532011084098222
1532011084098239
1532011084098249
1532011084098258
1532011084098267
1532011084098275
1532011084098283
1532011084098293
1532011084598252
1532011084598269
1532011084598278
1532011084598286
1532011084598295
1532011084598303
1532011084598311
1532011084598319
1532011085098235
1532011085098253
1532011085098262
1532011085098270
1532011085098278
1532011085098286
1532011085098294
1532011085098301
1532011085598374
1532011085598389
1532011085598398
1532011085598406
1532011085598414
1532011085598423
1532011085598431
1532011085598439
1532011085598447
1532011086098728
1532011086098747
1532011086098755
1532011086098764
1532011086098772
1532011086098781
1532011086098790
1532011086098799
1532011086098807
1532011086598514
1532011086598529
1532011086598537
1532011086598545
1532011086598552
1532011086598559
1532011086598567
1532011086598575
1532011087098809
1532011087098828
1532011087098836
1532011087098851
1532011087098859
1532011087098867
1532011087098881
1532011087098889
1532011087098900
1532011087598995
1532011087599138
1532011087599154
1532011087599166
1532011087599174
1532011087599197
1532011087599208
1532011087599216
1532011087599223
1532011088098859
1532011088098874
1532011088098884
1532011088098891
1532011088098902
1532011088098910
1532011088098921
1532011088098928
1532011088598862
1532011088598875
1532011088598890
1532011088598897
1532011088598909
1532011088598916
1532011088598930
1532011088598937
1532011089099012
1532011089099025
1532011089099033
1532011089099041
1532011089099053
1532011089099064
1532011089099072
1532011089099079
1532011089099095
1532011089598844
1532011089598857
1532011089598864
1532011089598872
1532011089598878
1532011089598885
1532011089598892
1532011089598899
1532011090098994
1532011090099008
1532011090099016
1532011090099025
1532011090099032
1532011090099040
1532011090099048
1532011090099056
1532011090099070
1532011090599145
1532011090599236
1532011090599247
1532011090599255
1532011090599262
1532011090599270
1532011090599278
1532011090599285
1532011090599304
1532011091099238
1532011091099255
1532011091099264
1532011091099273
1532011091099281
1532011091099289
1532011091099297
1532011091099306
1532011091599521
1532011091599536
1532011091599544
1532011091599558
1532011091599566
1532011091599574
1532011091599581
1532011091599589
1532011091599597
1532011092099677
1532011092099936
1532011092099948
1532011092099960
1532011092099968
1532011092099976
1532011092099993
1532011092100001
1532011092100008
1532011092599529
1532011092599545
1532011092599553
1532011092599565
1532011092599577
1532011092599584
1532011092599596
1532011092599604
1532011093099610
1532011093099628
1532011093099637
1532011093099646
1532011093099654
1532011093099662
1532011093099670
1532011093099678
1532011093599636
1532011093599655
1532011093599663
1532011093599672
1532011093599685
1532011093599693
1532011093599701
1532011093599709
1532011094099864
1532011094099882
1532011094099891
1532011094099899
1532011094099907
1532011094099915
1532011094099923
1532011094099934
1532011094099943
1532011094599853
1532011094599867
1532011094599876
1532011094599884
1532011094599892
1532011094599906
1532011094599915
1532011094599923
1532011095099981
1532011095099996
1532011095100004
1532011095100012
1532011095100020
1532011095100028
1532011095100035
1532011095100043
1532011095100053
1532011095600024
1532011095600039
1532011095600048
1532011095600055
1532011095600068
1532011095600076
1532011095600084
1532011095600091
1532011096100211
1532011096100227
1532011096100243
1532011096100252
1532011096100260
1532011096100268
1532011096100283
1532011096100291
1532011096100299
1532011096600370
1532011096600980
1532011096600993
1532011096601002
1532011096601011
1532011096601025
1532011096601033
1532011096601042
1532011096601052
1532011097100867
1532011097100884
1532011097100893
1532011097100901
1532011097100909
1532011097100917
1532011097100926
1532011097100935
1532011097600319
1532011097600337
1532011097600347
1532011097600355
1532011097600363
1532011097600371
1532011097600380
1532011097600389
1532011098100473
1532011098100487
1532011098100496
1532011098100504
1532011098100512
1532011098100521
1532011098100529
1532011098100537
1532011098100545
1532011098600618
1532011098600888
1532011098600904
1532011098600913
1532011098600922
1532011098600931
1532011098600940
1532011098600950
1532011098600959
1532011099100874
1532011099100891
1532011099100909
1532011099100919
1532011099100928
1532011099100938
1532011099100955
1532011099100964
1532011099601013
1532011099601035
1532011099601045
1532011099601054
1532011099601064
1532011099601073
1532011099601086
1532011099601100
1532011099601110
1532011100100984
1532011100101001
1532011100101023
1532011100101032
1532011100101041
1532011100101059
1532011100101069
1532011100101077
1532011100600834
1532011100600850
1532011100600858
1532011100600869
1532011100600881
1532011100600890
1532011100600898
1532011100600906
1532011101101055
1532011101101164
1532011101101176
1532011101101185
1532011101101193
1532011101101203
1532011101101211
1532011101101219
1532011101101228
1532011101601199
1532011101601216
1532011101601224
1532011101601233
1532011101601241
1532011101601249
1532011101601257
1532011101601265
1532011102101376
1532011102101393
1532011102101408
1532011102101417
1532011102101425
1532011102101437
1532011102101453
1532011102101461
1532011102101473
1532011102601396
1532011102601418
1532011102601427
1532011102601435
1532011102601443
1532011102601451
1532011102601464
1532011102601473
1532011103101327
1532011103101347
1532011103101356
1532011103101363
1532011103101380
1532011103101388
1532011103101396
1532011103101404
1532011103601537
1532011103601553
1532011103601561
1532011103601569
1532011103601582
1532011103601590
1532011103601599
1532011103601608
1532011103601616
1532011104101688
1532011104101706
1532011104101718
1532011104101727
1532011104101735
1532011104101744
1532011104101752
1532011104101760
1532011104101768
1532011104601619
1532011104601633
1532011104601642
1532011104601654
1532011104601667
1532011104601676
1532011104601687
1532011104601696
1532011105101757
1532011105101959
1532011105101974
1532011105101992
1532011105102000
1532011105102012
1532011105102020
1532011105102029
1532011105102037
1532011105601780
1532011105601793
1532011105601800
1532011105601808
1532011105601816
1532011105601824
1532011105601831
1532011105601843
1532011106101755
1532011106101769
1532011106101777
1532011106101784
1532011106101792
1532011106101799
1532011106101807
1532011106101814
1532011106601931
1532011106601945
1532011106601970
1532011106601980
1532011106601988
1532011106601995
1532011106602003
1532011106602011
1532011106602018
1532011107102112
1532011107102315
1532011107102327
1532011107102335
1532011107102353
1532011107102362
1532011107102370
1532011107102393
1532011107102401
1532011107602142
1532011107602157
1532011107602166
1532011107602174
1532011107602182
1532011107602189
1532011107602197
1532011107602205
1532011108102366
1532011108102380
1532011108102388
1532011108102396
1532011108102404
1532011108102413
1532011108102420
1532011108102428
1532011108102436
1532011108602320
1532011108602337
1532011108602346
1532011108602353
1532011108602364
1532011108602377
1532011108602385
1532011108602396
1532011109102421
1532011109102448
1532011109102458
1532011109102467
1532011109102477
1532011109102485
1532011109102493
1532011109102506
1532011109102515
1532011109602443
1532011109602460
1532011109602468
1532011109602476
1532011109602484
1532011109602492
1532011109602505
1532011109602513
1532011110102493
1532011110102510
1532011110102519
1532011110102528
1532011110102536
1532011110102549
1532011110102561
1532011110102570
1532011110602783
1532011110603167
1532011110603216
1532011110603248
1532011110603288
1532011110603319
1532011110603336
1532011110603361
1532011110603381
1532011111102702
1532011111102718
1532011111102727
1532011111102736
1532011111102744
1532011111102753
1532011111102762
1532011111102770
1532011111602873
1532011111603046
1532011111603058
1532011111603067
1532011111603075
1532011111603083
1532011111603091
1532011111603099
1532011111603107
1532011112102824
1532011112102839
1532011112102848
1532011112102855
1532011112102863
1532011112102870
1532011112102877
1532011112102885
1532011112602931
1532011112602951
1532011112602959
1532011112602967
1532011112602988
1532011112602999
1532011112603007
1532011112603021
1532011112603028
1532011113103099
1532011113103112
1532011113103120
1532011113103133
1532011113103141
1532011113103149
1532011113103157
1532011113103178
1532011113103187
1532011113603238
1532011113603253
1532011113603262
1532011113603270
1532011113603277
1532011113603285
1532011113603292
1532011113603300
1532011113603309
1532011114103226
1532011114103239
1532011114103248
1532011114103257
1532011114103264
1532011114103272
1532011114103280
1532011114103288
1532011114603333
1532011114603348
1532011114603356
1532011114603364
1532011114603372
1532011114603379
1532011114603387
1532011114603395
1532011114603458
1532011115103408
1532011115103422
1532011115103430
1532011115103446
1532011115103453
1532011115103465
1532011115103481
1532011115103490
1532011115603404
1532011115603420
1532011115603428
1532011115603436
1532011115603444
1532011115603452
1532011115603459
1532011115603466
1532011116103565
1532011116103580
1532011116103588
1532011116103597
1532011116103608
1532011116103617
1532011116103625
1532011116103634
1532011116103642
1532011116603733
1532011116603767
1532011116603776
1532011116603785
1532011116603792
1532011116603799
1532011116603806
1532011116603813
1532011116603821
1532011117103835
1532011117103852
1532011117103860
1532011117103869
1532011117103879
1532011117103891
1532011117103899
1532011117103907
1532011117103914
1532011117603936
1532011117603952
1532011117603968
1532011117603979
1532011117603986
1532011117603995
1532011117604002
1532011117604010
1532011117604018
1532011118103832
1532011118103852
1532011118103859
1532011118103867
1532011118103875
1532011118103883
1532011118103891
1532011118103899
1532011118603941
1532011118603961
1532011118603969
1532011118603977
1532011118603985
1532011118603998
1532011118604006
1532011118604018
1532011118604026
1532011119104056
1532011119104071
1532011119104078
1532011119104086
1532011119104101
1532011119104108
1532011119104115
1532011119104122
1532011119104129
1532011119604070
1532011119604084
1532011119604092
1532011119604099
1532011119604106
1532011119604113
1532011119604121
1532011119604128
1532011120104227
1532011120104244
1532011120104251
1532011120104259
1532011120104267
1532011120104279
1532011120104287
1532011120104294
1532011120104301
1532011120604291
1532011120604307
1532011120604317
1532011120604325
1532011120604332
1532011120604341
1532011120604349
1532011120604356
1532011121104485
1532011121104501
1532011121104511
1532011121104519
1532011121104527
1532011121104535
1532011121104543
1532011121104553
1532011121104561
1532011121604652
1532011121604675
1532011121604689
1532011121604699
1532011121604712
1532011121604720
1532011121604728
1532011121604736
1532011121604744
1532011122104620
1532011122104634
1532011122104642
1532011122104650
1532011122104657
1532011122104664
1532011122104672
1532011122104680
1532011122604818
1532011122604832
1532011122604841
1532011122604850
1532011122604858
1532011122604870
1532011122604878
1532011122604886
1532011122604894
1532011123104653
1532011123104670
1532011123104679
1532011123104694
1532011123104702
1532011123104710
1532011123104717
1532011123104725
1532011123604892
1532011123604908
1532011123604918
1532011123604926
1532011123604934
1532011123604943
1532011123604950
1532011123604959
1532011123604967
1532011124104896
1532011124104913
1532011124104921
1532011124104930
1532011124104937
1532011124104945
1532011124104956
1532011124104965
1532011124605069
1532011124605208
1532011124605221
1532011124605232
1532011124605245
1532011124605254
1532011124605265
1532011124605278
1532011124605288
1532011125105183
1532011125105201
1532011125105210
1532011125105218
1532011125105226
1532011125105234
1532011125105242
1532011125105251
1532011125605324
1532011125605379
1532011125605391
1532011125605399
1532011125605407
1532011125605417
1532011125605425
1532011125605434
1532011125605448
1532011126105445
1532011126105460
1532011126105468
1532011126105477
1532011126105486
1532011126105495
1532011126105503
1532011126105512
1532011126605985
1532011126606003
1532011126606013
1532011126606026
1532011126606035
1532011126606044
1532011126606052
1532011126606069
1532011126606080
1532011127105615
1532011127105632
1532011127105646
1532011127105656
1532011127105670
1532011127105679
1532011127105695
1532011127105704
1532011127605818
1532011127607415
1532011127607454
1532011127607472
1532011127607489
1532011127607509
1532011127607541
1532011127607558
1532011127607582
1532011128105959
1532011128105980
1532011128105989
1532011128105998
1532011128106006
1532011128106014
1532011128106023
1532011128106031
1532011128606114
1532011128606130
1532011128606138
1532011128606147
1532011128606155
1532011128606162
1532011128606170
1532011128606178
1532011128606187
1532011129106621
1532011129106639
1532011129106649
1532011129106657
1532011129106665
1532011129106673
1532011129106681
1532011129106689
1532011129106698
1532011129606227
1532011129606248
1532011129606257
1532011129606265
1532011129606279
1532011129606288
1532011129606296
1532011129606308
1532011130106327
1532011130106343
1532011130106352
1532011130106360
1532011130106367
1532011130106374
1532011130106382
1532011130106389
1532011130606460
1532011130606474
1532011130606484
1532011130606492
1532011130606501
1532011130606510
1532011130606518
1532011130606526
1532011130606535
1532011131106438
1532011131106452
1532011131106461
1532011131106469
1532011131106477
1532011131106484
1532011131106491
1532011131106500
1532011131606579
1532011131606596
1532011131606604
1532011131606612
1532011131606619
1532011131606627
1532011131606635
1532011131606642
1532011131606651
1532011132106614
1532011132106631
1532011132106639
1532011132106647
1532011132106657
1532011132106665
1532011132106673
1532011132106681
1532011132606674
1532011132606694
1532011132606703
1532011132606711
1532011132606722
1532011132606730
1532011132606738
1532011132606749
1532011133106906
1532011133107020
1532011133107033
1532011133107042
1532011133107052
1532011133107060
1532011133107069
1532011133107208
1532011133107222
1532011133606979
1532011133606999
1532011133607008
1532011133607021
1532011133607029
1532011133607038
1532011133607046
1532011133607054
1532011134107028
1532011134107042
1532011134107050
1532011134107058
1532011134107065
1532011134107073
1532011134107085
1532011134107094
1532011134607097
1532011134607114
1532011134607124
1532011134607133
1532011134607141
1532011134607149
1532011134607158
1532011134607168
1532011135107289
1532011135107303
1532011135107313
1532011135107326
1532011135107335
1532011135107344
1532011135107353
1532011135107366
1532011135107376
1532011135607192
1532011135607210
1532011135607219
1532011135607228
1532011135607236
1532011135607244
1532011135607252
1532011135607261
1532011136107239
1532011136107253
1532011136107262
1532011136107270
1532011136107278
1532011136107286
1532011136107294
1532011136107303
1532011136607376
1532011136607645
1532011136607659
1532011136607668
1532011136607677
1532011136607690
1532011136607699
1532011136607712
1532011136607722
1532011137107698
1532011137107718
1532011137107727
1532011137107736
1532011137107745
1532011137107754
1532011137107762
1532011137107771
1532011137607708
1532011137607726
1532011137607736
1532011137607745
1532011137607755
1532011137607768
1532011137607778
1532011137607787
1532011138108097
1532011138108117
1532011138108126
1532011138108135
1532011138108144
1532011138108152
1532011138108160
1532011138108169
1532011138108177
1532011138607938
1532011138607959
1532011138607970
1532011138607979
1532011138607988
1532011138607998
1532011138608007
1532011138608017
1532011139107853
1532011139107867
1532011139107876
1532011139107892
1532011139107901
1532011139107914
1532011139107929
1532011139107938
1532011139608046
1532011139608064
1532011139608079
1532011139608089
1532011139608097
1532011139608105
1532011139608119
1532011139608128
1532011139608136
1532011140108235
1532011140108252
1532011140108261
1532011140108270
1532011140108278
1532011140108287
1532011140108295
1532011140108303
1532011140108311
1532011140608253
1532011140608269
1532011140608282
1532011140608292
1532011140608300
1532011140608309
1532011140608317
1532011140608325
1532011141108410
1532011141109108
1532011141109121
1532011141109129
1532011141109146
1532011141109154
1532011141109163
1532011141109179
1532011141109188
1532011141608358
1532011141608374
1532011141608392
1532011141608401
1532011141608409
1532011141608417
1532011141608430
1532011141608438
1532011142108499
1532011142108547
1532011142108559
1532011142108568
1532011142108577
1532011142108585
1532011142108595
1532011142108604
1532011142108612
1532011142608470
1532011142608490
1532011142608501
1532011142608511
1532011142608519
1532011142608528
1532011142608536
1532011142608545
1532011143108658
1532011143108677
1532011143108687
1532011143108697
1532011143108705
1532011143108713
1532011143108721
1532011143108730
1532011143108739
1532011143608981
1532011143609001
1532011143609017
1532011143609025
1532011143609039
1532011143609055
1532011143609064
1532011143609072
1532011143609080
1532011144108989
1532011144109012
1532011144109022
1532011144109031
1532011144109041
1532011144109050
1532011144109058
1532011144109066
1532011144609211
1532011144609228
1532011144609237
1532011144609246
1532011144609255
1532011144609264
1532011144609273
1532011144609283
1532011144609292
1532011145109989
1532011145110018
1532011145110028
1532011145110038
1532011145110047
1532011145110060
1532011145110070
1532011145110083
1532011145110092
1532011145609330
1532011145609346
1532011145609355
1532011145609363
1532011145609377
1532011145609386
1532011145609394
1532011145609402
1532011146109284
1532011146109301
1532011146109310
1532011146109321
1532011146109337
1532011146109348
1532011146109362
1532011146109372
1532011146609385
1532011146609401
1532011146609409
1532011146609418
1532011146609427
1532011146609435
1532011146609444
1532011146609452
1532011146609462
1532011147109431
1532011147109448
1532011147109463
1532011147109472
1532011147109481
1532011147109490
1532011147109506
1532011147109515
1532011147609564
1532011147609581
1532011147609598
1532011147609620
1532011147609629
1532011147609646
1532011147609659
1532011147609667
1532011147609686
1532011148109965
1532011148109990
1532011148110006
1532011148110017
1532011148110027
1532011148110044
1532011148110054
1532011148110062
1532011148110070
1532011148609625
1532011148609639
1532011148609648
1532011148609656
1532011148609664
1532011148609672
1532011148609681
1532011148609689
1532011149110035
1532011149110238
1532011149110254
1532011149110265
1532011149110273
1532011149110281
1532011149110288
1532011149110296
1532011149110303
1532011149609800
1532011149609818
1532011149609827
1532011149609834
1532011149609842
1532011149609855
1532011149609862
1532011149609870
1532011150110199
1532011150110215
1532011150110223
1532011150110232
1532011150110240
1532011150110247
1532011150110254
1532011150110263
1532011150110270
1532011150610047
1532011150610067
1532011150610076
1532011150610084
1532011150610091
1532011150610099
1532011150610107
1532011150610115
1532011151110215
1532011151110559
1532011151110571
1532011151110579
1532011151110587
1532011151110596
1532011151110604
1532011151110612
1532011151110620
1532011151610153
1532011151610173
1532011151610182
1532011151610189
1532011151610197
1532011151610211
1532011151610220
1532011151610227
1532011152110380
1532011152110747
1532011152110761
1532011152110779
1532011152110788
1532011152110796
1532011152110805
1532011152110822
1532011152110830
1532011152610608
1532011152610624
1532011152610640
1532011152610649
1532011152610657
1532011152610665
1532011152610673
1532011152610682
1532011153110956
1532011153111116
1532011153111128
1532011153111137
1532011153111151
1532011153111159
1532011153111167
1532011153111175
1532011153111195
1532011153611166
1532011153611183
1532011153611192
1532011153611200
1532011153611208
1532011153611216
1532011153611225
1532011153611234
1532011154111345
1532011154111812
1532011154111828
1532011154111838
1532011154111847
1532011154111860
1532011154111870
1532011154111878
1532011154111887
1532011154611371
1532011154611386
1532011154611394
1532011154611403
1532011154611410
1532011154611419
1532011154611427
1532011154611437
1532011155111450
1532011155111470
1532011155111478
1532011155111486
1532011155111496
1532011155111508
1532011155111517
1532011155111525
1532011155611594
1532011155611612
1532011155611621
1532011155611629
1532011155611637
1532011155611646
1532011155611654
1532011155611666
1532011155611674
1532011156111767
1532011156112124
1532011156112136
1532011156112145
1532011156112154
1532011156112162
1532011156112170
1532011156112178
1532011156112186
1532011156611783
1532011156611797
1532011156611805
1532011156611820
1532011156611828
1532011156611836
1532011156611851
1532011156611859
1532011157111733
1532011157111751
1532011157111759
1532011157111766
1532011157111781
1532011157111789
1532011157111800
1532011157111808
1532011157611782
1532011157611799
1532011157611808
1532011157611816
1532011157611824
1532011157611831
1532011157611839
1532011157611849
1532011158111974
1532011158111990
1532011158111999
1532011158112007
1532011158112015
1532011158112023
1532011158112030
1532011158112038
1532011158112045
1532011158612139
1532011158612153
1532011158612165
1532011158612172
1532011158612188
1532011158612197
1532011158612204
1532011158612211
1532011158612218
1532011159112127
1532011159112142
1532011159112150
1532011159112158
1532011159112166
1532011159112174
1532011159112184
1532011159112192
1532011159612261
1532011159612360
1532011159612372
1532011159612380
1532011159612393
1532011159612400
1532011159612408
1532011159612418
1532011159612433
1532011160112356
1532011160112375
1532011160112393
1532011160112401
1532011160112409
1532011160112422
1532011160112439
1532011160112448
1532011160612638
1532011160612652
1532011160612661
1532011160612669
1532011160612677
1532011160612690
1532011160612699
1532011160612709
1532011160612719
1532011161112512
1532011161112528
1532011161112537
1532011161112551
1532011161112562
1532011161112570
1532011161112578
1532011161112587
1532011161612610
1532011161612629
1532011161612638
1532011161612646
1532011161612654
1532011161612663
1532011161612683
1532011161612692
1532011161612706
1532011162114091
1532011162121984
1532011162122004
1532011162122022
1532011162122032
1532011162122040
1532011162122050
1532011162122066
1532011162122074
