1532011062595169
1532011063095099
1532011063595326
1532011064095073
1532011064595062
1532011065095327
1532011065595461
1532011066095342
1532011066595557
1532011067095443
1532011067595713
1532011068095831
1532011068595831
1532011069095837
1532011069595820
1532011070096070
1532011070596090
1532011071096216
1532011071596217
1532011072096327
1532011072596491
1532011073096460
1532011073596598
1532011074096696
1532011074596599
1532011075096847
1532011075596965
1532011076097261
1532011076597128
1532011077099875
1532011077597663
1532011078097635
1532011078597772
1532011079097739
1532011079597728
1532011080098276
1532011080598013
1532011081098505
1532011081598295
1532011082098771
1532011082599071
1532011083098526
1532011083598794
1532011084098792
1532011084598823
1532011085098806
1532011085599069
1532011086099409
1532011086599006
1532011087099468
1532011087599741
1532011088099410
1532011088599408
1532011089099680
1532011089599388
1532011090099679
1532011090599807
1532011091099758
1532011091600186
1532011092100437
1532011092600089
1532011093100149
1532011093600157
1532011094100571
1532011094600442
1532011095100684
1532011095600574
1532011096100931
1532011096601563
1532011097101462
1532011097600835
1532011098101165
1532011098601467
1532011099101468
1532011099601691
1532011100101561
1532011100601331
1532011101101768
1532011101601712
1532011102102090
1532011102601954
1532011103101892
1532011103602261
1532011104102301
1532011104602195
1532011105102471
1532011105602339
1532011106102325
1532011106602579
1532011107102847
1532011107602704
1532011108102978
1532011108602850
1532011109103170
1532011109602978
1532011110103114
1532011110604065
1532011111103211
1532011111603610
1532011112103351
1532011112603605
1532011113103739
1532011113603871
1532011114103737
1532011114604000
1532011115103994
1532011115603994
1532011116104282
1532011116604347
1532011117104478
1532011117604581
1532011118104355
1532011118604564
1532011119104697
1532011119604565
1532011120104840
1532011120604835
1532011121105134
1532011121605370
1532011122105133
1532011122605536
1532011123105219
1532011123605519
1532011124105385
1532011124605775
1532011125106013
1532011125606081
1532011126106380
1532011126606620
1532011127106421
1532011127608383
1532011128106645
1532011128606750
1532011129107290
1532011129606839
1532011130106972
1532011130607161
1532011131107041
1532011131607302
1532011132107141
1532011132607155
1532011133107902
1532011133607550
1532011134107663
1532011134607629
1532011135108099
1532011135607749
1532011136107948
1532011136608167
1532011137108361
1532011137608260
1532011138108790
1532011138608433
1532011139108646
1532011139608667
1532011140109050
1532011140608791
1532011141109661
1532011141608938
1532011142109250
1532011142609061
1532011143109383
1532011143609730
1532011144109740
1532011144609807
1532011145110674
1532011145609878
1532011146109993
1532011146610058
1532011147110158
1532011147610190
1532011148110593
1532011148610172
1532011149110857
1532011149610292
1532011150110822
1532011150610546
1532011151111045
1532011151610700
1532011152111359
1532011152611077
1532011153111608
1532011153611739
1532011154112370
1532011154611870
1532011155111982
1532011155612317
1532011156112672
1532011156612354
1532011157112237
1532011157612360
1532011158112587
1532011158612825
1532011159112593
1532011159612943
1532011160112844
1532011160613232
1532011161113003
1532011161613300
1532011162124551
