1531849756086177
1531849756586254
1531849757086326
1531849757586408
1531849758086485
1531849758586565
1531849759086638
1531849759586715
1531849760086788
1531849760586864
1531849761086934
1531849761587004
1531849762087076
1531849762587151
1531849763087230
1531849763587306
1531849764087377
1531849764587452
1531849765087531
1531849765587605
1531849766087677
1531849766587755
1531849767087829
1531849767587902
1531849768087975
1531849768588049
1531849769088133
1531849769588206
1531849770088279
1531849770588351
1531849771088426
1531849771588503
1531849772088577
1531849772588666
1531849773088742
1531849773588832
1531849774088926
1531849774589007
1531849775089085
1531849775589163
1531849776089253
1531849776589329
1531849777089401
1531849777589518
1531849778089592
1531849778589666
1531849779089743
1531849779589813
1531849780089886
1531849780589954
1531849781090027
1531849781590104
1531849782090183
1531849782590265
1531849783090341
1531849783590416
1531849784090485
1531849784590555
1531849785090629
1531849785590702
1531849786090785
1531849786590863
1531849787090936
1531849787591023
1531849788091135
1531849788591205
1531849789091278
1531849789591352
1531849790091423
1531849790591500
1531849791091737
1531849791591820
1531849792091900
1531849792591981
1531849793092058
1531849793592131
1531849794092212
1531849794592288
1531849795092367
1531849795592442
1531849796092514
1531849796592588
1531849797092690
1531849797592766
1531849798092852
1531849798592929
1531849799093013
1531849799593091
1531849800093179
1531849800593256
1531849801093340
1531849801593451
1531849802093527
1531849802593606
1531849803093683
1531849803593769
1531849804093842
1531849804593923
1531849805093999
1531849805594075
1531849806094185
1531849806594266
1531849807094343
1531849807594422
1531849808094492
1531849808594578
1531849809094658
1531849809594736
1531849810094820
1531849810594902
1531849811095018
1531849811595101
1531849812095179
1531849812595254
1531849813095325
1531849813595400
1531849814095488
1531849814595565
1531849815095642
1531849815595727
1531849816095810
1531849816595891
1531849817095970
1531849817596043
1531849818096130
1531849818596207
1531849819096337
1531849819596423
1531849820096517
1531849820596593
1531849821096669
1531849821596743
1531849822096833
1531849822596910
1531849823096993
1531849823597070
1531849824097193
1531849824597272
1531849825097376
1531849825597456
1531849826097587
1531849826597663
1531849827097737
1531849827597824
1531849828097906
1531849828597991
1531849829098065
1531849829598141
1531849830098218
1531849830598289
1531849831098390
1531849831598468
1531849832098552
1531849832598646
1531849833098721
1531849833598804
1531849834098879
1531849834598967
1531849835099045
1531849835599130
1531849836099205
1531849836599297
1531849837099374
1531849837599448
1531849838099522
1531849838599596
1531849839099673
1531849839599744
1531849840099829
1531849840599902
1531849841099993
1531849841600072
1531849842100153
1531849842600237
1531849843100321
1531849843600396
1531849844100474
1531849844600551
1531849845100628
1531849845600704
1531849846100782
1531849846600841
1531849847100920
1531849847600995
1531849848101077
1531849848601161
1531849849101237
1531849849601313
1531849850101394
1531849850601467
1531849851101550
1531849851601622
1531849852101706
1531849852601779
1531849853101857
1531849853601938
1531849854102025
1531849854602097
