1531849755586625
1531849755586663
1531849755586676
1531849755586684
1531849756086600
1531849756086619
1531849756086626
1531849756086635
1531849756586731
1531849756586746
1531849756586753
1531849756586764
1531849757086741
1531849757086761
1531849757086774
1531849757086784
1531849757586766
1531849757586787
1531849757586794
1531849757586803
1531849758086892
1531849758086908
1531849758086914
1531849758086927
1531849758587009
1531849758587026
1531849758587041
1531849758587050
1531849759087021
1531849759087042
1531849759087049
1531849759087057
1531849759587075
1531849759587091
1531849759587097
1531849759587112
1531849760087125
1531849760087141
1531849760087156
1531849760087163
1531849760587179
1531849760587201
1531849760587207
1531849760587217
1531849761087203
1531849761087220
1531849761087226
1531849761087241
1531849761587326
1531849761587343
1531849761587357
1531849761587367
1531849762087420
1531849762087441
1531849762087448
1531849762087458
1531849762587481
1531849762587497
1531849762587506
1531849762587521
1531849763087725
1531849763087748
1531849763087764
1531849763087773
1531849763587710
1531849763587730
1531849763587737
1531849763587749
1531849764087782
1531849764087800
1531849764087806
1531849764087814
1531849764587789
1531849764587808
1531849764587814
1531849764587821
1531849765087878
1531849765087895
1531849765087903
1531849765087912
1531849765587962
1531849765587978
1531849765587984
1531849765587992
1531849766088039
1531849766088057
1531849766088067
1531849766088075
1531849766588063
1531849766588080
1531849766588086
1531849766588094
1531849767088174
1531849767088192
1531849767088198
1531849767088207
1531849767588276
1531849767588291
1531849767588297
1531849767588305
1531849768088312
1531849768088329
1531849768088335
1531849768088343
1531849768588398
1531849768588413
1531849768588419
1531849768588427
1531849769088532
1531849769088549
1531849769088557
1531849769088565
1531849769588520
1531849769588544
1531849769588552
1531849769588560
1531849770088601
1531849770088616
1531849770088622
1531849770088630
1531849770588701
1531849770588717
1531849770588726
1531849770588734
1531849771088744
1531849771088763
1531849771088770
1531849771088779
1531849771588841
1531849771588857
1531849771588864
1531849771588872
1531849772088962
1531849772088983
1531849772088990
1531849772088998
1531849772589020
1531849772589038
1531849772589044
1531849772589053
1531849773089041
1531849773089057
1531849773089065
1531849773089073
1531849773589241
1531849773589255
1531849773589262
1531849773589275
1531849774089354
1531849774089372
1531849774089381
1531849774089390
1531849774589401
1531849774589423
1531849774589430
1531849774589439
1531849775089450
1531849775089471
1531849775089479
1531849775089491
1531849775589587
1531849775589607
1531849775589616
1531849775589626
1531849776089655
1531849776089676
1531849776089686
1531849776089696
1531849776589641
1531849776589658
1531849776589665
1531849776589673
1531849777089708
1531849777089726
1531849777089734
1531849777089742
1531849777589894
1531849777589910
1531849777589918
1531849777589927
1531849778089949
1531849778089963
1531849778089970
1531849778089980
1531849778589989
1531849778590004
1531849778590011
1531849778590019
1531849779090080
1531849779090096
1531849779090103
1531849779090111
1531849779590155
1531849779590171
1531849779590179
1531849779590187
1531849780090196
1531849780090211
1531849780090218
1531849780090226
1531849780590228
1531849780590245
1531849780590252
1531849780590261
1531849781090451
1531849781090466
1531849781090473
1531849781090481
1531849781590480
1531849781590499
1531849781590507
1531849781590515
1531849782090602
1531849782090619
1531849782090630
1531849782090639
1531849782590593
1531849782590611
1531849782590618
1531849782590626
1531849783090644
1531849783090659
1531849783090667
1531849783090675
1531849783590782
1531849783590795
1531849783590802
1531849783590811
1531849784090805
1531849784090821
1531849784090829
1531849784090838
1531849784590875
1531849784590892
1531849784590899
1531849784590907
1531849785091047
1531849785091063
1531849785091071
1531849785091080
1531849785591023
1531849785591044
1531849785591051
1531849785591059
1531849786091140
1531849786091154
1531849786091160
1531849786091174
1531849786591210
1531849786591226
1531849786591237
1531849786591250
1531849787091327
1531849787091350
1531849787091356
1531849787091369
1531849787591438
1531849787591453
1531849787591460
1531849787591468
1531849788091935
1531849788091954
1531849788091961
1531849788091969
1531849788591541
1531849788591560
1531849788591568
1531849788591576
1531849789091654
1531849789091667
1531849789091674
1531849789091682
1531849789591683
1531849789591700
1531849789591707
1531849789591716
1531849790091789
1531849790091806
1531849790091812
1531849790091820
1531849790591913
1531849790591934
1531849790591942
1531849790591953
1531849791093433
1531849791093474
1531849791093493
1531849791093506
1531849791592222
1531849791592243
1531849791592250
1531849791592257
1531849791592288
1531849792092296
1531849792092317
1531849792092324
1531849792092333
1531849792592429
1531849792592445
1531849792592452
1531849792592461
1531849793092425
1531849793092441
1531849793092448
1531849793092456
1531849793592524
1531849793592544
1531849793592551
1531849793592560
1531849794092560
1531849794092579
1531849794092586
1531849794092595
1531849794592742
1531849794592759
1531849794592767
1531849794592841
1531849794592855
1531849795092785
1531849795092803
1531849795092815
1531849795092825
1531849795592852
1531849795592869
1531849795592876
1531849795592884
1531849796092912
1531849796092929
1531849796092937
1531849796092945
1531849796593004
1531849796593022
1531849796593029
1531849796593038
1531849797093167
1531849797093186
1531849797093195
1531849797093205
1531849797593169
1531849797593186
1531849797593193
1531849797593203
1531849798093308
1531849798093324
1531849798093331
1531849798093341
1531849798593332
1531849798593348
1531849798593356
1531849798593365
1531849799093597
1531849799093615
1531849799093625
1531849799093634
1531849799593567
1531849799593590
1531849799593601
1531849799593611
1531849800093607
1531849800093627
1531849800093637
1531849800093647
1531849800593707
1531849800593724
1531849800593732
1531849800593742
1531849801093758
1531849801093775
1531849801093783
1531849801093792
1531849801593901
1531849801593923
1531849801593932
1531849801593942
1531849802094031
1531849802094057
1531849802094069
1531849802094083
1531849802593982
1531849802593999
1531849802594006
1531849802594017
1531849803094087
1531849803094107
1531849803094115
1531849803094124
1531849803594173
1531849803594193
1531849803594201
1531849803594212
1531849804094249
1531849804094268
1531849804094276
1531849804094286
1531849804594360
1531849804594381
1531849804594390
1531849804594400
1531849805094416
1531849805094432
1531849805094440
1531849805094451
1531849805594528
1531849805594546
1531849805594556
1531849805594567
1531849806094596
1531849806094614
1531849806094626
1531849806094636
1531849806594712
1531849806594736
1531849806594744
1531849806594756
1531849807094739
1531849807094761
1531849807094770
1531849807094780
1531849807594849
1531849807594867
1531849807594875
1531849807594886
1531849808094942
1531849808094965
1531849808094973
1531849808094982
1531849808595070
1531849808595090
1531849808595100
1531849808595110
1531849809095035
1531849809095053
1531849809095061
1531849809095071
1531849809595182
1531849809595201
1531849809595210
1531849809595219
1531849810095255
1531849810095274
1531849810095282
1531849810095295
1531849810595318
1531849810595335
1531849810595343
1531849810595353
1531849811095433
1531849811095452
1531849811095461
1531849811095470
1531849811595483
1531849811595507
1531849811595515
1531849811595524
1531849812095660
1531849812095684
1531849812095697
1531849812095707
1531849812595624
1531849812595645
1531849812595654
1531849812595663
1531849813095765
1531849813095784
1531849813095792
1531849813095801
1531849813595751
1531849813595772
1531849813595781
1531849813595791
1531849814095942
1531849814095959
1531849814096000
1531849814096013
1531849814596013
1531849814596031
1531849814596040
1531849814596051
1531849815096124
1531849815096148
1531849815096160
1531849815096170
1531849815596173
1531849815596193
1531849815596201
1531849815596210
1531849816096325
1531849816096348
1531849816096357
1531849816096367
1531849816596354
1531849816596373
1531849816596383
1531849816596394
1531849817096411
1531849817096439
1531849817096448
1531849817096457
1531849817596452
1531849817596470
1531849817596478
1531849817596487
1531849818096564
1531849818096582
1531849818096589
1531849818096603
1531849818596664
1531849818596681
1531849818596689
1531849818596699
1531849819097000
1531849819097018
1531849819097026
1531849819097035
1531849819596804
1531849819596825
1531849819596840
1531849819596850
1531849820097142
1531849820097158
1531849820097168
1531849820097178
1531849820596973
1531849820596992
1531849820597001
1531849820597010
1531849821097071
1531849821097088
1531849821097096
1531849821097105
1531849821597146
1531849821597161
1531849821597168
1531849821597177
1531849822097350
1531849822097367
1531849822097376
1531849822097386
1531849822597312
1531849822597329
1531849822597336
1531849822597346
1531849823097737
1531849823097755
1531849823097765
1531849823097775
1531849823597450
1531849823597467
1531849823597475
1531849823597484
1531849824097956
1531849824097973
1531849824097981
1531849824097991
1531849824597703
1531849824597721
1531849824597732
1531849824597742
1531849825098030
1531849825098050
1531849825098058
1531849825098067
1531849825597906
1531849825597926
1531849825597934
1531849825597944
1531849826098047
1531849826098069
1531849826098079
1531849826098089
1531849826598024
1531849826598045
1531849826598052
1531849826598065
1531849827098203
1531849827098231
1531849827098244
1531849827098254
1531849827598190
1531849827598208
1531849827598216
1531849827598225
1531849828098338
1531849828098352
1531849828098360
1531849828098369
1531849828598476
1531849828598493
1531849828598500
1531849828598510
1531849829098529
1531849829098550
1531849829098558
1531849829098567
1531849829598522
1531849829598541
1531849829598548
1531849829598557
1531849830098637
1531849830098664
1531849830098672
1531849830098687
1531849830598733
1531849830598754
1531849830598763
1531849830598776
1531849831098825
1531849831098845
1531849831098853
1531849831098863
1531849831598944
1531849831598961
1531849831598969
1531849831598978
1531849832098971
1531849832098991
1531849832099000
1531849832099011
1531849832599054
1531849832599073
1531849832599080
1531849832599090
1531849833099124
1531849833099142
1531849833099155
1531849833099165
1531849833599241
1531849833599261
1531849833599269
1531849833599279
1531849834099331
1531849834099356
1531849834099364
1531849834099374
1531849834599453
1531849834599470
1531849834599478
1531849834599487
1531849835099522
1531849835099540
1531849835099553
1531849835099562
1531849835599559
1531849835599577
1531849835599588
1531849835599598
1531849836099647
1531849836099662
1531849836099670
1531849836099679
1531849836599687
1531849836599706
1531849836599716
1531849836599726
1531849837099744
1531849837099760
1531849837099768
1531849837099777
1531849837599808
1531849837599826
1531849837599834
1531849837599843
1531849838099896
1531849838099915
1531849838099924
1531849838099933
1531849838599951
1531849838599969
1531849838599977
1531849838599986
1531849839100075
1531849839100093
1531849839100102
1531849839100111
1531849839600079
1531849839600096
1531849839600104
1531849839600113
1531849840100235
1531849840100255
1531849840100263
1531849840100273
1531849840600332
1531849840600352
1531849840600361
1531849840600371
1531849841100413
1531849841100439
1531849841100451
1531849841100461
1531849841600565
1531849841600583
1531849841600591
1531849841600604
1531849842100643
1531849842100666
1531849842100674
1531849842100684
1531849842600614
1531849842600634
1531849842600644
1531849842600654
1531849843100722
1531849843100745
1531849843100754
1531849843100764
1531849843600759
1531849843600775
1531849843600783
1531849843600792
1531849844101048
1531849844101064
1531849844101072
1531849844101087
1531849844601084
1531849844601105
1531849844601114
1531849844601124
1531849845101033
1531849845101055
1531849845101068
1531849845101078
1531849845601138
1531849845601165
1531849845601173
1531849845601182
1531849846101185
1531849846101201
1531849846101208
1531849846101217
1531849846601383
1531849846601398
1531849846601405
1531849846601414
1531849847101420
1531849847101438
1531849847101446
1531849847101456
1531849847601425
1531849847601443
1531849847601455
1531849847601466
1531849848101504
1531849848101523
1531849848101531
1531849848101540
1531849848601569
1531849848601586
1531849848601593
1531849848601602
1531849849101605
1531849849101631
1531849849101640
1531849849101649
1531849849601728
1531849849601750
1531849849601760
1531849849601780
1531849850101844
1531849850101865
1531849850101874
1531849850101891
1531849850601826
1531849850601847
1531849850601855
1531849850601864
1531849851101954
1531849851101971
1531849851101979
1531849851101987
1531849851602040
1531849851602057
1531849851602064
1531849851602073
1531849852102069
1531849852102087
1531849852102095
1531849852102103
1531849852602163
1531849852602180
1531849852602187
1531849852602200
1531849853102289
1531849853102305
1531849853102312
1531849853102321
1531849853602375
1531849853602392
1531849853602404
1531849853602413
1531849854102424
1531849854102442
1531849854102449
1531849854102457
1531849854602486
1531849854602501
1531849854602509
1531849854602518
1531849855117234
1531849855117260
1531849855117271
1531849855117282
