1531849756087319
1531849756587627
1531849757087438
1531849757587480
1531849758087804
1531849758587864
1531849759087665
1531849759587970
1531849760088027
1531849760588082
1531849761088138
1531849761588197
1531849762088269
1531849762588542
1531849763088609
1531849763588404
1531849764088735
1531849764588505
1531849765088838
1531849765588904
1531849766088691
1531849766588740
1531849767089068
1531849767589134
1531849768088925
1531849768589507
1531849769089514
1531849769589307
1531849770089371
1531849770589683
1531849771089481
1531849771589791
1531849772089865
1531849772589911
1531849773089711
1531849773590029
1531849774090325
1531849774590439
1531849775090173
1531849775590486
1531849776090557
1531849776590336
1531849777090639
1531849777590717
1531849778090808
1531849778590589
1531849779091121
1531849779591181
1531849780090975
1531849780591077
1531849781091343
1531849781591154
1531849782091465
1531849782591266
1531849783091319
1531849783591636
1531849784091436
1531849784591738
1531849785091813
1531849785591626
1531849786092149
1531849786592205
1531849787092279
1531849787592323
1531849788093072
1531849788592174
1531849789092509
1531849789592299
1531849790092841
1531849790592914
1531849791094409
1531849791593037
1531849792093339
1531849792593424
1531849793093187
1531849793593514
1531849794093300
1531849794593636
1531849795093424
1531849795593736
1531849796093796
1531849796593868
1531849797094142
1531849797593952
1531849798094263
1531849798594069
1531849799094421
1531849799594181
1531849800094240
1531849800594790
1531849801094576
1531849801594896
1531849802094961
1531849802594748
1531849803095068
1531849803595125
1531849804094939
1531849804595256
1531849805095301
1531849805595592
1531849806095649
1531849806595702
1531849807095495
1531849807595828
1531849808095885
1531849808595945
1531849809095735
1531849809596061
1531849810096119
1531849810596394
1531849811096457
1531849811596255
1531849812096577
1531849812596357
1531849813096694
1531849813596488
1531849814096867
1531849814596840
1531849815097209
1531849815597205
1531849816097304
1531849816597103
1531849817097435
1531849817597166
1531849818097520
1531849818597541
1531849819097855
1531849819597409
1531849820097973
1531849820597762
1531849821098093
1531849821597861
1531849822098194
1531849822597992
1531849823098534
1531849823598117
1531849824098668
1531849824598440
1531849825098813
1531849825598587
1531849826098895
1531849826598700
1531849827099023
1531849827598803
1531849828099341
1531849828599412
1531849829099478
1531849829599253
1531849830099592
1531849830599642
1531849831099713
1531849831599988
1531849832100036
1531849832599844
1531849833100152
1531849833600222
1531849834100276
1531849834600338
1531849835100409
1531849835600180
1531849836100732
1531849836600312
1531849837100344
1531849837600902
1531849838100960
1531849838601012
1531849839101072
1531849839600869
1531849840101178
1531849840601245
1531849841101332
1531849841601597
1531849842101651
1531849842601226
1531849843101773
1531849843601810
1531849844101894
1531849844602182
1531849845101745
1531849845602057
1531849846101866
1531849846602185
1531849847102209
1531849847602264
1531849848102572
1531849848602626
1531849849102429
1531849849602864
1531849850102803
1531849850602592
1531849851102909
1531849851602968
1531849852102764
1531849852603079
1531849853103385
1531849853603431
1531849854103482
1531849854603539
