1532000697383161
1532000697883238
1532000698383323
1532000698883401
1532000699383473
1532000699883554
1532000700383642
1532000700883764
1532000701383851
1532000701883939
1532000702384064
1532000702884166
1532000703384258
1532000703884335
1532000704384519
1532000704884608
1532000705384691
1532000705884727
1532000706384840
1532000706884963
1532000707385047
1532000707885119
1532000708385202
1532000708885312
1532000709385389
1532000709885487
1532000710385559
1532000710885652
1532000711385745
1532000711885831
1532000712385929
1532000712886045
1532000713386121
1532000713886243
1532000714386330
1532000714886425
1532000715386517
1532000715886630
1532000716386908
1532000716886990
1532000717387221
1532000717887328
1532000718387425
1532000718887499
1532000719387604
1532000719887683
1532000720387757
1532000720887852
1532000721387939
1532000721888034
1532000722388131
1532000722888266
1532000723388353
1532000723888444
1532000724388555
1532000724888630
1532000725388730
1532000725888863
1532000726388937
1532000726889036
1532000727389699
1532000727889790
1532000728389946
1532000728890075
1532000729390196
1532000729890289
1532000730390501
1532000730890593
1532000731390704
1532000731890795
1532000732390886
1532000732890962
1532000733391044
1532000733891152
1532000734391243
1532000734891337
1532000735391423
1532000735891528
1532000736391665
1532000736891766
1532000737391862
1532000737891970
1532000738392155
1532000738892374
1532000739392449
1532000739892550
1532000740392636
1532000740892846
1532000741392990
1532000741893096
1532000742393188
1532000742893290
1532000743393385
1532000743893485
1532000744393599
1532000744893685
1532000745393791
1532000745893914
1532000746393995
1532000746894537
1532000747394620
1532000747894727
1532000748394835
1532000748894939
1532000749395086
1532000749895161
1532000750395268
1532000750895409
1532000751395499
1532000751895927
1532000752396034
1532000752896123
1532000753396208
1532000753896288
1532000754396367
1532000754896777
1532000755396914
1532000755897029
1532000756397261
1532000756897371
1532000757397513
1532000757897613
1532000758397692
1532000758897813
1532000759397952
1532000759898127
1532000760398237
1532000760898321
1532000761398461
1532000761898562
1532000762398760
1532000762898867
1532000763399041
1532000763899133
1532000764399223
1532000764899540
1532000765399637
1532000765899718
1532000766399835
1532000766899914
1532000767400026
1532000767900126
1532000768400222
1532000768900327
1532000769400436
1532000769900524
1532000770400618
1532000770900726
1532000771400850
1532000771900934
1532000772401162
1532000772901251
1532000773401341
1532000773901812
1532000774401940
1532000774902187
1532000775402286
1532000775902422
1532000776402539
1532000776902748
1532000777402909
1532000777903055
1532000778403167
1532000778903298
1532000779403408
1532000779903506
1532000780403621
1532000780903699
1532000781403859
1532000781903962
1532000782404067
1532000782904350
1532000783404890
1532000783905036
1532000784405125
1532000784905203
1532000785405308
1532000785905389
1532000786405476
1532000786905610
1532000787405693
1532000787905775
1532000788405852
1532000788906016
1532000789406104
1532000789906192
1532000790406307
1532000790906414
1532000791406650
1532000791906979
1532000792407130
1532000792907757
1532000793408159
1532000793908274
1532000794408528
1532000794908623
1532000795408727
1532000795908806
1532000796408883
