1532000697384040
1532000697884355
1532000698384151
1532000698884014
1532000699384093
1532000699884144
1532000700384345
1532000700884318
1532000701385187
1532000701884525
1532000702384671
1532000702885080
1532000703385052
1532000703884905
1532000704386432
1532000704885192
1532000705385286
1532000705885289
1532000706386081
1532000706885522
1532000707385573
1532000707885876
1532000708385828
1532000708886081
1532000709385919
1532000709886085
1532000710386090
1532000710886190
1532000711386380
1532000711886624
1532000712386445
1532000712886948
1532000713386725
1532000713887045
1532000714386916
1532000714887005
1532000715387178
1532000715887551
1532000716387570
1532000716887582
1532000717387922
1532000717888604
1532000718388325
1532000718888225
1532000719388106
1532000719888457
1532000720388415
1532000720888414
1532000721388761
1532000721888619
1532000722388657
1532000722888837
1532000723388842
1532000723889112
1532000724389433
1532000724889213
1532000725389505
1532000725889579
1532000726389488
1532000726890767
1532000727390556
1532000727890416
1532000728391063
1532000728891219
1532000729391103
1532000729891096
1532000730392151
1532000730891847
1532000731393265
1532000731891507
1532000732391543
1532000732892541
1532000733391892
1532000733891977
1532000734392338
1532000734892329
1532000735392372
1532000735892414
1532000736392609
1532000736892887
1532000737392649
1532000737892641
1532000738393868
1532000738893303
1532000739393252
1532000739893309
1532000740393399
1532000740893558
1532000741394015
1532000741394390
1532000741893925
1532000742394234
1532000742894578
1532000742895468
1532000743394506
1532000743894310
1532000744394737
1532000744894493
1532000745394777
1532000745895077
1532000746394816
1532000746895558
1532000747395511
1532000747895614
1532000748395810
1532000748895723
1532000749396313
1532000749895938
1532000750397423
1532000750896233
1532000751396733
1532000751897883
1532000752396996
1532000752898286
1532000753396894
1532000753897133
1532000754397072
1532000754898075
1532000755398579
1532000755898678
1532000756648337
1532000756898477
1532000757399013
1532000757900422
1532000758398385
1532000758898751
1532000759398708
1532000759898987
1532000760399079
1532000760899329
1532000761399487
1532000761899385
1532000762399522
1532000762900370
1532000763400080
1532000763900946
1532000764403178
1532000764900203
1532000765400296
1532000765900573
1532000766400890
1532000766902080
1532000767401279
1532000767900949
1532000768400739
1532000768901086
1532000769401323
1532000769901600
1532000770402298
1532000770901773
1532000771401561
1532000771901789
1532000772403806
1532000772902791
1532000773402612
1532000773903589
1532000774402522
1532000774903707
1532000775404398
1532000775906058
1532000776403995
1532000776903921
1532000776904131
1532000777404201
1532000777904289
1532000778403969
1532000778904184
1532000779405382
1532000779904527
1532000780405275
1532000780904212
1532000781405335
1532000781904987
1532000782404949
1532000782905818
1532000783406334
1532000783906046
1532000784405807
1532000784906856
1532000784906921
1532000785406270
1532000785906799
1532000786406258
1532000786906787
1532000787406404
1532000787906603
1532000788407943
1532000788906613
1532000789406809
1532000789907530
1532000790408129
1532000790907114
1532000791407528
1532000791908088
1532000792408408
1532000792908708
1532000793409394
1532000793910408
1532000794409207
1532000794909457
1532000795410626
1532000795909531
1532000796410093
1532000796913398
