1532000697384176
1532000697384197
1532000697384204
1532000697384209
1532000697384220
1532000697384227
1532000697384232
1532000697384239
1532000697384244
1532000697384250
1532000697384267
1532000697384273
1532000697384279
1532000697384288
1532000697384302
1532000697384307
1532000697884399
1532000697884411
1532000697884417
1532000697884423
1532000697884429
1532000697884440
1532000697884445
1532000697884451
1532000697884457
1532000697884463
1532000697884481
1532000697884486
1532000697884492
1532000697884498
1532000697884503
1532000697884509
1532000697884569
1532000698384255
1532000698384271
1532000698384278
1532000698384284
1532000698384290
1532000698384301
1532000698384308
1532000698384313
1532000698384322
1532000698384328
1532000698384334
1532000698384339
1532000698384345
1532000698384350
1532000698384356
1532000698384363
1532000698884066
1532000698884087
1532000698884094
1532000698884101
1532000698884107
1532000698884113
1532000698884119
1532000698884134
1532000698884143
1532000698884149
1532000698884154
1532000698884168
1532000698884174
1532000698884179
1532000698884186
1532000698884191
1532000699384132
1532000699384146
1532000699384153
1532000699384158
1532000699384164
1532000699384170
1532000699384176
1532000699384182
1532000699384188
1532000699384194
1532000699384199
1532000699384206
1532000699384212
1532000699384218
1532000699384223
1532000699384232
1532000699884324
1532000699884342
1532000699884348
1532000699884354
1532000699884364
1532000699884370
1532000699884383
1532000699884389
1532000699884394
1532000699884400
1532000699884405
1532000699884411
1532000699884424
1532000699884429
1532000699884435
1532000699884440
1532000699884531
1532000700384422
1532000700384442
1532000700384448
1532000700384453
1532000700384459
1532000700384465
1532000700384476
1532000700384482
1532000700384488
1532000700384493
1532000700384500
1532000700384506
1532000700384521
1532000700384526
1532000700384535
1532000700384543
1532000700884353
1532000700884368
1532000700884374
1532000700884380
1532000700884385
1532000700884396
1532000700884401
1532000700884407
1532000700884412
1532000700884422
1532000700884428
1532000700884433
1532000700884441
1532000700884447
1532000700884452
1532000700884458
1532000701384540
1532000701385214
1532000701385226
1532000701385232
1532000701385242
1532000701385248
1532000701385254
1532000701385261
1532000701385267
1532000701385283
1532000701385290
1532000701385296
1532000701385302
1532000701385308
1532000701385321
1532000701385327
1532000701385334
1532000701884561
1532000701884574
1532000701884587
1532000701884598
1532000701884604
1532000701884610
1532000701884615
1532000701884628
1532000701884634
1532000701884643
1532000701884649
1532000701884657
1532000701884673
1532000701884678
1532000701884684
1532000701884690
1532000702384698
1532000702384712
1532000702384718
1532000702384728
1532000702384733
1532000702384740
1532000702384747
1532000702384753
1532000702384759
1532000702384773
1532000702384779
1532000702384786
1532000702384792
1532000702384810
1532000702384816
1532000702384822
1532000702885037
1532000702885117
1532000702885125
1532000702885131
1532000702885136
1532000702885142
1532000702885147
1532000702885153
1532000702885159
1532000702885165
1532000702885171
1532000702885176
1532000702885182
1532000702885188
1532000702885194
1532000702885200
1532000702885205
1532000703385097
1532000703385111
1532000703385122
1532000703385128
1532000703385133
1532000703385139
1532000703385147
1532000703385153
1532000703385165
1532000703385171
1532000703385177
1532000703385182
1532000703385188
1532000703385205
1532000703385212
1532000703385218
1532000703884946
1532000703884962
1532000703884968
1532000703884974
1532000703884980
1532000703884986
1532000703884992
1532000703884997
1532000703885003
1532000703885010
1532000703885016
1532000703885022
1532000703885028
1532000703885034
1532000703885039
1532000703885045
1532000704385139
1532000704386481
1532000704386492
1532000704386499
1532000704386505
1532000704386510
1532000704386516
1532000704386522
1532000704386527
1532000704386533
1532000704386538
1532000704386543
1532000704386549
1532000704386563
1532000704386569
1532000704386574
1532000704386586
1532000704885244
1532000704885259
1532000704885269
1532000704885276
1532000704885282
1532000704885288
1532000704885293
1532000704885299
1532000704885304
1532000704885318
1532000704885325
1532000704885331
1532000704885337
1532000704885342
1532000704885357
1532000704885363
1532000705385314
1532000705385333
1532000705385339
1532000705385345
1532000705385350
1532000705385360
1532000705385368
1532000705385374
1532000705385384
1532000705385390
1532000705385403
1532000705385410
1532000705385416
1532000705385426
1532000705385431
1532000705385444
1532000705885397
1532000705885410
1532000705885426
1532000705885432
1532000705885440
1532000705885447
1532000705885459
1532000705885466
1532000705885475
1532000705885481
1532000705885487
1532000705885500
1532000705885507
1532000705885512
1532000705885518
1532000705885523
1532000706385622
1532000706386117
1532000706386130
1532000706386140
1532000706386146
1532000706386152
1532000706386158
1532000706386163
1532000706386169
1532000706386182
1532000706386188
1532000706386194
1532000706386200
1532000706386210
1532000706386225
1532000706386231
1532000706386237
1532000706885622
1532000706885637
1532000706885646
1532000706885652
1532000706885658
1532000706885664
1532000706885670
1532000706885675
1532000706885681
1532000706885688
1532000706885695
1532000706885701
1532000706885707
1532000706885712
1532000706885719
1532000706885725
1532000707385621
1532000707385632
1532000707385639
1532000707385645
1532000707385650
1532000707385656
1532000707385662
1532000707385668
1532000707385674
1532000707385681
1532000707385688
1532000707385694
1532000707385699
1532000707385704
1532000707385710
1532000707385715
1532000707885804
1532000707885917
1532000707885926
1532000707885932
1532000707885937
1532000707885943
1532000707885948
1532000707885954
1532000707885959
1532000707885966
1532000707885971
1532000707885977
1532000707885983
1532000707885988
1532000707885995
1532000707886004
1532000707886010
1532000708385873
1532000708385886
1532000708385893
1532000708385902
1532000708385907
1532000708385915
1532000708385925
1532000708385931
1532000708385936
1532000708385942
1532000708385947
1532000708385953
1532000708385961
1532000708385967
1532000708385973
1532000708385980
1532000708886105
1532000708886117
1532000708886123
1532000708886128
1532000708886134
1532000708886140
1532000708886146
1532000708886153
1532000708886159
1532000708886169
1532000708886174
1532000708886179
1532000708886189
1532000708886195
1532000708886201
1532000708886206
1532000708886212
1532000709385981
1532000709385997
1532000709386004
1532000709386010
1532000709386017
1532000709386023
1532000709386030
1532000709386036
1532000709386042
1532000709386047
1532000709386054
1532000709386059
1532000709386064
1532000709386070
1532000709386076
1532000709386084
1532000709886143
1532000709886156
1532000709886162
1532000709886169
1532000709886175
1532000709886180
1532000709886186
1532000709886193
1532000709886200
1532000709886207
1532000709886213
1532000709886220
1532000709886226
1532000709886231
1532000709886237
1532000709886244
1532000709886281
1532000710386140
1532000710386155
1532000710386163
1532000710386168
1532000710386175
1532000710386181
1532000710386187
1532000710386192
1532000710386199
1532000710386205
1532000710386211
1532000710386216
1532000710386223
1532000710386231
1532000710386237
1532000710386243
1532000710886735
1532000710886748
1532000710886754
1532000710886760
1532000710886766
1532000710886772
1532000710886779
1532000710886790
1532000710886796
1532000710886802
1532000710886808
1532000710886818
1532000710886825
1532000710886831
1532000710886837
1532000710886846
1532000710886852
1532000711386437
1532000711386452
1532000711386459
1532000711386465
1532000711386475
1532000711386483
1532000711386490
1532000711386497
1532000711386504
1532000711386511
1532000711386519
1532000711386526
1532000711386532
1532000711386537
1532000711386543
1532000711386552
1532000711886617
1532000711886653
1532000711886662
1532000711886668
1532000711886675
1532000711886681
1532000711886687
1532000711886693
1532000711886706
1532000711886712
1532000711886722
1532000711886727
1532000711886733
1532000711886739
1532000711886745
1532000711886752
1532000711886757
1532000712386507
1532000712386520
1532000712386526
1532000712386532
1532000712386539
1532000712386545
1532000712386551
1532000712386556
1532000712386563
1532000712386573
1532000712386579
1532000712386586
1532000712386592
1532000712386597
1532000712386603
1532000712386609
1532000712886761
1532000712886998
1532000712887007
1532000712887014
1532000712887021
1532000712887027
1532000712887034
1532000712887040
1532000712887046
1532000712887052
1532000712887058
1532000712887064
1532000712887069
1532000712887075
1532000712887081
1532000712887087
1532000712887092
1532000713386764
1532000713386775
1532000713386781
1532000713386788
1532000713386794
1532000713386800
1532000713386806
1532000713386813
1532000713386820
1532000713386826
1532000713386837
1532000713386844
1532000713386850
1532000713386860
1532000713386867
1532000713386873
1532000713887016
1532000713887083
1532000713887093
1532000713887102
1532000713887108
1532000713887115
1532000713887128
1532000713887134
1532000713887140
1532000713887145
1532000713887152
1532000713887164
1532000713887170
1532000713887175
1532000713887181
1532000713887188
1532000713887193
1532000714386955
1532000714386974
1532000714386981
1532000714386988
1532000714386994
1532000714387000
1532000714387013
1532000714387020
1532000714387026
1532000714387032
1532000714387051
1532000714387058
1532000714387066
1532000714387076
1532000714387082
1532000714387094
1532000714887038
1532000714887050
1532000714887056
1532000714887068
1532000714887081
1532000714887087
1532000714887094
1532000714887110
1532000714887117
1532000714887123
1532000714887129
1532000714887136
1532000714887151
1532000714887157
1532000714887164
1532000714887170
1532000715387209
1532000715387224
1532000715387231
1532000715387237
1532000715387243
1532000715387249
1532000715387255
1532000715387262
1532000715387268
1532000715387274
1532000715387280
1532000715387286
1532000715387292
1532000715387299
1532000715387305
1532000715387311
1532000715887646
1532000715887710
1532000715887725
1532000715887740
1532000715887748
1532000715887758
1532000715887766
1532000715887772
1532000715887779
1532000715887787
1532000715887795
1532000715887802
1532000715887808
1532000715887817
1532000715887825
1532000715887832
1532000715887944
1532000716387592
1532000716387607
1532000716387614
1532000716387621
1532000716387629
1532000716387641
1532000716387647
1532000716387653
1532000716387659
1532000716387665
1532000716387671
1532000716387677
1532000716387684
1532000716387690
1532000716387697
1532000716387703
1532000716887633
1532000716887648
1532000716887655
1532000716887661
1532000716887667
1532000716887674
1532000716887680
1532000716887686
1532000716887692
1532000716887698
1532000716887704
1532000716887711
1532000716887721
1532000716887728
1532000716887733
1532000716887739
1532000717387812
1532000717387964
1532000717387975
1532000717387983
1532000717387990
1532000717387996
1532000717388006
1532000717388013
1532000717388019
1532000717388026
1532000717388032
1532000717388038
1532000717388044
1532000717388050
1532000717388057
1532000717388064
1532000717388070
1532000717888157
1532000717888638
1532000717888651
1532000717888658
1532000717888664
1532000717888674
1532000717888681
1532000717888687
1532000717888702
1532000717888710
1532000717888717
1532000717888724
1532000717888730
1532000717888737
1532000717888743
1532000717888750
1532000717888756
1532000718388454
1532000718388468
1532000718388475
1532000718388481
1532000718388491
1532000718388497
1532000718388503
1532000718388510
1532000718388517
1532000718388523
1532000718388530
1532000718388536
1532000718388542
1532000718388548
1532000718388554
1532000718388561
1532000718888264
1532000718888279
1532000718888286
1532000718888292
1532000718888304
1532000718888310
1532000718888316
1532000718888322
1532000718888328
1532000718888335
1532000718888348
1532000718888355
1532000718888363
1532000718888370
1532000718888384
1532000718888391
1532000719388133
1532000719388147
1532000719388161
1532000719388176
1532000719388183
1532000719388189
1532000719388203
1532000719388208
1532000719388213
1532000719388219
1532000719388224
1532000719388230
1532000719388241
1532000719388247
1532000719388254
1532000719388259
1532000719888363
1532000719888485
1532000719888495
1532000719888502
1532000719888508
1532000719888513
1532000719888519
1532000719888525
1532000719888531
1532000719888536
1532000719888543
1532000719888549
1532000719888555
1532000719888560
1532000719888566
1532000719888571
1532000719888576
1532000720388482
1532000720388496
1532000720388503
1532000720388509
1532000720388514
1532000720388521
1532000720388528
1532000720388534
1532000720388543
1532000720388549
1532000720388555
1532000720388560
1532000720388566
1532000720388572
1532000720388578
1532000720388585
1532000720888442
1532000720888457
1532000720888463
1532000720888468
1532000720888474
1532000720888479
1532000720888484
1532000720888491
1532000720888498
1532000720888504
1532000720888511
1532000720888517
1532000720888527
1532000720888533
1532000720888539
1532000720888545
1532000721388673
1532000721388813
1532000721388826
1532000721388838
1532000721388845
1532000721388851
1532000721388857
1532000721388862
1532000721388868
1532000721388884
1532000721388890
1532000721388896
1532000721388901
1532000721388910
1532000721388924
1532000721388931
1532000721388937
1532000721888676
1532000721888690
1532000721888709
1532000721888717
1532000721888723
1532000721888729
1532000721888744
1532000721888752
1532000721888757
1532000721888763
1532000721888769
1532000721888774
1532000721888786
1532000721888793
1532000721888800
1532000721888806
1532000722388687
1532000722388706
1532000722388717
1532000722388723
1532000722388730
1532000722388736
1532000722388742
1532000722388756
1532000722388761
1532000722388767
1532000722388775
1532000722388781
1532000722388786
1532000722388799
1532000722388805
1532000722388810
1532000722888905
1532000722888919
1532000722888925
1532000722888931
1532000722888936
1532000722888941
1532000722888947
1532000722888952
1532000722888957
1532000722888963
1532000722888969
1532000722888975
1532000722888981
1532000722888987
1532000722888992
1532000722888998
1532000722889042
1532000723388883
1532000723388896
1532000723388902
1532000723388907
1532000723388913
1532000723388919
1532000723388925
1532000723388930
1532000723388937
1532000723388942
1532000723388948
1532000723388954
1532000723388960
1532000723388965
1532000723388970
1532000723388976
1532000723889069
1532000723889167
1532000723889178
1532000723889185
1532000723889193
1532000723889199
1532000723889208
1532000723889214
1532000723889224
1532000723889231
1532000723889241
1532000723889248
1532000723889254
1532000723889263
1532000723889269
1532000723889275
1532000723889281
1532000724389383
1532000724389502
1532000724389513
1532000724389519
1532000724389525
1532000724389536
1532000724389542
1532000724389548
1532000724389554
1532000724389560
1532000724389565
1532000724389578
1532000724389583
1532000724389590
1532000724389595
1532000724389602
1532000724389614
1532000724889259
1532000724889271
1532000724889279
1532000724889285
1532000724889290
1532000724889296
1532000724889302
1532000724889308
1532000724889314
1532000724889320
1532000724889325
1532000724889331
1532000724889337
1532000724889342
1532000724889352
1532000724889358
1532000725389670
1532000725389683
1532000725389689
1532000725389695
1532000725389700
1532000725389706
1532000725389711
1532000725389716
1532000725389722
1532000725389728
1532000725389733
1532000725389738
1532000725389744
1532000725389749
1532000725389755
1532000725389761
1532000725389822
1532000725889778
1532000725889791
1532000725889797
1532000725889806
1532000725889819
1532000725889828
1532000725889834
1532000725889839
1532000725889845
1532000725889857
1532000725889864
1532000725889869
1532000725889878
1532000725889884
1532000725889898
1532000725889905
1532000726389528
1532000726389541
1532000726389546
1532000726389552
1532000726389559
1532000726389566
1532000726389572
1532000726389578
1532000726389585
1532000726389590
1532000726389596
1532000726389602
1532000726389608
1532000726389613
1532000726389627
1532000726389634
1532000726890859
1532000726890874
1532000726890882
1532000726890893
1532000726890900
1532000726890907
1532000726890913
1532000726890920
1532000726890936
1532000726890943
1532000726890952
1532000726890959
1532000726890972
1532000726890984
1532000726890992
1532000726890999
1532000726891013
1532000727390679
1532000727390693
1532000727390700
1532000727390707
1532000727390713
1532000727390720
1532000727390735
1532000727390742
1532000727390749
1532000727390756
1532000727390765
1532000727390772
1532000727390778
1532000727390787
1532000727390794
1532000727390805
1532000727890484
1532000727890501
1532000727890515
1532000727890524
1532000727890532
1532000727890540
1532000727890548
1532000727890555
1532000727890563
1532000727890571
1532000727890579
1532000727890588
1532000727890595
1532000727890603
1532000727890611
1532000727890619
1532000728390718
1532000728391150
1532000728391169
1532000728391177
1532000728391184
1532000728391192
1532000728391199
1532000728391206
1532000728391214
1532000728391221
1532000728391232
1532000728391240
1532000728391246
1532000728391254
1532000728391261
1532000728391268
1532000728391275
1532000728891279
1532000728891303
1532000728891312
1532000728891319
1532000728891332
1532000728891340
1532000728891346
1532000728891354
1532000728891361
1532000728891378
1532000728891385
1532000728891394
1532000728891401
1532000728891415
1532000728891422
1532000728891433
1532000729391244
1532000729391263
1532000729391271
1532000729391278
1532000729391285
1532000729391292
1532000729391300
1532000729391307
1532000729391314
1532000729391323
1532000729391331
1532000729391339
1532000729391347
1532000729391355
1532000729391362
1532000729391369
1532000729891204
1532000729891222
1532000729891232
1532000729891240
1532000729891248
1532000729891256
1532000729891263
1532000729891273
1532000729891281
1532000729891289
1532000729891296
1532000729891308
1532000729891316
1532000729891325
1532000729891333
1532000729891343
1532000730391413
1532000730392179
1532000730392188
1532000730392197
1532000730392205
1532000730392213
1532000730392221
1532000730392230
1532000730392238
1532000730392245
1532000730392258
1532000730392266
1532000730392273
1532000730392281
1532000730392289
1532000730392296
1532000730392303
1532000730891923
1532000730891939
1532000730891946
1532000730891954
1532000730891962
1532000730891971
1532000730891980
1532000730891988
1532000730892004
1532000730892015
1532000730892023
1532000730892033
1532000730892041
1532000730892048
1532000730892057
1532000730892065
1532000731392148
1532000731393308
1532000731393328
1532000731393339
1532000731393347
1532000731393354
1532000731393361
1532000731393368
1532000731393376
1532000731393382
1532000731393391
1532000731393399
1532000731393407
1532000731393414
1532000731393423
1532000731393431
1532000731393439
1532000731891549
1532000731891563
1532000731891576
1532000731891583
1532000731891590
1532000731891603
1532000731891611
1532000731891619
1532000731891627
1532000731891634
1532000731891642
1532000731891650
1532000731891662
1532000731891670
1532000731891678
1532000731891686
1532000732391593
1532000732391610
1532000732391617
1532000732391624
1532000732391632
1532000732391639
1532000732391646
1532000732391653
1532000732391660
1532000732391667
1532000732391674
1532000732391681
1532000732391688
1532000732391696
1532000732391703
1532000732391716
1532000732891828
1532000732892621
1532000732892634
1532000732892643
1532000732892651
1532000732892658
1532000732892665
1532000732892673
1532000732892680
1532000732892688
1532000732892696
1532000732892710
1532000732892724
1532000732892731
1532000732892743
1532000732892751
1532000732892758
1532000733391998
1532000733392015
1532000733392022
1532000733392029
1532000733392036
1532000733392043
1532000733392050
1532000733392058
1532000733392064
1532000733392071
1532000733392078
1532000733392085
1532000733392092
1532000733392099
1532000733392106
1532000733392113
1532000733892045
1532000733892059
1532000733892067
1532000733892074
1532000733892081
1532000733892091
1532000733892098
1532000733892106
1532000733892118
1532000733892126
1532000733892143
1532000733892152
1532000733892163
1532000733892171
1532000733892179
1532000733892187
1532000734392312
1532000734392493
1532000734392506
1532000734392515
1532000734392522
1532000734392528
1532000734392535
1532000734392541
1532000734392548
1532000734392554
1532000734392561
1532000734392567
1532000734392573
1532000734392580
1532000734392586
1532000734392594
1532000734392601
1532000734892461
1532000734892477
1532000734892493
1532000734892500
1532000734892506
1532000734892513
1532000734892519
1532000734892532
1532000734892539
1532000734892545
1532000734892551
1532000734892557
1532000734892574
1532000734892582
1532000734892589
1532000734892596
1532000735392425
1532000735392442
1532000735392455
1532000735392462
1532000735392469
1532000735392475
1532000735392482
1532000735392494
1532000735392501
1532000735392508
1532000735392515
1532000735392522
1532000735392537
1532000735392544
1532000735392551
1532000735392558
1532000735892505
1532000735892521
1532000735892533
1532000735892540
1532000735892547
1532000735892554
1532000735892560
1532000735892575
1532000735892582
1532000735892589
1532000735892596
1532000735892603
1532000735892617
1532000735892625
1532000735892631
1532000735892638
1532000736392715
1532000736392735
1532000736392749
1532000736392757
1532000736392764
1532000736392774
1532000736392789
1532000736392796
1532000736392803
1532000736392810
1532000736392816
1532000736392829
1532000736392835
1532000736392842
1532000736392849
1532000736392856
1532000736392871
1532000736892962
1532000736892979
1532000736892986
1532000736892993
1532000736892999
1532000736893006
1532000736893012
1532000736893019
1532000736893025
1532000736893032
1532000736893038
1532000736893045
1532000736893051
1532000736893058
1532000736893069
1532000736893076
1532000736893144
1532000737392711
1532000737392727
1532000737392734
1532000737392742
1532000737392750
1532000737392757
1532000737392764
1532000737392771
1532000737392778
1532000737392788
1532000737392795
1532000737392802
1532000737392808
1532000737392815
1532000737392821
1532000737392827
1532000737892780
1532000737892797
1532000737892804
1532000737892811
1532000737892817
1532000737892824
1532000737892832
1532000737892839
1532000737892846
1532000737892853
1532000737892860
1532000737892868
1532000737892875
1532000737892882
1532000737892889
1532000737892896
1532000738393031
1532000738393894
1532000738393909
1532000738393917
1532000738393923
1532000738393930
1532000738393937
1532000738393951
1532000738393958
1532000738393965
1532000738393973
1532000738393987
1532000738393994
1532000738394000
1532000738394007
1532000738394014
1532000738394027
1532000738893368
1532000738893385
1532000738893394
1532000738893401
1532000738893411
1532000738893420
1532000738893428
1532000738893435
1532000738893441
1532000738893448
1532000738893455
1532000738893462
1532000738893469
1532000738893476
1532000738893484
1532000738893491
1532000739393295
1532000739393310
1532000739393318
1532000739393325
1532000739393333
1532000739393342
1532000739393354
1532000739393361
1532000739393368
1532000739393375
1532000739393381
1532000739393389
1532000739393396
1532000739393407
1532000739393415
1532000739393422
1532000739893415
1532000739893431
1532000739893443
1532000739893450
1532000739893462
1532000739893479
1532000739893487
1532000739893495
1532000739893502
1532000739893510
1532000739893517
1532000739893524
1532000739893531
1532000739893542
1532000739893550
1532000739893557
1532000740394166
1532000740394185
1532000740394197
1532000740394209
1532000740394216
1532000740394227
1532000740394243
1532000740394250
1532000740394258
1532000740394266
1532000740394279
1532000740394286
1532000740394293
1532000740394300
1532000740394306
1532000740394320
1532000740394328
1532000740893867
1532000740893880
1532000740893887
1532000740893894
1532000740893900
1532000740893908
1532000740893915
1532000740893922
1532000740893935
1532000740893943
1532000740893950
1532000740893958
1532000740893965
1532000740893973
1532000740893981
1532000740893993
1532000741394078
1532000741394097
1532000741394104
1532000741394111
1532000741394117
1532000741394124
1532000741394142
1532000741394149
1532000741394157
1532000741394164
1532000741394171
1532000741394177
1532000741394184
1532000741394191
1532000741394197
1532000741394204
1532000741394408
1532000741893978
1532000741893997
1532000741894004
1532000741894010
1532000741894017
1532000741894023
1532000741894030
1532000741894037
1532000741894044
1532000741894050
1532000741894057
1532000741894063
1532000741894071
1532000741894077
1532000741894084
1532000741894091
1532000742394166
1532000742394287
1532000742394300
1532000742394308
1532000742394319
1532000742394327
1532000742394335
1532000742394341
1532000742394351
1532000742394358
1532000742394365
1532000742394373
1532000742394380
1532000742394386
1532000742394396
1532000742394404
1532000742394411
1532000742895237
1532000742895252
1532000742895261
1532000742895269
1532000742895275
1532000742895282
1532000742895290
1532000742895298
1532000742895306
1532000742895314
1532000742895322
1532000742895328
1532000742895334
1532000742895346
1532000742895353
1532000742895513
1532000742895525
1532000743394535
1532000743394548
1532000743394555
1532000743394561
1532000743394568
1532000743394580
1532000743394586
1532000743394593
1532000743394602
1532000743394611
1532000743394622
1532000743394629
1532000743394637
1532000743394648
1532000743394656
1532000743394663
1532000743894470
1532000743894489
1532000743894496
1532000743894504
1532000743894511
1532000743894522
1532000743894529
1532000743894537
1532000743894544
1532000743894552
1532000743894562
1532000743894569
1532000743894575
1532000743894583
1532000743894590
1532000743894596
1532000744394674
1532000744394811
1532000744394822
1532000744394828
1532000744394835
1532000744394842
1532000744394848
1532000744394854
1532000744394861
1532000744394867
1532000744394874
1532000744394880
1532000744394887
1532000744394893
1532000744394900
1532000744394909
1532000744394916
1532000744894548
1532000744894560
1532000744894567
1532000744894574
1532000744894580
1532000744894586
1532000744894593
1532000744894601
1532000744894608
1532000744894615
1532000744894622
1532000744894628
1532000744894635
1532000744894641
1532000744894648
1532000744894654
1532000745394831
1532000745394853
1532000745394862
1532000745394869
1532000745394876
1532000745394883
1532000745394890
1532000745394897
1532000745394904
1532000745394910
1532000745394917
1532000745394925
1532000745394932
1532000745394939
1532000745394946
1532000745394952
1532000745394959
1532000745895107
1532000745895124
1532000745895136
1532000745895143
1532000745895150
1532000745895157
1532000745895164
1532000745895172
1532000745895178
1532000745895185
1532000745895192
1532000745895199
1532000745895206
1532000745895212
1532000745895219
1532000745895225
1532000745895278
1532000746394899
1532000746394915
1532000746394923
1532000746394929
1532000746394936
1532000746394943
1532000746394954
1532000746394962
1532000746394969
1532000746394977
1532000746394984
1532000746394992
1532000746394998
1532000746395006
1532000746395013
1532000746395021
1532000746895104
1532000746895637
1532000746895650
1532000746895658
1532000746895666
1532000746895673
1532000746895680
1532000746895687
1532000746895693
1532000746895700
1532000746895706
1532000746895713
1532000746895720
1532000746895727
1532000746895733
1532000746895740
1532000746895746
1532000747395576
1532000747395590
1532000747395603
1532000747395611
1532000747395619
1532000747395626
1532000747395633
1532000747395651
1532000747395658
1532000747395665
1532000747395677
1532000747395684
1532000747395691
1532000747395697
1532000747395704
1532000747395712
1532000747895646
1532000747895664
1532000747895673
1532000747895680
1532000747895687
1532000747895694
1532000747895701
1532000747895707
1532000747895715
1532000747895722
1532000747895729
1532000747895736
1532000747895742
1532000747895750
1532000747895756
1532000747895763
1532000748396169
1532000748396186
1532000748396194
1532000748396201
1532000748396214
1532000748396223
1532000748396233
1532000748396240
1532000748396246
1532000748396253
1532000748396259
1532000748396267
1532000748396273
1532000748396280
1532000748396287
1532000748396293
1532000748396309
1532000748896319
1532000748896336
1532000748896344
1532000748896352
1532000748896359
1532000748896366
1532000748896377
1532000748896384
1532000748896391
1532000748896398
1532000748896405
1532000748896417
1532000748896424
1532000748896430
1532000748896437
1532000748896443
1532000748896450
1532000749396396
1532000749396411
1532000749396425
1532000749396432
1532000749396438
1532000749396445
1532000749396452
1532000749396465
1532000749396472
1532000749396479
1532000749396486
1532000749396493
1532000749396507
1532000749396514
1532000749396521
1532000749396533
1532000749896014
1532000749896034
1532000749896043
1532000749896060
1532000749896071
1532000749896079
1532000749896100
1532000749896107
1532000749896114
1532000749896120
1532000749896138
1532000749896146
1532000749896153
1532000749896160
1532000749896166
1532000749896179
1532000750396275
1532000750397511
1532000750397525
1532000750397536
1532000750397543
1532000750397550
1532000750397557
1532000750397564
1532000750397570
1532000750397586
1532000750397593
1532000750397599
1532000750397605
1532000750397619
1532000750397625
1532000750397631
1532000750397640
1532000750896303
1532000750896319
1532000750896332
1532000750896339
1532000750896346
1532000750896352
1532000750896359
1532000750896372
1532000750896383
1532000750896389
1532000750896395
1532000750896401
1532000750896419
1532000750896427
1532000750896434
1532000750896440
1532000751397051
1532000751397066
1532000751397074
1532000751397086
1532000751397094
1532000751397106
1532000751397114
1532000751397127
1532000751397133
1532000751397140
1532000751397147
1532000751397155
1532000751397163
1532000751397171
1532000751397178
1532000751397187
1532000751397194
1532000751897262
1532000751897940
1532000751897951
1532000751897959
1532000751897973
1532000751897986
1532000751897993
1532000751897999
1532000751898013
1532000751898020
1532000751898027
1532000751898033
1532000751898048
1532000751898055
1532000751898062
1532000751898069
1532000751898075
1532000752397091
1532000752397107
1532000752397121
1532000752397128
1532000752397134
1532000752397143
1532000752397150
1532000752397164
1532000752397171
1532000752397177
1532000752397185
1532000752397201
1532000752397208
1532000752397215
1532000752397222
1532000752397229
1532000752897452
1532000752898335
1532000752898353
1532000752898360
1532000752898367
1532000752898377
1532000752898391
1532000752898398
1532000752898405
1532000752898412
1532000752898420
1532000752898435
1532000752898441
1532000752898448
1532000752898455
1532000752898468
1532000752898475
1532000753397011
1532000753397027
1532000753397034
1532000753397041
1532000753397047
1532000753397054
1532000753397060
1532000753397066
1532000753397073
1532000753397079
1532000753397086
1532000753397092
1532000753397099
1532000753397106
1532000753397113
1532000753397121
1532000753897230
1532000753897247
1532000753897259
1532000753897267
1532000753897274
1532000753897281
1532000753897289
1532000753897297
1532000753897304
1532000753897310
1532000753897317
1532000753897323
1532000753897329
1532000753897336
1532000753897342
1532000753897350
1532000753897357
1532000754397198
1532000754397216
1532000754397224
1532000754397233
1532000754397240
1532000754397247
1532000754397259
1532000754397266
1532000754397273
1532000754397280
1532000754397287
1532000754397294
1532000754397300
1532000754397307
1532000754397313
1532000754397320
1532000754897450
1532000754898103
1532000754898116
1532000754898124
1532000754898132
1532000754898139
1532000754898146
1532000754898152
1532000754898159
1532000754898165
1532000754898172
1532000754898180
1532000754898186
1532000754898193
1532000754898200
1532000754898207
1532000754898214
1532000755398324
1532000755398626
1532000755398635
1532000755398642
1532000755398649
1532000755398655
1532000755398663
1532000755398671
1532000755398678
1532000755398685
1532000755398692
1532000755398700
1532000755398708
1532000755398715
1532000755398723
1532000755398732
1532000755398740
1532000755898791
1532000755898808
1532000755898816
1532000755898822
1532000755898829
1532000755898836
1532000755898843
1532000755898850
1532000755898877
1532000755898885
1532000755898893
1532000755898900
1532000755898907
1532000755898915
1532000755898922
1532000755898928
1532000755898935
1532000756399017
1532000756648384
1532000756648400
1532000756648407
1532000756648414
1532000756648421
1532000756648428
1532000756648435
1532000756648442
1532000756648449
1532000756648457
1532000756648465
1532000756648472
1532000756648479
1532000756648487
1532000756648496
1532000756648504
1532000756898555
1532000756898569
1532000756898576
1532000756898583
1532000756898589
1532000756898599
1532000756898606
1532000756898613
1532000756898623
1532000756898630
1532000756898636
1532000756898643
1532000756898649
1532000756898656
1532000756898662
1532000756898668
1532000757398737
1532000757399077
1532000757399090
1532000757399097
1532000757399108
1532000757399115
1532000757399124
1532000757399132
1532000757399139
1532000757399145
1532000757399152
1532000757399159
1532000757399166
1532000757399173
1532000757399179
1532000757399185
1532000757399192
1532000757899376
1532000757900504
1532000757900521
1532000757900529
1532000757900536
1532000757900543
1532000757900551
1532000757900559
1532000757900567
1532000757900575
1532000757900584
1532000757900591
1532000757900599
1532000757900607
1532000757900615
1532000757900622
1532000757900630
1532000758398434
1532000758398450
1532000758398458
1532000758398466
1532000758398475
1532000758398484
1532000758398492
1532000758398500
1532000758398506
1532000758398515
1532000758398524
1532000758398532
1532000758398539
1532000758398547
1532000758398554
1532000758398563
1532000758898816
1532000758899851
1532000758899860
1532000758899868
1532000758899876
1532000758899885
1532000758899894
1532000758899902
1532000758899910
1532000758899917
1532000758899925
1532000758899932
1532000758899940
1532000758899947
1532000758899954
1532000758899961
1532000758899969
1532000759398835
1532000759398853
1532000759398862
1532000759398869
1532000759398879
1532000759398887
1532000759398894
1532000759398902
1532000759398908
1532000759398917
1532000759398925
1532000759398932
1532000759398940
1532000759398950
1532000759398957
1532000759398965
1532000759899073
1532000759899086
1532000759899093
1532000759899100
1532000759899108
1532000759899115
1532000759899122
1532000759899129
1532000759899137
1532000759899144
1532000759899151
1532000759899158
1532000759899166
1532000759899177
1532000759899184
1532000759899193
1532000759899243
1532000760399197
1532000760399216
1532000760399224
1532000760399240
1532000760399252
1532000760399259
1532000760399266
1532000760399283
1532000760399291
1532000760399298
1532000760399306
1532000760399320
1532000760399328
1532000760399336
1532000760399344
1532000760399351
1532000760899394
1532000760899410
1532000760899422
1532000760899431
1532000760899439
1532000760899446
1532000760899468
1532000760899475
1532000760899483
1532000760899490
1532000760899504
1532000760899511
1532000760899522
1532000760899529
1532000760899543
1532000760899549
1532000760899557
1532000761399824
1532000761399838
1532000761399846
1532000761399853
1532000761399865
1532000761399874
1532000761399882
1532000761399892
1532000761399900
1532000761399910
1532000761399918
1532000761399925
1532000761399932
1532000761399940
1532000761399947
1532000761399957
1532000761399965
1532000761899465
1532000761899481
1532000761899494
1532000761899502
1532000761899510
1532000761899518
1532000761899526
1532000761899534
1532000761899542
1532000761899549
1532000761899557
1532000761899564
1532000761899571
1532000761899578
1532000761899585
1532000761899592
1532000762399553
1532000762399568
1532000762399577
1532000762399585
1532000762399593
1532000762399601
1532000762399609
1532000762399618
1532000762399625
1532000762399635
1532000762399643
1532000762399651
1532000762399659
1532000762399667
1532000762399674
1532000762399681
1532000762900246
1532000762900412
1532000762900428
1532000762900435
1532000762900443
1532000762900450
1532000762900457
1532000762900471
1532000762900478
1532000762900485
1532000762900493
1532000762900507
1532000762900514
1532000762900520
1532000762900527
1532000762900534
1532000762900548
1532000763400190
1532000763400204
1532000763400211
1532000763400218
1532000763400225
1532000763400232
1532000763400240
1532000763400247
1532000763400254
1532000763400264
1532000763400271
1532000763400282
1532000763400290
1532000763400296
1532000763400306
1532000763400312
1532000763900514
1532000763901073
1532000763901085
1532000763901096
1532000763901103
1532000763901110
1532000763901117
1532000763901124
1532000763901131
1532000763901145
1532000763901152
1532000763901159
1532000763901166
1532000763901181
1532000763901188
1532000763901195
1532000763901203
1532000764401296
1532000764403243
1532000764403257
1532000764403269
1532000764403277
1532000764403284
1532000764403291
1532000764403299
1532000764403314
1532000764403322
1532000764403330
1532000764403336
1532000764403351
1532000764403359
1532000764403366
1532000764403373
1532000764403380
1532000764900269
1532000764900284
1532000764900296
1532000764900304
1532000764900310
1532000764900317
1532000764900324
1532000764900330
1532000764900336
1532000764900346
1532000764900355
1532000764900362
1532000764900370
1532000764900378
1532000764900387
1532000764900394
1532000765400351
1532000765400364
1532000765400371
1532000765400377
1532000765400384
1532000765400390
1532000765400398
1532000765400405
1532000765400413
1532000765400419
1532000765400426
1532000765400433
1532000765400440
1532000765400447
1532000765400454
1532000765400461
1532000765900635
1532000765900650
1532000765900658
1532000765900665
1532000765900672
1532000765900678
1532000765900685
1532000765900695
1532000765900709
1532000765900722
1532000765900729
1532000765900737
1532000765900745
1532000765900752
1532000765900759
1532000765900766
1532000765900774
1532000766400949
1532000766400969
1532000766400979
1532000766400987
1532000766400994
1532000766401002
1532000766401009
1532000766401017
1532000766401028
1532000766401035
1532000766401043
1532000766401051
1532000766401059
1532000766401066
1532000766401073
1532000766401083
1532000766401093
1532000766901392
1532000766902110
1532000766902123
1532000766902130
1532000766902136
1532000766902143
1532000766902150
1532000766902156
1532000766902165
1532000766902172
1532000766902179
1532000766902186
1532000766902192
1532000766902198
1532000766902206
1532000766902213
1532000766902220
1532000767401373
1532000767401389
1532000767401400
1532000767401407
1532000767401414
1532000767401421
1532000767401430
1532000767401438
1532000767401446
1532000767401453
1532000767401460
1532000767401467
1532000767401474
1532000767401483
1532000767401493
1532000767401500
1532000767900987
1532000767901004
1532000767901010
1532000767901017
1532000767901024
1532000767901030
1532000767901037
1532000767901044
1532000767901051
1532000767901058
1532000767901064
1532000767901080
1532000767901087
1532000767901095
1532000767901102
1532000767901109
1532000768400774
1532000768400790
1532000768400798
1532000768400805
1532000768400812
1532000768400820
1532000768400827
1532000768400833
1532000768400840
1532000768400847
1532000768400855
1532000768400862
1532000768400870
1532000768400878
1532000768400885
1532000768400898
1532000768900980
1532000768903953
1532000768903968
1532000768903975
1532000768903982
1532000768903988
1532000768903996
1532000768904002
1532000768904009
1532000768904016
1532000768904023
1532000768904030
1532000768904037
1532000768904044
1532000768904051
1532000768904060
1532000768904068
1532000769401376
1532000769401392
1532000769401400
1532000769401407
1532000769401414
1532000769401420
1532000769401427
1532000769401434
1532000769401441
1532000769401448
1532000769401455
1532000769401462
1532000769401469
1532000769401476
1532000769401482
1532000769401489
1532000769901611
1532000769901633
1532000769901642
1532000769901653
1532000769901661
1532000769901668
1532000769901679
1532000769901689
1532000769901697
1532000769901705
1532000769901712
1532000769901719
1532000769901726
1532000769901733
1532000769901739
1532000769901753
1532000769901937
1532000770402041
1532000770402358
1532000770402371
1532000770402379
1532000770402386
1532000770402394
1532000770402402
1532000770402409
1532000770402417
1532000770402425
1532000770402441
1532000770402448
1532000770402456
1532000770402465
1532000770402473
1532000770402481
1532000770402489
1532000770901802
1532000770901815
1532000770901822
1532000770901830
1532000770901838
1532000770901845
1532000770901855
1532000770901862
1532000770901870
1532000770901877
1532000770901884
1532000770901891
1532000770901898
1532000770901905
1532000770901912
1532000770901918
1532000771401606
1532000771401622
1532000771401632
1532000771401638
1532000771401645
1532000771401653
1532000771401662
1532000771401671
1532000771401679
1532000771401690
1532000771401697
1532000771401704
1532000771401712
1532000771401719
1532000771401727
1532000771401734
1532000771901771
1532000771901850
1532000771901864
1532000771901873
1532000771901881
1532000771901887
1532000771901894
1532000771901901
1532000771901907
1532000771901914
1532000771901921
1532000771901936
1532000771901943
1532000771901950
1532000771901958
1532000771901964
1532000771901970
1532000772402616
1532000772403852
1532000772403869
1532000772403876
1532000772403883
1532000772403891
1532000772403905
1532000772403912
1532000772403920
1532000772403928
1532000772403943
1532000772403951
1532000772403959
1532000772403972
1532000772403986
1532000772403993
1532000772404001
1532000772902860
1532000772902881
1532000772902888
1532000772902895
1532000772902901
1532000772902908
1532000772902927
1532000772902935
1532000772902943
1532000772902954
1532000772902971
1532000772902978
1532000772902986
1532000772902994
1532000772903008
1532000772903015
1532000773402715
1532000773402730
1532000773402738
1532000773402745
1532000773402762
1532000773402770
1532000773402777
1532000773402785
1532000773402792
1532000773402799
1532000773402806
1532000773402814
1532000773402830
1532000773402837
1532000773402845
1532000773402853
1532000773903701
1532000773903721
1532000773903729
1532000773903736
1532000773903743
1532000773903751
1532000773903759
1532000773903767
1532000773903775
1532000773903781
1532000773903789
1532000773903797
1532000773903804
1532000773903811
1532000773903819
1532000773903826
1532000773903834
1532000774402552
1532000774402568
1532000774402577
1532000774402584
1532000774402591
1532000774402598
1532000774402605
1532000774402612
1532000774402619
1532000774402626
1532000774402633
1532000774402642
1532000774402649
1532000774402657
1532000774402664
1532000774402671
1532000774902922
1532000774903760
1532000774903773
1532000774903781
1532000774903788
1532000774903796
1532000774903805
1532000774903813
1532000774903821
1532000774903829
1532000774903837
1532000774903845
1532000774903852
1532000774903860
1532000774903867
1532000774903875
1532000774903883
1532000775404053
1532000775404436
1532000775404450
1532000775404457
1532000775404465
1532000775404473
1532000775404480
1532000775404487
1532000775404494
1532000775404501
1532000775404509
1532000775404516
1532000775404523
1532000775404530
1532000775404544
1532000775404552
1532000775404560
1532000775905843
1532000775906168
1532000775906181
1532000775906189
1532000775906201
1532000775906209
1532000775906217
1532000775906225
1532000775906233
1532000775906241
1532000775906248
1532000775906256
1532000775906263
1532000775906271
1532000775906279
1532000775906286
1532000775906294
1532000776404067
1532000776404084
1532000776404093
1532000776404102
1532000776404115
1532000776404126
1532000776404133
1532000776404140
1532000776404148
1532000776404154
1532000776404162
1532000776404169
1532000776404176
1532000776404183
1532000776404190
1532000776404196
1532000776904037
1532000776904057
1532000776904066
1532000776904074
1532000776904081
1532000776904091
1532000776904099
1532000776904106
1532000776904113
1532000776904121
1532000776904128
1532000776904135
1532000776904143
1532000776904151
1532000776904161
1532000776904170
1532000777404616
1532000777404631
1532000777404639
1532000777404646
1532000777404655
1532000777404664
1532000777404671
1532000777404684
1532000777404691
1532000777404704
1532000777404713
1532000777404721
1532000777404728
1532000777404736
1532000777404744
1532000777404752
1532000777404759
1532000777904351
1532000777904365
1532000777904373
1532000777904391
1532000777904398
1532000777904405
1532000777904417
1532000777904424
1532000777904431
1532000777904438
1532000777904444
1532000777904450
1532000777904459
1532000777904467
1532000777904473
1532000777904480
1532000778404022
1532000778404040
1532000778404049
1532000778404055
1532000778404062
1532000778404068
1532000778404075
1532000778404081
1532000778404088
1532000778404096
1532000778404103
1532000778404110
1532000778404117
1532000778404124
1532000778404132
1532000778404138
1532000778904229
1532000778904245
1532000778904254
1532000778904261
1532000778904268
1532000778904275
1532000778904282
1532000778904289
1532000778904297
1532000778904305
1532000778904312
1532000778904319
1532000778904326
1532000778904332
1532000778904339
1532000778904346
1532000778904412
1532000779405346
1532000779405430
1532000779405452
1532000779405459
1532000779405466
1532000779405473
1532000779405481
1532000779405496
1532000779405503
1532000779405510
1532000779405517
1532000779405524
1532000779405540
1532000779405547
1532000779405554
1532000779405561
1532000779405578
1532000779904623
1532000779904638
1532000779904646
1532000779904654
1532000779904661
1532000779904672
1532000779904679
1532000779904687
1532000779904693
1532000779904707
1532000779904716
1532000779904728
1532000779904735
1532000779904741
1532000779904748
1532000779904754
1532000780405020
1532000780405369
1532000780405379
1532000780405386
1532000780405393
1532000780405401
1532000780405409
1532000780405416
1532000780405423
1532000780405431
1532000780405439
1532000780405450
1532000780405457
1532000780405463
1532000780405471
1532000780405478
1532000780405487
1532000780904938
1532000780904953
1532000780904962
1532000780904969
1532000780904975
1532000780904982
1532000780904989
1532000780904996
1532000780905003
1532000780905010
1532000780905017
1532000780905030
1532000780905043
1532000780905050
1532000780905058
1532000780905065
1532000781405213
1532000781405363
1532000781405374
1532000781405381
1532000781405389
1532000781405396
1532000781405403
1532000781405410
1532000781405418
1532000781405425
1532000781405432
1532000781405442
1532000781405449
1532000781405457
1532000781405464
1532000781405471
1532000781405478
1532000781905016
1532000781905031
1532000781905038
1532000781905045
1532000781905051
1532000781905058
1532000781905065
1532000781905072
1532000781905078
1532000781905085
1532000781905091
1532000781905097
1532000781905103
1532000781905110
1532000781905116
1532000781905123
1532000782405019
1532000782405035
1532000782405044
1532000782405052
1532000782405068
1532000782405075
1532000782405083
1532000782405090
1532000782405097
1532000782405104
1532000782405110
1532000782405117
1532000782405128
1532000782405137
1532000782405144
1532000782405153
1532000782905340
1532000782905900
1532000782905924
1532000782905936
1532000782905948
1532000782905960
1532000782905970
1532000782905981
1532000782905991
1532000782906002
1532000782906012
1532000782906023
1532000782906033
1532000782906042
1532000782906051
1532000782906062
1532000782906073
1532000783406378
1532000783406393
1532000783406400
1532000783406408
1532000783406420
1532000783406427
1532000783406435
1532000783406445
1532000783406454
1532000783406462
1532000783406468
1532000783406475
1532000783406481
1532000783406487
1532000783406493
1532000783406501
1532000783406507
1532000783906078
1532000783906092
1532000783906100
1532000783906107
1532000783906114
1532000783906122
1532000783906129
1532000783906136
1532000783906143
1532000783906150
1532000783906156
1532000783906163
1532000783906169
1532000783906176
1532000783906183
1532000783906189
1532000784405866
1532000784405882
1532000784405889
1532000784405896
1532000784405902
1532000784405909
1532000784405917
1532000784405924
1532000784405931
1532000784405938
1532000784405946
1532000784405954
1532000784405961
1532000784405968
1532000784405974
1532000784405981
1532000784906372
1532000784906974
1532000784906987
1532000784906994
1532000784907001
1532000784907008
1532000784907015
1532000784907022
1532000784907032
1532000784907039
1532000784907048
1532000784907055
1532000784907062
1532000784907069
1532000784907091
1532000784907099
1532000784907105
1532000785406325
1532000785406339
1532000785406346
1532000785406353
1532000785406360
1532000785406367
1532000785406374
1532000785406380
1532000785406387
1532000785406399
1532000785406405
1532000785406412
1532000785406419
1532000785406429
1532000785406436
1532000785406443
1532000785906691
1532000785907068
1532000785907077
1532000785907084
1532000785907092
1532000785907098
1532000785907108
1532000785907114
1532000785907123
1532000785907130
1532000785907137
1532000785907144
1532000785907150
1532000785907156
1532000785907163
1532000785907169
1532000785907176
1532000786406331
1532000786406347
1532000786406354
1532000786406361
1532000786406368
1532000786406375
1532000786406381
1532000786406388
1532000786406394
1532000786406401
1532000786406409
1532000786406417
1532000786406425
1532000786406431
1532000786406440
1532000786406448
1532000786906617
1532000786906816
1532000786906828
1532000786906836
1532000786906844
1532000786906851
1532000786906858
1532000786906865
1532000786906875
1532000786906882
1532000786906890
1532000786906897
1532000786906905
1532000786906912
1532000786906919
1532000786906926
1532000786906934
1532000787406434
1532000787406449
1532000787406461
1532000787406469
1532000787406476
1532000787406483
1532000787406490
1532000787406496
1532000787406504
1532000787406511
1532000787406519
1532000787406526
1532000787406533
1532000787406544
1532000787406553
1532000787406561
1532000787906658
1532000787906677
1532000787906685
1532000787906692
1532000787906707
1532000787906716
1532000787906725
1532000787906731
1532000787906738
1532000787906745
1532000787906752
1532000787906759
1532000787906765
1532000787906772
1532000787906780
1532000787906787
1532000787906796
1532000788407425
1532000788408195
1532000788408209
1532000788408216
1532000788408224
1532000788408232
1532000788408239
1532000788408246
1532000788408257
1532000788408267
1532000788408274
1532000788408280
1532000788408287
1532000788408294
1532000788408300
1532000788408306
1532000788408313
1532000788908543
1532000788912613
1532000788912626
1532000788912633
1532000788912639
1532000788912646
1532000788912652
1532000788912659
1532000788912666
1532000788912674
1532000788912682
1532000788912690
1532000788912697
1532000788912715
1532000788912722
1532000788912729
1532000788912735
1532000789406855
1532000789406870
1532000789406881
1532000789406888
1532000789406895
1532000789406902
1532000789406909
1532000789406917
1532000789406925
1532000789406931
1532000789406937
1532000789406944
1532000789406953
1532000789406960
1532000789406968
1532000789406976
1532000789907049
1532000789907652
1532000789907664
1532000789907671
1532000789907678
1532000789907686
1532000789907694
1532000789907702
1532000789907711
1532000789907719
1532000789907727
1532000789907738
1532000789907746
1532000789907754
1532000789907762
1532000789907770
1532000789907777
1532000790407882
1532000790408175
1532000790408188
1532000790408198
1532000790408206
1532000790408212
1532000790408219
1532000790408226
1532000790408234
1532000790408242
1532000790408255
1532000790408262
1532000790408269
1532000790408280
1532000790408287
1532000790408295
1532000790408305
1532000790907191
1532000790907205
1532000790907212
1532000790907219
1532000790907226
1532000790907232
1532000790907240
1532000790907247
1532000790907261
1532000790907268
1532000790907275
1532000790907281
1532000790907287
1532000790907294
1532000790907301
1532000790907308
1532000791407564
1532000791407585
1532000791407594
1532000791407600
1532000791407607
1532000791407625
1532000791407635
1532000791407641
1532000791407655
1532000791407662
1532000791407668
1532000791407675
1532000791407682
1532000791407695
1532000791407702
1532000791407709
1532000791407716
1532000791907819
1532000791908140
1532000791908154
1532000791908166
1532000791908173
1532000791908180
1532000791908187
1532000791908193
1532000791908208
1532000791908216
1532000791908223
1532000791908229
1532000791908235
1532000791908250
1532000791908260
1532000791908266
1532000791908272
1532000792408378
1532000792408492
1532000792408506
1532000792408520
1532000792408528
1532000792408545
1532000792408558
1532000792408565
1532000792408572
1532000792408578
1532000792408584
1532000792408591
1532000792408607
1532000792408615
1532000792408621
1532000792408628
1532000792408642
1532000792909042
1532000792909056
1532000792909064
1532000792909071
1532000792909078
1532000792909084
1532000792909095
1532000792909102
1532000792909109
1532000792909120
1532000792909131
1532000792909139
1532000792909147
1532000792909154
1532000792909162
1532000792909169
1532000792909179
1532000793409252
1532000793409431
1532000793409440
1532000793409447
1532000793409454
1532000793409462
1532000793409469
1532000793409478
1532000793409485
1532000793409492
1532000793409498
1532000793409509
1532000793409516
1532000793409523
1532000793409529
1532000793409535
1532000793409542
1532000793909682
1532000793910478
1532000793910489
1532000793910497
1532000793910504
1532000793910515
1532000793910524
1532000793910536
1532000793910543
1532000793910550
1532000793910556
1532000793910563
1532000793910569
1532000793910576
1532000793910582
1532000793910589
1532000793910596
1532000794409249
1532000794409266
1532000794409274
1532000794409282
1532000794409289
1532000794409297
1532000794409305
1532000794409312
1532000794409319
1532000794409326
1532000794409336
1532000794409350
1532000794409357
1532000794409364
1532000794409371
1532000794409377
1532000794909654
1532000794909671
1532000794909679
1532000794909686
1532000794909692
1532000794909699
1532000794909706
1532000794909714
1532000794909722
1532000794909729
1532000794909737
1532000794909744
1532000794909751
1532000794909757
1532000794909764
1532000794909773
1532000794909781
1532000795409889
1532000795410684
1532000795410699
1532000795410713
1532000795410720
1532000795410727
1532000795410733
1532000795410740
1532000795410756
1532000795410762
1532000795410769
1532000795410775
1532000795410794
1532000795410800
1532000795410806
1532000795410817
1532000795410824
1532000795909565
1532000795909583
1532000795909591
1532000795909604
1532000795909611
1532000795909617
1532000795909623
1532000795909629
1532000795909643
1532000795909649
1532000795909655
1532000795909662
1532000795909682
1532000795909690
1532000795909698
1532000795909706
1532000796409827
1532000796410123
1532000796410133
1532000796410145
1532000796410152
1532000796410160
1532000796410167
1532000796410174
1532000796410189
1532000796410196
1532000796410202
1532000796410209
1532000796410216
1532000796410233
1532000796410240
1532000796410247
1532000796410257
1532000796910767
1532000796916911
1532000796917042
1532000796917059
1532000796917069
1532000796917082
1532000796917097
1532000796917104
1532000796917117
1532000796917132
1532000796917152
1532000796917166
1532000796917174
1532000796917197
1532000796917207
1532000796917213
1532000796917230
