1531850354077505
1531850354577583
1531850355077665
1531850355577744
1531850356077817
1531850356577896
1531850357077973
1531850357578045
1531850358578219
1531850358578219
1531850359078297
1531850359578372
1531850360078444
1531850360578521
1531850361078593
1531850361578666
1531850362078743
1531850362578818
1531850363078890
1531850363578971
1531850364079048
1531850364579124
1531850365079194
1531850365579265
1531850366079332
1531850366579405
1531850367079478
1531850367579547
1531850373580460
1531850373580460
1531850373580460
1531850373580460
1531850373580460
1531850374080533
1531850374580605
1531850375080691
1531850375580761
1531850376080843
1531850376580919
1531850377081013
1531850377581081
1531850378081152
1531850378581225
1531850380081451
1531850380081451
1531850380081451
1531850380581531
1531850381081620
1531850381581693
1531850382081783
1531850382581867
1531850383081948
1531850383582025
1531850384082107
1531850384582179
1531850385082266
1531850385582342
1531850386082514
1531850386582591
1531850387082669
1531850387582745
1531850388082827
1531850388582905
1531850389082981
1531850389583070
1531850390083143
1531850390583244
1531850391083332
1531850391583412
1531850392083490
1531850392583568
1531850393083643
1531850393583721
1531850394083809
1531850394583885
1531850395083957
1531850395584037
1531850396084123
1531850396584196
1531850397084280
1531850397584359
1531850398084433
1531850398584504
1531850399084577
1531850399584657
1531850400084733
1531850400584809
1531850401084856
1531850401584932
1531850402085025
1531850402585100
1531850403085174
1531850403585253
1531850404085330
1531850404585407
1531850405085481
1531850405585560
1531850406085640
1531850406585715
1531850407085786
1531850407585876
1531850408085959
1531850408586034
1531850409086117
1531850409586190
1531850410086273
1531850410586349
1531850411086433
1531850411586509
1531850412086583
1531850412586700
1531850413086782
1531850413586860
1531850414086936
1531850414587017
1531850415087089
1531850415587188
1531850416087262
1531850416587343
1531850417087427
1531850417587499
1531850418087577
1531850418587650
1531850419087724
1531850419587799
1531850420087871
1531850420587948
1531850421088029
1531850421588107
1531850422088179
1531850422588252
1531850423088481
1531850423588570
1531850424088643
1531850424588721
1531850425088814
1531850425588848
1531850426088927
1531850426589001
1531850427089075
1531850427589155
1531850428089233
1531850428589325
1531850429089404
1531850429589487
1531850430089564
1531850430589645
1531850431089735
1531850431589817
1531850432089899
1531850432589974
1531850433090050
1531850433590127
1531850434090205
1531850434590286
1531850435090364
1531850435590449
1531850436090539
1531850436590609
1531850437090683
1531850437590762
1531850438090839
1531850438590917
1531850439090994
1531850439591085
1531850440091159
1531850440591249
1531850441091325
1531850441591400
1531850442091473
1531850442591607
1531850443091699
1531850443591783
1531850444091876
1531850444591971
1531850445092310
1531850445592420
1531850446092502
1531850446592587
1531850447092670
1531850447592749
1531850448092828
1531850448592907
1531850449092990
1531850449593094
1531850450093176
1531850450593261
1531850451093348
1531850451593438
1531850452093516
1531850452593595
1531850453093676
1531850453593769
1531850454093857
1531850454593942
1531850455094020
1531850455594099
1531850456094178
1531850456594254
1531850457094328
1531850457594400
1531850458094511
1531850458594592
