1531850353577891
1531850354077949
1531850354577968
1531850355078036
1531850355578151
1531850356078232
1531850356578289
1531850357078360
1531850357578393
1531850358078489
1531850358631837
1531850359078691
1531850359578771
1531850360078782
1531850360578825
1531850361078928
1531850361579011
1531850362079126
1531850362579193
1531850363079250
1531850363579332
1531850364079392
1531850364579495
1531850365079580
1531850365579593
1531850366079646
1531850366579750
1531850367079820
1531850367579899
1531850368080045
1531850373640945
1531850373640963
1531850373641212
1531850373641230
1531850373641239
1531850373641400
1531850373641423
1531850373641433
1531850373641521
1531850373641542
1531850373641551
1531850373641663
1531850373642055
1531850373642073
1531850373642082
1531850373642298
1531850373642316
1531850374080899
1531850374580959
1531850375081005
1531850375581103
1531850376081211
1531850376581291
1531850377081360
1531850377581390
1531850378081549
1531850378581633
1531850379081673
1531850380532044
1531850380532068
1531850380532083
1531850380582082
1531850381082126
1531850381582081
1531850382082132
1531850382582275
1531850383082438
1531850383582469
1531850384082513
1531850384082654
1531850384582608
1531850385082788
1531850385583110
1531850386083807
1531850386582979
1531850387083088
1531850387583088
1531850388083280
1531850388583500
1531850389083369
1531850389583504
1531850390083571
1531850390583649
1531850391083723
1531850391583794
1531850392083874
1531850392584007
1531850393084140
1531850393584198
1531850394084226
1531850394584349
1531850395084373
1531850395584453
1531850396084505
1531850396584549
1531850397084807
1531850397584833
1531850398084873
1531850398584921
1531850399084951
1531850399585088
1531850400085148
1531850400585355
1531850401085224
1531850401585401
1531850401585503
1531850402085466
1531850402585487
1531850403085554
1531850403585597
1531850404085807
1531850404585811
1531850405085949
1531850405585899
1531850406086177
1531850406586109
1531850407086156
1531850407586248
1531850408086453
1531850408586386
1531850409086603
1531850409586580
1531850410086826
1531850410586772
1531850411086887
1531850411586967
1531850412087083
1531850412587269
1531850413087227
1531850413587196
1531850414087374
1531850414587448
1531850415087510
1531850415587700
1531850416087734
1531850416587747
1531850417087813
1531850417587865
1531850418088067
1531850418588000
1531850419088136
1531850419588382
1531850420088261
1531850420588449
1531850421088399
1531850421588589
1531850422088618
1531850422588666
1531850423089154
1531850423589026
1531850424089082
1531850424589158
1531850425089433
1531850425589177
1531850426089484
1531850426589400
1531850427089605
1531850427589544
1531850428089713
1531850428589808
1531850429089934
1531850429590035
1531850430090063
1531850430590050
1531850431090140
1531850431590214
1531850432090312
1531850432590432
1531850433090489
1531850433590662
1531850434090526
1531850434590660
1531850435090782
1531850435590810
1531850436090953
1531850436591022
1531850437091133
1531850437591117
1531850438091209
1531850438591452
1531850439091466
1531850439591536
1531850440091616
1531850440591606
1531850441091720
1531850441591765
1531850442091853
1531850442593727
1531850443092307
1531850443592376
1531850444092538
1531850444592556
1531850445094227
1531850445592962
1531850446093019
1531850446593194
1531850447093268
1531850447593229
1531850448093315
1531850448593394
1531850449093477
1531850449593683
1531850450093781
1531850450593777
1531850451093854
1531850451593942
1531850452094041
1531850452594179
1531850453094135
1531850453594223
1531850454094389
1531850454594447
1531850455094513
1531850455594564
1531850456094603
1531850456594806
1531850457094766
1531850457594809
1531850458094903
1531850458595041
