1532002003658372
1532002004158453
1532002004658540
1532002005158631
1532002005658728
1532002006158818
1532002006658907
1532002007158987
1532002007659070
1532002008159150
1532002008659281
1532002009159382
1532002009659478
1532002010159580
1532002010659673
1532002011159786
1532002011659861
1532002012159956
1532002012660045
1532002013160132
1532002013660230
1532002014160333
1532002014660416
1532002015160499
1532002015660604
1532002016160688
1532002016660762
1532002017160867
1532002017660947
1532002018161038
1532002018661135
1532002019161252
1532002019661414
1532002020161497
1532002020661676
1532002021161755
1532002021661881
1532002022162000
1532002022662086
1532002023162167
1532002023662255
1532002024162362
1532002024662443
1532002025162523
1532002025662606
1532002026162696
1532002026662777
1532002027162867
1532002027663945
1532002028164062
1532002028664167
1532002029164273
1532002029664355
1532002030164445
1532002030664820
1532002031164915
1532002031665170
1532002032165279
1532002032665535
1532002033165670
1532002033665787
1532002034165904
1532002034666007
1532002035166102
1532002035666180
1532002036166256
1532002036666374
1532002037166488
1532002037666581
1532002038166724
1532002038666833
1532002039167033
1532002039667134
1532002040167245
1532002040667325
1532002041167417
1532002041667501
1532002042167606
1532002042667703
1532002043167812
1532002043667944
1532002044168044
1532002044668159
1532002045168244
1532002045668325
1532002046168400
1532002046668618
1532002047168728
1532002047670273
1532002048170347
1532002048670433
1532002049170545
1532002049670659
1532002050170749
1532002050670832
1532002051170917
1532002051671097
1532002052171230
1532002052671365
1532002053171603
1532002053671710
1532002054171799
1532002054671948
1532002055172035
1532002055672134
1532002056172310
1532002056672387
1532002057172799
1532002057672893
1532002058172980
1532002058673068
1532002059173206
1532002059673303
1532002060173405
1532002060673492
1532002061174003
1532002061674120
1532002062174233
1532002062674356
1532002063174486
1532002063674597
1532002064174674
1532002064674793
1532002065174926
1532002065675027
1532002066175236
1532002066675334
1532002067175441
1532002067675529
1532002068175622
1532002068675704
1532002069175878
1532002069675961
1532002070176055
1532002070676133
1532002071176246
1532002071676321
1532002072176435
1532002072676535
1532002073176635
1532002073676722
1532002074176829
1532002074676950
1532002075177051
1532002075677177
1532002076177300
1532002076677899
1532002077178136
1532002077678214
1532002078178766
1532002078678856
1532002079178944
1532002079679219
1532002080179302
1532002080679418
1532002081179509
1532002081679594
1532002082179705
1532002082679824
1532002083179997
1532002083680110
1532002084180183
1532002084680274
1532002085180371
1532002085680598
1532002086180720
1532002086681112
1532002087181191
1532002087681267
1532002088181354
1532002088681430
1532002089181502
1532002089681653
1532002090181888
1532002090681968
1532002091183014
1532002091683099
1532002092183216
1532002092683474
1532002093183556
1532002093683669
1532002094183929
1532002094684003
1532002095184082
1532002095684417
1532002096184908
1532002096685004
1532002097185199
1532002097685326
1532002098185415
1532002098685556
1532002099185641
1532002099685747
1532002100185828
1532002100685910
1532002101186022
1532002101686105
1532002102186276
1532002102689505
