1532002003159529
1532002003159576
1532002003659176
1532002003659201
1532002004159226
1532002004159251
1532002004659488
1532002004659518
1532002005159407
1532002005159429
1532002005659497
1532002005659515
1532002006159445
1532002006159479
1532002006659481
1532002006659501
1532002007159641
1532002007159661
1532002007659638
1532002007659660
1532002008159717
1532002008159741
1532002008659921
1532002008659940
1532002009160000
1532002009160026
1532002009660032
1532002009660059
1532002010160379
1532002010160402
1532002010660310
1532002010660341
1532002011160338
1532002011160357
1532002011660598
1532002011660616
1532002012160580
1532002012160602
1532002012660707
1532002012660725
1532002013161014
1532002013161032
1532002013660859
1532002013660877
1532002014160949
1532002014160966
1532002014661018
1532002014661040
1532002015161174
1532002015161192
1532002015661313
1532002015661334
1532002016161774
1532002016161793
1532002016661656
1532002016661694
1532002017161434
1532002017161452
1532002017661467
1532002017661484
1532002018161583
1532002018161604
1532002018661658
1532002018661681
1532002019161818
1532002019161836
1532002019662531
1532002019662553
1532002020162266
1532002020162287
1532002020662286
1532002020662311
1532002021162488
1532002021162506
1532002021662373
1532002021662394
1532002022162867
1532002022162883
1532002022662826
1532002022662849
1532002023163392
1532002023163410
1532002023663216
1532002023663243
1532002024163245
1532002024163270
1532002024663258
1532002024663283
1532002025163156
1532002025163181
1532002025663385
1532002025663407
1532002026163609
1532002026163629
1532002026664406
1532002026664437
1532002027163462
1532002027163489
1532002027665545
1532002027665574
1532002028164974
1532002028165000
1532002028665347
1532002028665377
1532002029166107
1532002029166128
1532002029665927
1532002029665966
1532002030165178
1532002030165202
1532002030665618
1532002030665640
1532002031165616
1532002031165638
1532002031666176
1532002031666196
1532002032166187
1532002032166207
1532002032666364
1532002032666384
1532002033166549
1532002033166569
1532002033666671
1532002033666693
1532002034166832
1532002034166856
1532002034666682
1532002034666704
1532002035167522
1532002035167547
1532002035666767
1532002035666792
1532002036167264
1532002036167294
1532002036667386
1532002036667408
1532002037168176
1532002037168198
1532002037667205
1532002037667229
1532002038167398
1532002038167417
1532002038667681
1532002038667708
1532002039167598
1532002039167619
1532002039668046
1532002039668065
1532002040167862
1532002040167881
1532002040668008
1532002040668033
1532002041168328
1532002041168354
1532002041668246
1532002041668269
1532002042168292
1532002042168318
1532002042669261
1532002042669284
1532002043168521
1532002043168543
1532002043669105
1532002043669127
1532002044169169
1532002044169197
1532002044669244
1532002044669270
1532002045168886
1532002045168910
1532002045669272
1532002045669295
1532002046169142
1532002046169162
1532002046670306
1532002046670331
1532002047169444
1532002047169464
1532002047670901
1532002047670931
1532002048170923
1532002048170950
1532002048671724
1532002048671755
1532002049171539
1532002049171558
1532002049671515
1532002049671535
1532002050171697
1532002050171719
1532002050671419
1532002050671440
1532002051171558
1532002051171580
1532002051671949
1532002051671967
1532002052172902
1532002052172925
1532002052672242
1532002052672266
1532002053172722
1532002053172745
1532002053672904
1532002053672926
1532002054172455
1532002054172478
1532002054672893
1532002054672917
1532002055172653
1532002055172678
1532002055672881
1532002055672909
1532002056173230
1532002056173250
1532002056672946
1532002056672973
1532002057174769
1532002057174791
1532002057673504
1532002057673530
1532002058173625
1532002058173648
1532002058673759
1532002058673780
1532002059173837
1532002059173864
1532002059674172
1532002059674194
1532002060174233
1532002060174257
1532002060674225
1532002060674249
1532002061175945
1532002061175974
1532002061674848
1532002061674872
1532002062175212
1532002062175232
1532002062675415
1532002062675438
1532002063175079
1532002063175110
1532002063675256
1532002063675278
1532002064175358
1532002064175378
1532002064675645
1532002064675670
1532002065175713
1532002065175735
1532002065676665
1532002065676685
1532002066176254
1532002066176277
1532002066676339
1532002066676360
1532002067176181
1532002067176204
1532002067676218
1532002067676237
1532002068176418
1532002068176439
1532002068676470
1532002068676491
1532002069176498
1532002069176517
1532002069676893
1532002069676914
1532002070176660
1532002070176682
1532002070676694
1532002070676717
1532002071176871
1532002071176898
1532002071677517
1532002071677534
1532002072177182
1532002072177203
1532002072677196
1532002072677222
1532002073177446
1532002073177466
1532002073677453
1532002073677484
1532002074177866
1532002074177885
1532002074678883
1532002074678908
1532002075177796
1532002075177819
1532002075678215
1532002075678238
1532002076178655
1532002076178684
1532002076679113
1532002076679134
1532002077178947
1532002077178969
1532002077678958
1532002077678980
1532002078179809
1532002078179837
1532002078679849
1532002078679873
1532002079179609
1532002079179635
1532002079680470
1532002079680495
1532002080180303
1532002080180334
1532002080680181
1532002080680209
1532002081180925
1532002081180943
1532002081680540
1532002081680565
1532002082180339
1532002082180360
1532002082680462
1532002082680490
1532002083180714
1532002083180734
1532002083681080
1532002083681102
1532002084181266
1532002084181290
1532002084681344
1532002084681365
1532002085181158
1532002085181179
1532002085681917
1532002085681939
1532002086181503
1532002086181527
1532002086682392
1532002086682412
1532002087181808
1532002087181828
1532002087682370
1532002087682389
1532002088182635
1532002088182658
1532002088682572
1532002088682597
1532002089182179
1532002089182198
1532002089682964
1532002089682994
1532002090182512
1532002090182539
1532002090682718
1532002090682741
1532002091185630
1532002091185651
1532002091683908
1532002091683932
1532002092184956
1532002092184977
1532002092684226
1532002092684246
1532002093184468
1532002093184488
1532002093684737
1532002093684759
1532002094184862
1532002094184886
1532002094685553
1532002094685571
1532002095185597
1532002095185619
1532002095686644
1532002095686670
1532002096186074
1532002096186096
1532002096685773
1532002096685808
1532002097185980
1532002097186004
1532002097687590
1532002097687610
1532002098188417
1532002098188437
1532002098686266
1532002098686292
1532002099186586
1532002099186608
1532002099686335
1532002099686357
1532002100187243
1532002100187263
1532002100687535
1532002100687556
1532002101186869
1532002101186890
1532002101688312
1532002101688338
1532002102187076
1532002102187096
1532002102691423
1532002102691458
