1532002003659669
1532002004159681
1532002004660072
1532002005159874
1532002005659972
1532002006160017
1532002006660039
1532002007160262
1532002007660209
1532002008160361
1532002008660504
1532002009160581
1532002009660583
1532002010161411
1532002010660888
1532002011160887
1532002011661270
1532002012161130
1532002012661244
1532002013161574
1532002013661358
1532002014161420
1532002014661522
1532002015161811
1532002015661844
1532002016162319
1532002016662271
1532002017161966
1532002017661975
1532002018162181
1532002018662133
1532002019162407
1532002019663039
1532002020162807
1532002020663091
1532002021162994
1532002021662949
1532002022163347
1532002022663498
1532002023163994
1532002023664365
1532002024163821
1532002024664187
1532002025163721
1532002025663970
1532002026164224
1532002026664991
1532002027164113
1532002027666103
1532002028165556
1532002028665927
1532002029166720
1532002029666710
1532002030165786
1532002030666673
1532002031166190
1532002031666823
1532002032166855
1532002032666985
1532002033167168
1532002033667294
1532002034167454
1532002034667358
1532002035168220
1532002035667346
1532002036167946
1532002036668318
1532002037168806
1532002037667773
1532002038168056
1532002038668223
1532002039168270
1532002039668929
1532002040168390
1532002040668778
1532002041168907
1532002041669125
1532002042168826
1532002042669866
1532002043169054
1532002043669771
1532002044169738
1532002044669826
1532002045169444
1532002045669808
1532002046169710
1532002046670922
1532002047170007
1532002047671500
1532002048171506
1532002048672286
1532002049172184
1532002049672199
1532002050172362
1532002050672023
1532002051172224
1532002051672579
1532002052173404
1532002052672846
1532002053173343
1532002053673571
1532002054173043
1532002054673581
1532002055173267
1532002055673510
1532002056173676
1532002056673682
1532002057175304
1532002057674134
1532002058174532
1532002058674334
1532002059174577
1532002059674908
1532002060174773
1532002060674855
1532002061176769
1532002061675443
1532002062175826
1532002062676131
1532002063175632
1532002063675895
1532002064175825
1532002064676240
1532002065176343
1532002065677366
1532002066176897
1532002066676889
1532002067177083
1532002067676772
1532002068177075
1532002068677047
1532002069177138
1532002069677481
1532002070177386
1532002070677256
1532002071177479
1532002071678209
1532002072177778
1532002072677789
1532002073178028
1532002073678085
1532002074178461
1532002074679445
1532002075178394
1532002075678796
1532002076179285
1532002076679778
1532002077179477
1532002077679723
1532002078180461
1532002078680479
1532002079180282
1532002079681111
1532002080180894
1532002080680703
1532002081181479
1532002081681126
1532002082180964
1532002082681101
1532002083181409
1532002083681681
1532002084181993
1532002084681947
1532002085181768
1532002085682456
1532002086182093
1532002086683031
1532002087182345
1532002087683046
1532002088183290
1532002088683393
1532002089182701
1532002089683632
1532002090183109
1532002090683500
1532002091186402
1532002091684477
1532002092185756
1532002092684752
1532002093185086
1532002093685257
1532002094185587
1532002094686176
1532002095186192
1532002095687187
1532002096186693
1532002096686481
1532002097186552
1532002097688166
1532002098189004
1532002098686966
1532002099187738
1532002099686973
1532002100187898
1532002100688242
1532002101187423
1532002101688958
1532002102187705
1532002102694078
