1532010090791091
1532010091291221
1532010091791012
1532010092291347
1532010092791326
1532010093291352
1532010093791600
1532010094291473
1532010094791480
1532010095291715
1532010095791852
1532010096291743
1532010096791736
1532010097291976
1532010097792121
1532010098292097
1532010098792096
1532010099292362
1532010099792241
1532010100292357
1532010100792606
1532010101292501
1532010101793524
1532010102292726
1532010102792729
1532010103292972
1532010103793101
1532010104292987
1532010104792980
1532010105293237
1532010105793228
1532010106293665
1532010106793544
1532010107293934
1532010107793899
1532010108294147
1532010108793908
1532010109294275
1532010109794145
1532010110294374
1532010110794288
1532010111294293
1532010111794284
1532010112294632
1532010112794665
1532010113295011
1532010113794898
1532010114294774
1532010114795025
1532010115295186
1532010115795209
1532010116295438
1532010116795324
1532010117295760
1532010117795499
1532010118295553
1532010118795499
1532010119296010
1532010119795682
1532010120296161
1532010120795922
1532010121796550
1532010122296124
1532010122796430
1532010123299487
1532010123796658
1532010124296894
1532010124796814
1532010125296954
1532010125797315
1532010126297466
1532010127297179
1532010127797311
1532010128297414
1532010128797545
1532010129298160
1532010129797799
1532010130297911
1532010130797792
1532010131298695
1532010131798044
1532010132298703
1532010132798328
1532010133299046
1532010133798542
1532010134298846
1532010134798667
1532010135299702
1532010135799051
1532010136299283
1532010136799053
1532010137299278
1532010137799178
1532010138300085
1532010138800206
1532010139299944
1532010139799914
1532010140300281
1532010140800299
1532010141300326
1532010141814390
1532010142300868
1532010142800763
1532010143300689
1532010143800792
1532010144300876
1532010144800937
1532010145301469
1532010145801060
1532010146301315
1532010146801207
1532010147301710
1532010147801592
1532010148301588
1532010148801583
1532010149302129
1532010149801788
1532010150302067
1532010150802448
1532010151302229
1532010151802164
1532010152302209
1532010152802568
1532010153302510
1532010153802599
1532010154302845
1532010154459297
1532010154802710
1532010155302948
1532010155802982
1532010156303359
1532010156803188
1532010157303180
1532010157803475
1532010158303483
1532010158803432
1532010159304582
1532010159803693
1532010160303907
1532010160804187
1532010161304098
1532010161804409
1532010162304066
1532010162804314
1532010163304478
1532010163804336
1532010164304730
1532010164804777
1532010165304733
1532010165805203
1532010166305476
1532010166831882
1532010167305467
1532010167805720
1532010168305339
1532010168805324
1532010169305321
1532010169805733
1532010170305903
1532010170805592
1532010171305711
1532010171806118
1532010172305811
1532010172805974
1532010173306243
1532010173806120
1532010174306502
1532010174806362
1532010175306595
1532010175806615
1532010176306867
1532010176807069
1532010177306716
1532010177807209
1532010178306995
1532010178807559
1532010179307506
1532010179807240
1532010180307458
1532010180807509
1532010181307631
1532010181807588
1532010182307925
1532010182808006
1532010183307932
1532010183808005
1532010184308358
1532010184808101
1532010185308228
1532010185808745
1532010186308615
1532010186808447
1532010187308741
1532010187808613
1532010188308859
1532010188808726
1532010189309146
1532010189809256
1532010190315380
