1531849136440838
1531849136940649
1531849137440700
1531849137940748
1531849138441301
1531849138940853
1531849139440906
1531849139940980
1531849140441047
1531849140941074
1531849141441624
1531849141941691
1531849142441479
1531849142941534
1531849143441847
1531849143941896
1531849144441959
1531849144942017
1531849145442096
1531849145942132
1531849146442202
1531849146941991
1531849147442537
1531849147942591
1531849148442651
1531849148942453
1531849149442760
1531849149942559
1531849150442888
1531849150942933
1531849151442731
1531849151943044
1531849152443103
1531849152943168
1531849153443452
1531849153943504
1531849154443306
1531849154943615
1531849155443702
1531849155943726
1531849156443792
1531849156943581
1531849157443903
1531849157943969
1531849158443775
1531849158944310
1531849159444364
1531849159944160
1531849160444527
1531849160944556
1531849161444390
1531849161944648
1531849162444451
1531849162944502
1531849163444812
1531849163944615
1531849164444959
1531849164945243
1531849165445302
1531849165945118
1531849166445428
1531849166945203
1531849167445544
1531849167947431
1531849168445619
1531849168945943
1531849169446003
1531849169946073
1531849170446118
1531849170946409
1531849171445989
1531849171946315
1531849172446575
1531849172948434
1531849173446943
1531849173947334
1531849174447053
1531849174947174
1531849175447422
1531849175947516
1531849176447541
1531849176947398
1531849177447733
1531849177948045
1531849178447767
1531849178947858
1531849179448121
1531849179948261
1531849180447979
1531849180948290
1531849181448093
1531849181949168
1531849182448440
1531849182949016
1531849183448588
1531849183949107
1531849184448700
1531849184949234
1531849185449017
1531849185949349
1531849186449414
1531849186949198
1531849187449761
1531849187949324
1531849188449863
1531849189449712
1531849189950038
1531849190450104
1531849190950164
1531849191449960
1531849191950271
1531849192450309
1531849192950361
1531849193450172
1531849193950710
1531849194450513
1531849194950573
1531849195450901
1531849195950692
1531849196451011
1531849196951073
1531849197450872
1531849198450979
1531849198951298
1531849199451371
1531849199951374
1531849200451212
1531849200951269
1531849201451796
1531849201951872
1531849202452164
1531849202951730
1531849203452062
1531849203952328
1531849204452130
1531849204952189
1531849205451996
1531849205952351
1531849206452348
1531849206952656
1531849207452731
1531849207953289
1531849208452581
1531849208953136
1531849209452734
1531849209953012
1531849210453303
1531849210953373
1531849211453149
1531849211953480
1531849212453265
1531849212953931
1531849213453391
1531849213953941
1531849214454017
1531849214953789
1531849215454136
1531849215953913
1531849216454248
1531849216954029
1531849217454350
1531849217954626
1531849218454456
1531849218954792
1531849219454813
1531849219954659
1531849220454676
1531849220954742
1531849221454822
1531849221955314
1531849222455122
1531849222955437
1531849223455511
1531849223955551
1531849224455351
1531849224955671
1531849225455738
1531849225956023
1531849226456078
1531849226956134
1531849227455954
1531849227955982
1531849228456302
1531849228956098
1531849229456424
1531849229956473
1531849230456783
1531849230956361
1531849231456393
1531849231956442
1531849232456770
1531849232957062
1531849233456848
1531849233957191
1531849234456962
1531849234957284
1531849235457346
