1534165483456387
1534165483956470
1534165484456532
1534165484956597
1534165485456662
1534165485956725
1534165486456803
1534165486956867
1534165487456932
1534165487956997
1534165488457062
1534165488957126
1534165489457189
1534165489957257
1534165490457323
1534165490957391
1534165491457469
1534165491957538
1534165492457610
1534165492957673
1534165493457739
1534165493957807
1534165494457873
1534165494957938
1534165495458008
1534165495958073
1534165496458137
1534165496958202
1534165497458263
1534165497958324
1534165498458386
1534165498958447
1534165499458508
1534165499958575
1534165500458649
1534165500958714
1534165501458776
1534165501958843
1534165502458909
1534165502958977
1534165503459035
1534165503959105
1534165504459174
1534165504959243
1534165505459311
1534165505959379
1534165506459467
1534165506959540
1534165507459608
1534165507959679
1534165508459748
1534165508959813
1534165509459875
1534165509959935
1534165510459996
1534165511460121
1534165511960189
1534165512460260
1534165513460407
1534165513960477
1534165514460551
1534165514960618
1534165515460686
1534165515960754
1534165516460822
1534165516960890
1534165517460959
1534165517961027
1534165518461096
1534165519461232
1534165519961300
1534165520461374
1534165520961445
1534165521461514
1534165521961588
1534165522461662
1534165522961741
1534165523461814
1534165523961899
1534165524461971
1534165524962043
1534165525462106
1534165525962172
1534165526462236
1534165527462367
1534165527962435
1534165528462502
1534165528962572
1534165529462643
1534165529962716
1534165530462784
1534165530962856
1534165531963007
1534165532463081
1534165532963149
1534165533463214
1534165533963277
1534165534463344
1534165534963404
1534165535463463
1534165535963534
1534165536463599
1534165536963682
1534165537463753
1534165537963824
1534165538463893
1534165538963973
1534165539464046
1534165539964112
1534165540464182
1534165540964253
1534165541964393
1534165542464461
1534165542964529
1534165543464597
1534165543964665
1534165544464733
1534165544964801
1534165545464869
1534165545964938
1534165546965083
1534165547465153
1534165547965223
1534165548465296
1534165548965364
1534165549465432
1534165549965505
1534165550465573
1534165550965640
1534165551465709
1534165551965778
1534165552465846
1534165552965913
1534165553465982
1534165553966049
1534165554466112
1534165554966172
1534165555466241
1534165555966309
1534165556466377
1534165556966445
1534165557466513
1534165557966581
1534165558466649
1534165558966718
1534165559466786
1534165559966854
1534165560466923
1534165560966990
1534165561467058
1534165561967126
1534165562467193
1534165562967259
1534165563467326
1534165563967393
1534165564467460
1534165564967528
1534165565467596
1534165565967658
1534165566467725
1534165566967786
1534165567467847
1534165567967907
1534165568467968
1534165568968035
1534165569468103
1534165569968171
1534165570468240
1534165570968307
1534165571468377
1534165571968444
1534165572468517
1534165572968584
1534165573468652
1534165573968721
1534165574468789
1534165574968855
1534165575468930
1534165575968991
1534165576469051
1534165576969121
1534165577469189
1534165577969259
1534165578469329
1534165578969396
1534165579469467
1534165579969535
1534165580469604
1534165580969686
1534165581469755
1534165581969835
