1534165482956786
1534165482956824
1534165483456748
1534165483956863
1534165484456861
1534165484956950
1534165485456980
1534165485957042
1534165486457187
1534165486957179
1534165487457299
1534165487457348
1534165487957346
1534165488457413
1534165488957399
1534165489457520
1534165489957614
1534165489957643
1534165490457642
1534165490957738
1534165491457831
1534165491957927
1534165492457930
1534165492957949
1534165493458068
1534165493958158
1534165494458220
1534165494958292
1534165495458350
1534165495958386
1534165496458468
1534165496958508
1534165497458574
1534165497958589
1534165497958609
1534165498458689
1534165498958724
1534165498958750
1534165499458812
1534165499958928
1534165500459029
1534165500959021
1534165501459081
1534165501959220
1534165502459240
1534165502959336
1534165503459386
1534165503959406
1534165504459474
1534165504959554
1534165505459636
1534165505959742
1534165506459834
1534165506959822
1534165506959867
1534165507459999
1534165507960047
1534165508460123
1534165508960122
1534165509460145
1534165509960199
1534165510460274
1534165510960320
1534165510960401
1534165511460406
1534165511960579
1534165511960602
1534165512460610
1534165512960614
1534165513460753
1534165513960816
1534165514460861
1534165514960967
1534165515460990
1534165515961167
1534165516461151
1534165516961232
1534165516961256
1534165517461303
1534165517961408
1534165518461472
1534165518961527
1534165518961551
1534165519461547
1534165519961668
1534165520461730
1534165520961724
1534165520961771
1534165521461864
1534165521961931
1534165521961989
1534165522461988
1534165522962144
1534165522962210
1534165523462228
1534165523962306
1534165524462343
1534165524462377
1534165524962387
1534165525462405
1534165525962458
1534165526462508
1534165526962594
1534165527462817
1534165527962780
1534165528462874
1534165528962922
1534165529462995
1534165529963030
1534165530463162
1534165530963187
1534165531463260
1534165531463365
1534165531963372
1534165532463456
1534165532963459
1534165533463510
1534165533963585
1534165534463585
1534165534463718
1534165534963648
1534165534963754
1534165535463745
1534165535963791
1534165535963875
1534165536463926
1534165536964056
1534165537464083
1534165537964248
1534165538464230
1534165538964260
1534165539464382
1534165539964407
1534165540464505
1534165540964595
1534165541464674
1534165541464699
1534165541964735
1534165542464827
1534165542964886
1534165543464993
1534165543965012
1534165544465082
1534165544965177
1534165545465208
1534165545965270
1534165545965352
1534165546465388
1534165546965399
1534165547465541
1534165547965575
1534165548465612
1534165548465671
1534165548965616
1534165549465727
1534165549965885
1534165550465908
1534165550965948
1534165551466053
1534165551966123
1534165552466163
1534165552966201
1534165553466324
1534165553466345
1534165553966377
1534165554466371
1534165554966465
1534165555466615
1534165555966675
1534165556466753
1534165556966815
1534165557466818
1534165557966937
1534165558467014
1534165558967045
1534165559467120
1534165559967175
1534165560467312
1534165560467338
1534165560967329
1534165560967354
1534165561467427
1534165561967482
1534165562467507
1534165562967581
1534165563467646
1534165563967760
1534165563967791
1534165564467813
1534165564467837
1534165564967900
1534165565467938
1534165565967928
1534165566468071
1534165566968082
1534165567468131
1534165567968208
1534165568468273
1534165568968367
1534165569468420
1534165569968500
1534165570468626
1534165570968633
1534165571468703
1534165571968782
1534165572468853
1534165572468930
1534165572968950
1534165573469009
1534165573969081
1534165574469099
1534165574469194
1534165574969196
1534165575469241
1534165575969246
1534165576469336
1534165576969472
1534165577469534
1534165577969631
1534165577969661
1534165578469712
1534165578969719
1534165579469785
1534165579969890
1534165580469931
1534165580970046
1534165581470070
1534165581970153
