1534165483457382
1534165483957701
1534165484457430
1534165484957925
1534165485457831
1534165485957988
1534165486458037
1534165486957833
1534165487458260
1534165487957945
1534165488458234
1534165488958019
1534165489458399
1534165489958539
1534165490458254
1534165490958724
1534165491458767
1534165491958810
1534165492458659
1534165492958782
1534165493458943
1534165493959106
1534165494459074
1534165494959282
1534165495459286
1534165495959294
1534165496459341
1534165496959387
1534165497459457
1534165497959536
1534165498459647
1534165498959516
1534165499459636
1534165499959770
1534165500459919
1534165500959585
1534165501459997
1534165501960173
1534165502459870
1534165502960306
1534165503460266
1534165503959966
1534165504460432
1534165504960407
1534165505460493
1534165505960593
1534165506460695
1534165506960530
1534165507460892
1534165507960979
1534165508461070
1534165508960671
1534165509460749
1534165509961091
1534165510461181
1534165511461358
1534165511961448
1534165512461539
1534165513461710
1534165513961794
1534165514461877
1534165514961961
1534165515461547
1534165515961882
1534165516461708
1534165516962045
1534165517462125
1534165517962214
1534165518462292
1534165519462183
1534165519962512
1534165520462601
1534165520962419
1534165521462746
1534165521962820
1534165522462897
1534165522962971
1534165523463064
1534165523963134
1534165524463212
1534165524963023
1534165525463346
1534165525963419
1534165526463495
1534165527463640
1534165527963458
1534165528463791
1534165528963856
1534165529463928
1534165529964001
1534165530464070
1534165530963886
1534165531964285
1534165532464353
1534165532964176
1534165533464494
1534165533964565
1534165534464147
1534165534964211
1534165535464539
1534165535964596
1534165536464964
1534165536964981
1534165537465049
1534165537965118
1534165538464931
1534165538965000
1534165539465322
1534165539965390
1534165540465458
1534165540965527
1534165541965661
1534165542465731
1534165542965796
1534165543465871
1534165543965675
1534165544465997
1534165544966065
1534165545466133
1534165545966198
1534165546966076
1534165547466399
1534165547966463
1534165548466528
1534165548966339
1534165549466666
1534165549966727
1534165550466538
1534165550966859
1534165551466933
1534165551966999
1534165552467062
1534165552967123
1534165553467197
1534165553967264
1534165554467068
1534165554967388
1534165555467454
1534165555967522
1534165556467595
1534165556967656
1534165557467460
1534165557967785
1534165558467852
1534165558967916
1534165559467981
1534165559968048
1534165560468111
1534165560968174
1534165561468243
1534165561968307
1534165562468369
1534165562968436
1534165563468500
1534165563968573
1534165564468637
1534165564968698
1534165565468759
1534165565968561
1534165566468888
1534165566968697
1534165567469008
1534165567969079
1534165568469142
1534165568969210
1534165569469269
1534165569969320
1534165570469511
1534165570969211
1534165571469653
1534165571969608
1534165572469799
1534165572969758
1534165573469954
1534165573969913
1534165574469620
1534165574970075
1534165575469790
1534165575969984
1534165576470204
1534165576970412
1534165577470383
1534165577970595
1534165578470565
1534165578970279
1534165579470747
1534165579970724
1534165580470711
1534165580970920
1534165581470918
1534165581971115
