1532010615715205
1532010615715226
1532010615715241
1532010615715248
1532010615715259
1532010615715271
1532010615715278
1532010615715285
1532010616215164
1532010616215178
1532010616215186
1532010616215192
1532010616215199
1532010616215206
1532010616215213
1532010616215220
1532010616715306
1532010616715318
1532010616715326
1532010616715332
1532010616715339
1532010616715345
1532010616715351
1532010616715358
1532010616715364
1532010617215242
1532010617215255
1532010617215262
1532010617215269
1532010617215276
1532010617215284
1532010617215291
1532010617215298
1532010617715299
1532010617715312
1532010617715319
1532010617715330
1532010617715338
1532010617715349
1532010617715355
1532010617715365
1532010618215453
1532010618215516
1532010618215524
1532010618215531
1532010618215538
1532010618215545
1532010618215551
1532010618215558
1532010618215566
1532010618715509
1532010618715525
1532010618715532
1532010618715540
1532010618715547
1532010618715553
1532010618715560
1532010618715570
1532010619215551
1532010619215567
1532010619215575
1532010619215582
1532010619215588
1532010619215594
1532010619215601
1532010619215607
1532010619715637
1532010619715649
1532010619715656
1532010619715663
1532010619715670
1532010619715676
1532010619715683
1532010619715689
1532010619715695
1532010620215743
1532010620215757
1532010620215764
1532010620215771
1532010620215778
1532010620215784
1532010620215791
1532010620215797
1532010620215803
1532010620715745
1532010620715757
1532010620715764
1532010620715771
1532010620715778
1532010620715784
1532010620715791
1532010620715798
1532010621215856
1532010621215868
1532010621215875
1532010621215882
1532010621215889
1532010621215895
1532010621215905
1532010621215911
1532010621215923
1532010621715852
1532010621715866
1532010621715874
1532010621715880
1532010621715887
1532010621715894
1532010621715900
1532010621715907
1532010622215942
1532010622215956
1532010622215963
1532010622215970
1532010622215977
1532010622215985
1532010622215996
1532010622216004
1532010622216011
1532010622716041
1532010622716054
1532010622716061
1532010622716072
1532010622716079
1532010622716085
1532010622716091
1532010622716098
1532010622716108
1532010623216070
1532010623216084
1532010623216091
1532010623216098
1532010623216104
1532010623216110
1532010623216116
1532010623216127
1532010623716201
1532010623716214
1532010623716221
1532010623716228
1532010623716234
1532010623716240
1532010623716247
1532010623716253
1532010623716260
1532010624216193
1532010624216208
1532010624216215
1532010624216221
1532010624216228
1532010624216234
1532010624216241
1532010624216249
1532010624716322
1532010624716359
1532010624716367
1532010624716375
1532010624716383
1532010624716389
1532010624716396
1532010624716402
1532010624716409
1532010625216384
1532010625216401
1532010625216409
1532010625216416
1532010625216423
1532010625216430
1532010625216437
1532010625216444
1532010625716526
1532010625716574
1532010625716585
1532010625716597
1532010625716605
1532010625716616
1532010625716624
1532010625716635
1532010625716643
1532010626216565
1532010626216578
1532010626216585
1532010626216592
1532010626216600
1532010626216607
1532010626216615
1532010626216622
1532010626716662
1532010626716675
1532010626716684
1532010626716691
1532010626716698
1532010626716706
1532010626716713
1532010626716720
1532010626716728
1532010627216827
1532010627216840
1532010627216848
1532010627216855
1532010627216862
1532010627216870
1532010627216877
1532010627216885
1532010627216893
1532010627716818
1532010627716831
1532010627716840
1532010627716848
1532010627716856
1532010627716864
1532010627716871
1532010627716879
1532010628216895
1532010628216908
1532010628216916
1532010628216923
1532010628216930
1532010628216937
1532010628216944
1532010628216951
1532010628216959
1532010628716997
1532010628717013
1532010628717022
1532010628717030
1532010628717038
1532010628717046
1532010628717053
1532010628717061
1532010628717070
1532010629217200
1532010629217225
1532010629217236
1532010629217246
1532010629217255
1532010629217270
1532010629217278
1532010629217287
1532010629217306
1532010629717306
1532010629717323
1532010629717346
1532010629717355
1532010629717363
1532010629717371
1532010629717379
1532010629717391
1532010630217429
1532010630217443
1532010630217451
1532010630217458
1532010630217465
1532010630217473
1532010630217480
1532010630217487
1532010630217494
1532010630717482
1532010630717496
1532010630717505
1532010630717514
1532010630717522
1532010630717529
1532010630717538
1532010630717547
1532010631217540
1532010631217559
1532010631217569
1532010631217578
1532010631217586
1532010631217594
1532010631217602
1532010631217610
1532010631717778
1532010631717793
1532010631717801
1532010631717810
1532010631717819
1532010631717827
1532010631717836
1532010631717845
1532010631717853
1532010632217875
1532010632217895
1532010632217904
1532010632217913
1532010632217921
1532010632217929
1532010632217936
1532010632217946
1532010632217955
1532010632718022
1532010632718043
1532010632718053
1532010632718063
1532010632718071
1532010632718079
1532010632718087
1532010632718095
1532010632718104
1532010633217768
1532010633217789
1532010633217799
1532010633217807
1532010633217815
1532010633217823
1532010633217831
1532010633217840
1532010633717943
1532010633717963
1532010633717972
1532010633717979
1532010633717986
1532010633717993
1532010633718000
1532010633718008
1532010633718016
1532010634218060
1532010634218078
1532010634218086
1532010634218100
1532010634218108
1532010634218116
1532010634218124
1532010634218143
1532010634218151
1532010634718115
1532010634718129
1532010634718137
1532010634718150
1532010634718158
1532010634718168
1532010634718176
1532010634718193
1532010635218276
1532010635218584
1532010635218596
1532010635218611
1532010635218620
1532010635218632
1532010635218639
1532010635218656
1532010635218664
1532010635718371
1532010635718388
1532010635718396
1532010635718413
1532010635718421
1532010635718429
1532010635718448
1532010635718456
1532010636218406
1532010636218425
1532010636218443
1532010636218455
1532010636218464
1532010636218478
1532010636218486
1532010636218495
1532010636718544
1532010636718560
1532010636718569
1532010636718577
1532010636718585
1532010636718592
1532010636718600
1532010636718607
1532010636718616
1532010637218578
1532010637218592
1532010637218601
1532010637218608
1532010637218616
1532010637218624
1532010637218633
1532010637218645
1532010637718758
1532010637718780
1532010637718789
1532010637718799
1532010637718807
1532010637718815
1532010637718822
1532010637718830
1532010637718839
1532010638218917
1532010638218932
1532010638218942
1532010638218950
1532010638218959
1532010638218967
1532010638218975
1532010638218983
1532010638218991
1532010638719184
1532010638719200
1532010638719208
1532010638719222
1532010638719231
1532010638719239
1532010638719254
1532010638719263
1532010638719272
1532010639219041
1532010639219059
1532010639219068
1532010639219081
1532010639219089
1532010639219097
1532010639219105
1532010639219120
1532010639719166
1532010639719184
1532010639719193
1532010639719202
1532010639719210
1532010639719218
1532010639719226
1532010639719234
1532010639719247
1532010640219342
1532010645103294
1532010645103310
1532010645103320
1532010645103328
1532010645103338
1532010645103346
1532010645103354
1532010645103362
1532010645103371
1532010645103378
1532010645103387
1532010645103394
1532010645103403
1532010645103410
1532010645103417
1532010645103425
1532010645103433
1532010645103440
1532010645103449
1532010645103457
1532010645103465
1532010645103472
1532010645103484
1532010645103492
1532010645103499
1532010645103506
1532010645103515
1532010645103524
1532010645103599
1532010645103696
1532010645103812
1532010645103909
1532010645104041
1532010645104172
1532010645104288
1532010645104428
1532010645104548
1532010645104767
1532010645104843
1532010645104953
1532010645105062
1532010645105185
1532010645105308
1532010645105434
1532010645105560
1532010645105709
1532010645105824
1532010645105953
1532010645106069
1532010645106201
1532010645106326
1532010645106453
1532010645106576
1532010645106718
1532010645106842
1532010645106968
1532010645107086
1532010645107216
1532010645107345
1532010645107469
1532010645107596
1532010645107726
1532010645107870
1532010645107978
1532010645108111
1532010645108224
1532010645108366
1532010645108493
1532010645108629
1532010645108757
1532010645108862
1532010645108997
1532010645109132
1532010645109248
1532010645109373
1532010645109509
1532010645109645
1532010645109765
1532010645109895
1532010645110007
1532010645110134
1532010645110263
1532010645221135
1532010645221167
1532010645221179
1532010645221196
1532010645221208
1532010645221218
1532010645221247
1532010645221259
1532010645720426
1532010645720440
1532010645720449
1532010645720457
1532010645720470
1532010645720479
1532010645720487
1532010645720496
1532010646220479
1532010646220497
1532010646220508
1532010646220518
1532010646220530
1532010646220539
1532010646220548
1532010646220556
1532010646720310
1532010646720326
1532010646720334
1532010646720342
1532010646720350
1532010646720360
1532010646720368
1532010646720377
1532010647220490
1532010647220586
1532010647220598
1532010647220606
1532010647220615
1532010647220623
1532010647220631
1532010647220642
1532010647220650
1532010647720607
1532010647720623
1532010647720632
1532010647720640
1532010647720648
1532010647720655
1532010647720663
1532010647720674
1532010648220658
1532010648220674
1532010648220682
1532010648220691
1532010648220700
1532010648220709
1532010648220716
1532010648220725
1532010648720931
1532010648720948
1532010648720963
1532010648720972
1532010648720980
1532010648720988
1532010648721003
1532010648721012
1532010648721019
1532010649220809
1532010649220825
1532010649220834
1532010649220847
1532010649220856
1532010649220864
1532010649220872
1532010649220965
1532010649721046
1532010649721061
1532010649721075
1532010649721084
1532010649721092
1532010649721100
1532010649721116
1532010649721125
1532010649721132
1532010650221063
1532010650221079
1532010650221088
1532010650221096
1532010650221104
1532010650221111
1532010650221118
1532010650221126
1532010650721257
1532010650721276
1532010650721285
1532010650721293
1532010650721300
1532010650721308
1532010650721316
1532010650721324
1532010650721332
1532010651221390
1532010651221409
1532010651221422
1532010651221430
1532010651221438
1532010651221454
1532010651221462
1532010651221470
1532010651221478
1532010651721206
1532010651721221
1532010651721229
1532010651721242
1532010651721250
1532010651721259
1532010651721268
1532010651721286
1532010652221381
1532010652221578
1532010652221588
1532010652221597
1532010652221610
1532010652221619
1532010652221627
1532010652221635
1532010652221650
1532010652721348
1532010652721362
1532010652721371
1532010652721379
1532010652721387
1532010652721395
1532010652721402
1532010652721409
1532010653221507
1532010653221520
1532010653221532
1532010653221541
1532010653221549
1532010653221560
1532010653221569
1532010653221577
1532010653221584
1532010653721609
1532010653721624
1532010653721633
1532010653721641
1532010653721649
1532010653721657
1532010653721665
1532010653721680
1532010653721688
1532010654221795
1532010654221920
1532010654221932
1532010654221941
1532010654221950
1532010654221958
1532010654221965
1532010654221974
1532010654221982
1532010654722006
1532010654722026
1532010654722039
1532010654722048
1532010654722057
1532010654722065
1532010654722073
1532010654722081
1532010654722088
1532010655221957
1532010655221979
1532010655221994
1532010655222003
1532010655222012
1532010655222020
1532010655222035
1532010655222044
1532010655722147
1532010655722163
1532010655722172
1532010655722181
1532010655722195
1532010655722204
1532010655722213
1532010655722225
1532010655722234
1532010656222270
1532010656222286
1532010656222300
1532010656222311
1532010656222320
1532010656222330
1532010656222339
1532010656222348
1532010656222357
1532010656722277
1532010656722298
1532010656722310
1532010656722320
1532010656722328
1532010656722337
1532010656722346
1532010656722360
1532010657222463
1532010657222482
1532010657222493
1532010657222502
1532010657222512
1532010657222527
1532010657222538
1532010657222547
1532010657222555
1532010657722482
1532010657722499
1532010657722508
1532010657722518
1532010657722527
1532010657722537
1532010657722546
1532010657722555
1532010658223047
1532010658223062
1532010658223070
1532010658223078
1532010658223086
1532010658223093
1532010658223101
1532010658223109
1532010658223116
1532010658722641
1532010658722659
1532010658722670
1532010658722678
1532010658722686
1532010658722695
1532010658722706
1532010658722715
1532010659222745
1532010659222761
1532010659222769
1532010659222777
1532010659222793
1532010659222802
1532010659222809
1532010659222818
1532010659222827
1532010659722682
1532010659722701
1532010659722710
1532010659722718
1532010659722729
1532010659722736
1532010659722744
1532010659722751
1532010660222884
1532010660223168
1532010660223188
1532010660223196
1532010660223207
1532010660223225
1532010660223234
1532010660223243
1532010660223251
1532010660723035
1532010660723056
1532010660723065
1532010660723073
1532010660723083
1532010660723097
1532010660723105
1532010660723113
1532010661223220
1532010661223241
1532010661223262
1532010661223270
1532010661223278
1532010661223286
1532010661223302
1532010661223311
1532010661223327
1532010661723240
1532010661723259
1532010661723273
1532010661723282
1532010661723290
1532010661723297
1532010661723305
1532010661723313
1532010662223271
1532010662223290
1532010662223299
1532010662223314
1532010662223322
1532010662223330
1532010662223346
1532010662223355
1532010662723443
1532010662723611
1532010662723622
1532010662723630
1532010662723638
1532010662723647
1532010662723656
1532010662723664
1532010662723674
1532010663223392
1532010663223408
1532010663223417
1532010663223425
1532010663223433
1532010663223446
1532010663223454
1532010663223472
1532010663723591
1532010663723610
1532010663723624
1532010663723634
1532010663723642
1532010663723650
1532010663723658
1532010663723667
1532010663723675
1532010664223612
1532010664223629
1532010664223637
1532010664223646
1532010664223654
1532010664223662
1532010664223671
1532010664223680
1532010664723638
1532010664723654
1532010664723663
1532010664723672
1532010664723681
1532010664723689
1532010664723696
1532010664723713
1532010665223696
1532010665223714
1532010665223723
1532010665223732
1532010665223741
1532010665223749
1532010665223760
1532010665223769
1532010665723835
1532010665723850
1532010665723859
1532010665723866
1532010665723874
1532010665723881
1532010665723893
1532010665723901
1532010665723909
1532010666223926
1532010666223949
1532010666223957
1532010666223965
1532010666223972
1532010666223990
1532010666223998
1532010666224006
1532010666224021
1532010666723936
1532010666723954
1532010666723963
1532010666723971
1532010666723980
1532010666723988
1532010666723995
1532010666724003
1532010667224037
1532010667224051
1532010667224059
1532010667224068
1532010667224076
1532010667224083
1532010667224091
1532010667224098
1532010667224107
1532010667724423
1532010667724533
1532010667724544
1532010667724552
1532010667724560
1532010667724568
1532010667724576
1532010667724584
1532010667724592
1532010668224412
1532010668224429
1532010668224437
1532010668224446
1532010668224454
1532010668224461
1532010668224469
1532010668224477
1532010668724411
1532010668724426
1532010668724434
1532010668724442
1532010668724450
1532010668724457
1532010668724465
1532010668724473
1532010669224466
1532010669224479
1532010669224487
1532010669224494
1532010669224502
1532010669224510
1532010669224517
1532010669224528
1532010669724606
1532010669724948
1532010669724960
1532010669724969
1532010669724978
1532010669724987
1532010669724996
1532010669725005
1532010669725013
1532010670224676
1532010670224691
1532010670224699
1532010670224707
1532010670224715
1532010670224724
1532010670224732
1532010670224740
1532010670724639
1532010670724656
1532010670724666
1532010670724675
1532010670724684
1532010670724693
1532010670724701
1532010670724711
1532010671224791
1532010671224901
1532010671224913
1532010671224923
1532010671224932
1532010671224940
1532010671224949
1532010671224957
1532010671224966
1532010671725008
1532010671725034
1532010671725046
1532010671725055
1532010671725064
1532010671725072
1532010671725081
1532010671725090
1532010671725099
1532010672225045
1532010672225060
1532010672225069
1532010672225078
1532010672225096
1532010672225105
1532010672225119
1532010672225128
1532010672725065
1532010672725084
1532010672725094
1532010672725102
1532010672725110
1532010672725119
1532010672725128
1532010672725136
1532010673225173
1532010673225189
1532010673225197
1532010673225207
1532010673225215
1532010673225222
1532010673225231
1532010673225239
1532010673225252
1532010673725484
1532010673725502
1532010673725510
1532010673725517
1532010673725525
1532010673725533
1532010673725541
1532010673725548
1532010673725557
1532010674225376
1532010674225392
1532010674225403
1532010674225411
1532010674225419
1532010674225428
1532010674225436
1532010674225445
1532010674725445
1532010674725465
1532010674725474
1532010674725485
1532010674725493
1532010674725501
1532010674725507
1532010674725515
1532010675225491
1532010675225513
1532010675225526
1532010675225535
1532010675225543
1532010675225551
1532010675225559
1532010675225566
1532010675725637
1532010675725653
1532010675725664
1532010675725675
1532010675725687
1532010675725699
1532010675725707
1532010675725716
1532010675725723
1532010676225841
1532010676225855
1532010676225863
1532010676225871
1532010676225879
1532010676225888
1532010676225895
1532010676225903
1532010676225915
1532010676725661
1532010676725675
1532010676725692
1532010676725701
1532010676725708
1532010676725716
1532010676725730
1532010676725738
1532010677225841
1532010677225855
1532010677225863
1532010677225871
1532010677225888
1532010677225897
1532010677225905
1532010677225913
1532010677225931
1532010677725998
1532010677726018
1532010677726028
1532010677726037
1532010677726044
1532010677726052
1532010677726060
1532010677726069
1532010677726078
1532010678226201
1532010678226215
1532010678226223
1532010678226231
1532010678226239
1532010678226249
1532010678226257
1532010678226266
1532010678226274
1532010678726155
1532010678726171
1532010678726181
1532010678726190
1532010678726198
1532010678726206
1532010678726214
1532010678726223
1532010679226257
1532010679226272
1532010679226281
1532010679226289
1532010679226303
1532010679226313
1532010679226323
1532010679226331
1532010679226338
1532010679726371
1532010679726387
1532010679726395
1532010679726403
1532010679726411
1532010679726419
1532010679726427
1532010679726439
1532010679726449
1532010680226319
1532010680226339
1532010680226350
1532010680226358
1532010680226366
1532010680226374
1532010680226382
1532010680226395
1532010680726707
1532010680726722
1532010680726739
1532010680726748
1532010680726761
1532010680726776
1532010680726783
1532010680726791
1532010680726799
1532010681226910
1532010681226995
1532010681227007
1532010681227016
1532010681227025
1532010681227034
1532010681227042
1532010681227050
1532010681227058
1532010681726785
1532010681726803
1532010681726812
1532010681726820
1532010681726828
1532010681726836
1532010681726844
1532010681726851
1532010682226813
1532010682226834
1532010682226843
1532010682226852
1532010682226864
1532010682226872
1532010682226885
1532010682226893
1532010682727017
1532010682727211
1532010682727226
1532010682727243
1532010682727252
1532010682727260
1532010682727268
1532010682727287
1532010682727299
1532010683227141
1532010683227158
1532010683227174
1532010683227184
1532010683227192
1532010683227205
1532010683227220
1532010683227228
1532010683727133
1532010683727153
1532010683727162
1532010683727174
1532010683727182
1532010683727193
1532010683727201
1532010683727212
1532010684227268
1532010684227285
1532010684227299
1532010684227307
1532010684227315
1532010684227327
1532010684227336
1532010684227344
1532010684227356
1532010684727281
1532010684727298
1532010684727306
1532010684727321
1532010684727333
1532010684727340
1532010684727359
1532010684727367
1532010685227233
1532010685227246
1532010685227258
1532010685227266
1532010685227275
1532010685227282
1532010685227290
1532010685227298
1532010685727405
1532010685727420
1532010685727433
1532010685727442
1532010685727449
1532010685727457
1532010685727465
1532010685727476
1532010685727484
1532010686227483
1532010686227508
1532010686227518
1532010686227531
1532010686227543
1532010686227551
1532010686227559
1532010686227576
1532010686727650
1532010686727669
1532010686727678
1532010686727686
1532010686727694
1532010686727702
1532010686727709
1532010686727717
1532010686727726
1532010687227630
1532010687227648
1532010687227657
1532010687227665
1532010687227673
1532010687227681
1532010687227689
1532010687227697
1532010687727785
1532010687727800
1532010687727809
1532010687727818
1532010687727825
1532010687727833
1532010687727846
1532010687727855
1532010687727863
1532010688228119
1532010688228136
1532010688228145
1532010688228153
1532010688228163
1532010688228171
1532010688228179
1532010688228194
1532010688228203
1532010688727877
1532010688727894
1532010688727903
1532010688727921
1532010688727931
1532010688727939
1532010688727958
1532010688727967
1532010689228050
1532010689228067
1532010689228079
1532010689228087
1532010689228095
1532010689228105
1532010689228118
1532010689228127
1532010689228135
1532010689728086
1532010689728103
1532010689728112
1532010689728121
1532010689728129
1532010689728141
1532010689728149
1532010689728158
1532010690228267
1532010690228285
1532010690228299
1532010690228307
1532010690228315
1532010690228323
1532010690228331
1532010690228341
1532010690228350
1532010690728305
1532010690728321
1532010690728329
1532010690728336
1532010690728344
1532010690728351
1532010690728358
1532010690728366
1532010691228382
1532010691228399
1532010691228412
1532010691228420
1532010691228428
1532010691228435
1532010691228442
1532010691228450
1532010691228457
1532010691728524
1532010691728541
1532010691728550
1532010691728561
1532010691728570
1532010691728582
1532010691728590
1532010691728598
1532010691728605
1532010692229016
1532010692229031
1532010692229040
1532010692229048
1532010692229056
1532010692229072
1532010692229079
1532010692229088
1532010692229096
1532010692728756
1532010692728774
1532010692728783
1532010692728792
1532010692728800
1532010692728808
1532010692728817
1532010692728825
1532010693228914
1532010693228930
1532010693228938
1532010693228946
1532010693228954
1532010693228962
1532010693228969
1532010693228977
1532010693228985
1532010693728827
1532010693728841
1532010693728855
1532010693728863
1532010693728876
1532010693728885
1532010693728895
1532010693728904
1532010694228986
1532010694229003
1532010694229012
1532010694229020
1532010694229028
1532010694229035
1532010694229043
1532010694229051
1532010694229059
1532010694728982
1532010694728995
1532010694729003
1532010694729010
1532010694729017
1532010694729023
1532010694729030
1532010694729041
1532010695229044
1532010695229059
1532010695229067
1532010695229074
1532010695229081
1532010695229092
1532010695229099
1532010695229107
1532010695729114
1532010695729127
1532010695729134
1532010695729141
1532010695729148
1532010695729155
1532010695729162
1532010695729169
1532010696229191
1532010696229206
1532010696229213
1532010696229220
1532010696229227
1532010696229234
1532010696229241
1532010696229248
1532010696229255
1532010696729321
1532010696729335
1532010696729350
1532010696729357
1532010696729365
1532010696729372
1532010696729390
1532010696729402
1532010696729409
1532010697229349
1532010697229363
1532010697229372
1532010697229379
1532010697229386
1532010697229393
1532010697229400
1532010697229407
1532010697729487
1532010697729503
1532010697729511
1532010697729526
1532010697729534
1532010697729542
1532010697729549
1532010697729562
1532010697729571
1532010698229646
1532010698229665
1532010698229674
1532010698229686
1532010698229694
1532010698229702
1532010698229709
1532010698229717
1532010698229733
1532010698729711
1532010698729731
1532010698729739
1532010698729747
1532010698729756
1532010698729767
1532010698729776
1532010698729784
1532010699229853
1532010699230188
1532010699230202
1532010699230211
1532010699230231
1532010699230240
1532010699230248
1532010699230263
1532010699230275
1532010699730082
1532010699730099
1532010699730113
1532010699730122
1532010699730130
1532010699730138
1532010699730154
1532010699730162
1532010700229999
1532010700230015
1532010700230031
1532010700230039
1532010700230047
1532010700230055
1532010700230072
1532010700230081
1532010700730103
1532010700730133
1532010700730150
1532010700730159
1532010700730171
1532010700730187
1532010700730196
1532010700730204
1532010700730212
1532010701230178
1532010701230195
1532010701230203
1532010701230213
1532010701230224
1532010701230233
1532010701230240
1532010701230247
1532010701730301
1532010701730319
1532010701730334
1532010701730342
1532010701730350
1532010701730358
1532010701730377
1532010701730386
1532010701730394
1532010702230456
1532010702230476
1532010702230491
1532010702230499
1532010702230507
1532010702230515
1532010702230522
1532010702230538
1532010702230546
1532010702730353
1532010702730368
1532010702730376
1532010702730383
1532010702730392
1532010702730405
1532010702730412
1532010702730421
1532010703230511
1532010703230776
1532010703230787
1532010703230795
1532010703230802
1532010703230810
1532010703230819
1532010703230831
1532010703230839
1532010703730583
1532010703730597
1532010703730608
1532010703730617
1532010703730624
1532010703730631
1532010703730639
1532010703730646
1532010704230585
1532010704230601
1532010704230609
1532010704230620
1532010704230628
1532010704230635
1532010704230642
1532010704230650
1532010704730701
1532010704730714
1532010704730722
1532010704730736
1532010704730748
1532010704730755
1532010704730763
1532010704730776
1532010704730783
1532010705230759
1532010705230775
1532010705230784
1532010705230792
1532010705230799
1532010705230806
1532010705230812
1532010705230820
1532010705730811
1532010705730826
1532010705730838
1532010705730847
1532010705730854
1532010705730862
1532010705730869
1532010705730877
1532010706231091
1532010706231105
1532010706231113
1532010706231127
1532010706231135
1532010706231143
1532010706231150
1532010706231163
1532010706231170
1532010706731182
1532010706731197
1532010706731205
1532010706731219
1532010706731227
1532010706731234
1532010706731242
1532010706731257
1532010706731266
1532010707231243
1532010707231259
1532010707231268
1532010707231276
1532010707231284
1532010707231292
1532010707231300
1532010707231311
1532010707731219
1532010707731235
1532010707731244
1532010707731252
1532010707731260
1532010707731273
1532010707731283
1532010707731292
1532010708231364
1532010708231387
1532010708231401
1532010708231409
1532010708231418
1532010708231426
1532010708231434
1532010708231444
1532010708231453
1532010708731545
1532010708731564
1532010708731573
1532010708731581
1532010708731589
1532010708731597
1532010708731604
1532010708731612
1532010708731621
1532010709231689
1532010709231707
1532010709231715
1532010709231724
1532010709231736
1532010709231744
1532010709231752
1532010709231761
1532010709231770
1532010709731595
1532010709731611
1532010709731629
1532010709731639
1532010709731651
1532010709731666
1532010709731675
1532010709731682
1532010710231732
1532010710231962
1532010710231973
1532010710231984
1532010710231992
1532010710232000
1532010710232008
1532010710232015
1532010710232022
1532010710732083
1532010710732099
1532010710732108
1532010710732116
1532010710732125
1532010710732134
1532010710732143
1532010710732151
1532010710732159
1532010711231915
1532010711231930
1532010711231939
1532010711231948
1532010711231957
1532010711231964
1532010711231973
1532010711231981
1532010711732060
1532010711732190
1532010711732208
1532010711732222
1532010711732231
1532010711732240
1532010711732248
1532010711732257
1532010711732266
1532010712232133
1532010712232149
1532010712232163
1532010712232172
1532010712232181
1532010712232190
1532010712232201
1532010712232210
1532010712732503
1532010712732518
1532010712732534
1532010712732542
1532010712732551
1532010712732560
1532010712732576
1532010712732586
1532010712732595
1532010713232295
1532010713232313
1532010713232321
1532010713232332
1532010713232341
1532010713232349
1532010713232358
1532010713232366
1532010713732376
1532010713732393
1532010713732401
1532010713732410
1532010713732418
1532010713732426
1532010713732436
1532010713732444
1532010714232537
1532010714232553
1532010714232574
1532010714232585
1532010714232593
1532010714232608
1532010714232616
1532010714232624
1532010714232646
1532010714732577
1532010714732601
1532010714732616
1532010714732637
1532010714732733
1532010714732744
1532010714732753
1532010714732769
1532010715232753
1532010715232770
1532010715232778
1532010715232786
1532010715232794
1532010715232802
1532010715232810
1532010715232817
1532010715732755
1532010715732774
1532010715732783
1532010715732791
1532010715732800
1532010715732808
1532010715732816
1532010715732828
1532010716232976
1532010716233304
1532010716233316
1532010716233332
1532010716233341
1532010716233350
1532010716233358
1532010716233373
1532010716233382
1532010716733002
1532010716733021
1532010716733030
1532010716733039
1532010716733054
1532010716733064
1532010716733073
1532010716733085
1532010717233023
1532010717233039
1532010717233048
1532010717233056
1532010717233065
1532010717233073
1532010717233082
1532010717233091
1532010717733326
1532010717734347
1532010717734378
1532010717734395
1532010717734410
1532010717734425
1532010717734441
1532010717734457
1532010717734472
1532010718233411
1532010718233425
1532010718233434
1532010718233442
1532010718233450
1532010718233458
1532010718233466
1532010718233486
1532010718733579
1532010718733977
1532010718733991
1532010718734007
1532010718734016
1532010718734025
1532010718734033
1532010718734042
1532010718734052
1532010719233534
1532010719233548
1532010719233556
1532010719233566
1532010719233574
1532010719233582
1532010719233590
1532010719233605
1532010719733910
1532010719735963
1532010719736006
1532010719736029
1532010719736052
1532010719736073
1532010719736092
1532010719736112
1532010719736133
