1534238157704268
1534238158204344
1534238158704415
1534238159204821
1534238159704945
1534238160205023
1534238160705796
1534238161206062
1534238161706153
1534238162206226
1534238162706313
1534238163206458
1534238163706549
1534238164206622
1534238164706736
1534238165206853
1534238166207066
1534238166707164
1534238167207261
1534238167707334
1534238168207444
1534238168707521
1534238169207602
1534238169707700
1534238170207834
1534238170708089
1534238171208160
1534238171708231
1534238172208347
1534238172708465
1534238173208561
1534238173708638
1534238174709082
1534238175209167
1534238175709292
1534238176209611
1534238176709692
1534238177209776
1534238177709867
1534238178209977
1534238178710085
1534238179210175
1534238179710250
1534238180210562
1534238180710635
1534238181210708
1534238181710876
1534238182211004
1534238182711211
1534238183211336
1534238183711707
1534238184211809
1534238184711917
1534238185212028
1534238185712145
1534238186212273
1534238186712368
1534238187212468
1534238187713745
1534238188714041
1534238189214180
1534238189714275
1534238190214392
1534238190714555
1534238191214703
1534238191714828
1534238192214912
1534238193215275
1534238194216785
1534238194719130
1534238195219252
1534238195719365
1534238196219496
1534238196719704
1534238197219878
1534238197720011
1534238198220171
1534238198720350
1534238199220611
1534238201221062
1534238201721195
1534238202721611
1534238203221752
1534238203721870
1534238204221973
1534238204722068
1534238205722292
1534238206222481
1534238207222729
1534238207722806
1534238208222899
1534238209723309
1534238210223410
1534238210723602
1534238211223677
1534238212224056
1534238212724206
1534238213224413
1534238214224595
1534238214724746
1534238215224873
1534238215725427
1534238216225560
1534238217225798
1534238217725929
1534238218226023
1534238218726204
1534238219726694
1534238220728952
1534238221229079
1534238222729402
1534238223229523
1534238223729690
1534238224229799
1534238224729888
1534238225229963
1534238225730109
1534238226230821
1534238226731092
1534238227731308
1534238228231393
1534238228731480
1534238229231931
1534238229732026
1534238230232161
1534238231234112
1534238231734284
1534238232734847
1534238233234976
1534238233735051
1534238234235139
1534238234735216
1534238235235292
1534238235735468
1534238236235577
1534238236735685
1534238237235824
1534238237736019
1534238238236107
1534238238736220
1534238239736439
1534238240236528
1534238240736657
1534238241236742
1534238241736851
1534238242236969
1534238242737080
1534238243237291
1534238243737401
1534238244237498
1534238245237776
1534238245737854
1534238246237985
1534238247739000
1534238248739202
1534238249239295
1534238249739452
1534238250739945
1534238251240152
1534238252240423
1534238252740850
1534238253240940
1534238254241269
1534238254741432
1534238256241821
