1534238157207449
1534238157207533
1534238157208282
1534238157706292
1534238157706427
1534238158206534
1534238158206682
1534238158705377
1534238158705402
1534238158705518
1534238159205690
1534238159205768
1534238159205893
1534238159205937
1534238159706012
1534238159706290
1534238159706495
1534238160205942
1534238160206238
1534238160206444
1534238160706909
1534238160707279
1534238160707580
1534238161207118
1534238161207280
1534238161707423
1534238161707711
1534238162207252
1534238162207431
1534238162207638
1534238162207794
1534238162706989
1534238162707187
1534238162707585
1534238163207927
1534238163208023
1534238163707743
1534238163707791
1534238164207548
1534238164207686
1534238164207801
1534238164708111
1534238164708514
1534238165207840
1534238165207930
1534238165708223
1534238165708568
1534238165708836
1534238166208670
1534238166208869
1534238166707973
1534238166709396
1534238166709621
1534238167210297
1534238167210355
1534238167708329
1534238167708670
1534238167708978
1534238168211956
1534238168212107
1534238168709136
1534238168709611
1534238168709797
1534238169209012
1534238169209207
1534238169709977
1534238169711449
1534238169711675
1534238170208860
1534238170208932
1534238170708698
1534238170709447
1534238170709618
1534238171209657
1534238171209792
1534238171210048
1534238171709070
1534238171709253
1534238171710044
1534238172210070
1534238172210156
1534238172709758
1534238172710111
1534238173209347
1534238173209680
1534238173209817
1534238173709972
1534238173710159
1534238173710711
1534238173710782
1534238174210504
1534238174210566
1534238174210664
1534238174710680
1534238174710886
1534238175212374
1534238175212503
1534238175710738
1534238175710969
1534238176210443
1534238176210655
1534238176210988
1534238176211065
1534238176710854
1534238176711075
1534238177211172
1534238177211381
1534238177710785
1534238177711120
1534238178210906
1534238178211322
1534238178211618
1534238178710728
1534238178710943
1534238178711105
1534238179211195
1534238179211381
1534238179211599
1534238179711188
1534238179711360
1534238179711472
1534238180211985
1534238180213563
1534238180213729
1534238180711776
1534238180711965
1534238180712216
1534238181211948
1534238181212243
1534238181713934
1534238181714044
1534238182211962
1534238182212023
1534238182212267
1534238182712325
1534238182712646
1534238183215084
1534238183215218
1534238183712792
1534238183712859
1534238183713096
1534238184213988
1534238184214179
1534238184712886
1534238184713274
1534238184713538
1534238185216121
1534238185216540
1534238185713173
1534238185713289
1534238185713545
1534238186213801
1534238186213994
1534238186713853
1534238186713943
1534238187213603
1534238187213728
1534238187213946
1534238187715132
1534238187715681
1534238187715958
1534238188215124
1534238188215794
1534238188215871
1534238188714903
1534238188714986
1534238188715201
1534238189215791
1534238189216033
1534238189716408
1534238189716545
1534238190215814
1534238190216163
1534238190216587
1534238190716142
1534238190716200
1534238191215978
1534238191216328
1534238191216432
1534238191716185
1534238191716643
1534238191719822
1534238192217083
1534238192217251
1534238192716421
1534238192718316
1534238192719569
1534238193216754
1534238193217129
1534238193217390
1534238193722979
1534238193730038
1534238193730358
1534238194218532
1534238194218820
1534238194721745
1534238194722140
1534238195221443
1534238195221600
1534238195222224
1534238195720351
1534238195720850
1534238195721117
1534238196221764
1534238196221882
1534238196721770
1534238196722324
1534238196722504
1534238197221190
1534238197221585
1534238197222042
1534238197726555
1534238197726792
1534238198220822
1534238198221254
1534238198221315
1534238198721827
1534238198722848
1534238198723072
1534238199222568
1534238199222944
1534238199223264
1534238199722718
1534238199722955
1534238199723327
1534238200222509
1534238200222777
1534238200724456
1534238200725352
1534238200726367
1534238201233799
1534238201233965
1534238201722601
1534238201722810
1534238201723129
1534238202224590
1534238202224732
1534238202226252
1534238202725124
1534238202725398
1534238203224355
1534238203224460
1534238203723309
1534238203723720
1534238203723928
1534238204224320
1534238204224931
1534238204724159
1534238204724224
1534238205224174
1534238205224470
1534238205224872
1534238205225040
1534238205724598
1534238205727092
1534238205727387
1534238206229278
1534238206229526
1534238206723818
1534238206724720
1534238206724879
1534238207224607
1534238207224900
1534238207225138
1534238207724352
1534238207724715
1534238208223937
1534238208223985
1534238208224149
1534238208727889
1534238208728588
1534238209224156
1534238209224625
1534238209225282
1534238209724477
1534238209724887
1534238209725235
1534238209725431
1534238210225396
1534238210226403
1534238210226622
1534238210725113
1534238210725285
1534238211224366
1534238211224541
1534238211724973
1534238211725647
1534238211725895
1534238212225615
1534238212225802
1534238212725151
1534238212725285
1534238212725415
1534238213226043
1534238213226403
1534238213726813
1534238213727218
1534238213727705
1534238214226897
1534238214227275
1534238214227587
1534238214726010
1534238214726316
1534238214726583
1534238215226347
1534238215227010
1534238215227329
1534238215728353
1534238215728545
1534238215728792
1534238215728880
1534238216226893
1534238216227034
1534238216227376
1534238216727189
1534238216727407
1534238216727655
1534238217227379
1534238217227708
1534238217227865
1534238217728563
1534238217728708
1534238217728848
1534238218227700
1534238218228189
1534238218727817
1534238218728162
1534238218728434
1534238219229756
1534238219230428
1534238219231520
1534238219728466
1534238219728931
1534238219729036
1534238220228158
1534238220229151
1534238220734558
1534238220738842
1534238220739101
1534238221230878
1534238221231099
1534238221732007
1534238221732932
1534238221737460
1534238222230330
1534238222230470
1534238222230761
1534238222731848
1534238222732292
1534238223233340
1534238223233547
1534238223734211
1534238223734439
1534238224231463
1534238224231601
1534238224731539
1534238224731769
1534238224732000
1534238225231659
1534238225231954
1534238225734771
1534238225735242
1534238226234368
1534238226235705
1534238226235898
1534238226732353
1534238226732631
1534238226732691
1534238227232875
1534238227232946
1534238227234342
1534238227234555
1534238227732611
1534238227733719
1534238227733992
1534238228232856
1534238228233234
1534238228233266
1534238228233519
1534238228738395
1534238228740778
1534238229232994
1534238229233243
1534238229233532
1534238229733786
1534238229734980
1534238229735224
1534238230233730
1534238230233935
1534238230234145
1534238230735002
1534238230735283
1534238230737477
1534238230737535
1534238231235177
1534238231235837
1534238231235932
1534238231735277
1534238231735401
1534238232236047
1534238232237591
1534238232736487
1534238232736747
1534238233236027
1534238233236322
1534238233237151
1534238233736016
1534238233736228
1534238233736427
1534238234236378
1534238234236564
1534238234236802
1534238234736510
1534238234736760
1534238235237117
1534238235237641
1534238235237960
1534238235736822
1534238235736986
1534238235737357
1534238236236779
1534238236239977
1534238236240166
1534238236741475
1534238236741717
1534238236741977
1534238237236533
1534238237236626
1534238237236824
1534238237236868
1534238237737076
1534238237737286
1534238237737368
1534238238237157
1534238238237254
1534238238738147
1534238238738229
1534238239236995
1534238239237041
1534238239237057
1534238239237070
1534238239238003
1534238239738098
1534238239738241
1534238239738301
1534238239738480
1534238239738785
1534238240237554
1534238240237862
1534238240237903
1534238240238145
1534238240738715
1534238240739081
1534238241238344
1534238241238930
1534238241738235
1534238241739024
1534238242238563
1534238242238673
1534238242744546
1534238242744672
1534238243238375
1534238243238724
1534238243239531
1534238243239770
1534238243738676
1534238243738916
1534238243739105
1534238244239396
1534238244239490
1534238244239557
1534238244739343
1534238244739926
1534238245239044
1534238245239189
1534238245239373
1534238245739861
1534238245740672
1534238245740859
1534238246241956
1534238246242103
1534238246744746
1534238246745667
1534238246746251
1534238246746314
1534238247240364
1534238247240845
1534238247741230
1534238247741452
1534238248240950
1534238248244761
1534238248740866
1534238248741383
1534238248741697
1534238249240758
1534238249241182
1534238249241531
1534238249742427
1534238249742664
1534238250240696
1534238250240867
1534238250241060
1534238250741741
1534238250741935
1534238251241823
1534238251242005
1534238251242196
1534238251746767
1534238251746952
1534238251748869
1534238251749001
1534238252241736
1534238252242011
1534238252741946
1534238252742456
1534238252742572
1534238253246465
1534238253246815
1534238253743648
1534238253743894
1534238254242796
1534238254243208
1534238254744941
1534238254745156
1534238255243697
1534238255244103
1534238255244356
1534238255742785
1534238255743010
1534238255745954
1534238255745998
1534238256243560
1534238256243814
