1534238157207559
1534238157207579
1534238157207594
1534238157207602
1534238157207608
1534238157207615
1534238157207627
1534238157207633
1534238157208333
1534238157208352
1534238157208361
1534238157208368
1534238157706475
1534238157706489
1534238157706497
1534238157706504
1534238157706511
1534238157706519
1534238157706525
1534238157706531
1534238157706538
1534238157706547
1534238157706554
1534238157706565
1534238158206778
1534238158206791
1534238158206803
1534238158206811
1534238158206818
1534238158206826
1534238158206833
1534238158206844
1534238158206851
1534238158206858
1534238158206865
1534238158206871
1534238158206884
1534238158705631
1534238158705644
1534238158705651
1534238158705658
1534238158705667
1534238158705674
1534238158705681
1534238158705688
1534238158705695
1534238158705701
1534238158705708
1534238158705715
1534238159205747
1534238159205828
1534238159205838
1534238159205846
1534238159205854
1534238159205861
1534238159205868
1534238159205875
1534238159205881
1534238159205956
1534238159205966
1534238159205973
1534238159205980
1534238159706230
1534238159706375
1534238159706397
1534238159706406
1534238159706413
1534238159706420
1534238159706427
1534238159706434
1534238159706440
1534238159706521
1534238159706529
1534238159706536
1534238159706543
1534238160206263
1534238160206275
1534238160206282
1534238160206288
1534238160206296
1534238160206304
1534238160206311
1534238160206318
1534238160206469
1534238160206479
1534238160206487
1534238160206493
1534238160706559
1534238160707374
1534238160707384
1534238160707391
1534238160707398
1534238160707405
1534238160707412
1534238160707419
1534238160707426
1534238160707632
1534238160707642
1534238160707650
1534238160707657
1534238161207228
1534238161207242
1534238161207251
1534238161207260
1534238161207268
1534238161207275
1534238161207283
1534238161207291
1534238161207298
1534238161207311
1534238161207319
1534238161207325
1534238161707391
1534238161707516
1534238161707527
1534238161707535
1534238161707542
1534238161707549
1534238161707556
1534238161707563
1534238161707570
1534238161707799
1534238161707810
1534238161707817
1534238161707824
1534238162207574
1534238162207586
1534238162207593
1534238162207600
1534238162207607
1534238162207613
1534238162207620
1534238162207626
1534238162207821
1534238162207830
1534238162207837
1534238162207844
1534238162707213
1534238162707227
1534238162707234
1534238162707241
1534238162707248
1534238162707254
1534238162707261
1534238162707268
1534238162707675
1534238162707685
1534238162707693
1534238162707700
1534238163208144
1534238163208159
1534238163208168
1534238163208180
1534238163208187
1534238163208194
1534238163208201
1534238163208208
1534238163208220
1534238163208227
1534238163208234
1534238163208242
1534238163208249
1534238163707895
1534238163707911
1534238163707919
1534238163707927
1534238163707935
1534238163707942
1534238163707950
1534238163707957
1534238163707965
1534238163707972
1534238163707980
1534238163707987
1534238164207749
1534238164207764
1534238164207775
1534238164207784
1534238164207791
1534238164207802
1534238164207810
1534238164207819
1534238164207826
1534238164207834
1534238164207842
1534238164207849
1534238164708192
1534238164708207
1534238164708217
1534238164708225
1534238164708232
1534238164708240
1534238164708249
1534238164708257
1534238164708265
1534238164708569
1534238164708581
1534238164708588
1534238164708596
1534238165208094
1534238165208108
1534238165208116
1534238165208127
1534238165208135
1534238165208146
1534238165208154
1534238165208162
1534238165208169
1534238165208177
1534238165208185
1534238165208196
1534238165708261
1534238165708275
1534238165708283
1534238165708291
1534238165708298
1534238165708306
1534238165708314
1534238165708324
1534238165708331
1534238165708889
1534238165708901
1534238165708908
1534238165708915
1534238166208753
1534238166208768
1534238166208776
1534238166208784
1534238166208792
1534238166208799
1534238166208806
1534238166208814
1534238166208897
1534238166208908
1534238166208916
1534238166208923
1534238166710139
1534238166710155
1534238166710164
1534238166710171
1534238166710179
1534238166710197
1534238166710206
1534238166710213
1534238166710220
1534238166710232
1534238166710239
1534238166710247
1534238166710254
1534238167210421
1534238167210435
1534238167210442
1534238167210450
1534238167210458
1534238167210465
1534238167210472
1534238167210479
1534238167210486
1534238167210494
1534238167210501
1534238167210508
1534238167210515
1534238167708704
1534238167708717
1534238167708725
1534238167708732
1534238167708739
1534238167708746
1534238167708753
1534238167708761
1534238167709062
1534238167709073
1534238167709081
1534238167709087
1534238168209211
1534238168212041
1534238168212056
1534238168212065
1534238168212073
1534238168212084
1534238168212091
1534238168212098
1534238168212105
1534238168212230
1534238168212239
1534238168212245
1534238168212252
1534238168709700
1534238168709715
1534238168709723
1534238168709729
1534238168709736
1534238168709743
1534238168709750
1534238168709757
1534238168709815
1534238168709824
1534238168709832
1534238168709839
1534238169209059
1534238169209072
1534238169209079
1534238169209086
1534238169209094
1534238169209101
1534238169209108
1534238169209115
1534238169209233
1534238169209242
1534238169209249
1534238169209255
1534238169709324
1534238169711558
1534238169711570
1534238169711577
1534238169711584
1534238169711591
1534238169711597
1534238169711604
1534238169711611
1534238169711701
1534238169711710
1534238169711718
1534238169711726
1534238170209022
1534238170209037
1534238170209046
1534238170209058
1534238170209066
1534238170209073
1534238170209080
1534238170209087
1534238170209099
1534238170209107
1534238170209114
1534238170209121
1534238170709505
1534238170709520
1534238170709528
1534238170709535
1534238170709544
1534238170709551
1534238170709559
1534238170709566
1534238170709636
1534238170709645
1534238170709652
1534238170709659
1534238171209853
1534238171209866
1534238171209873
1534238171209880
1534238171209888
1534238171209896
1534238171209903
1534238171209910
1534238171209916
1534238171210075
1534238171210084
1534238171210091
1534238171210098
1534238171710083
1534238171710098
1534238171710108
1534238171710116
1534238171710126
1534238171710133
1534238171710144
1534238171710155
1534238171710164
1534238171710173
1534238171710182
1534238171710189
1534238172210235
1534238172210251
1534238172210260
1534238172210266
1534238172210273
1534238172210280
1534238172210288
1534238172210297
1534238172210303
1534238172210310
1534238172210317
1534238172210323
1534238172210330
1534238172710271
1534238172710287
1534238172710296
1534238172710305
1534238172710312
1534238172710319
1534238172710326
1534238172710333
1534238172710341
1534238172710348
1534238172710356
1534238172710368
1534238173209852
1534238173209868
1534238173209876
1534238173209883
1534238173209891
1534238173209898
1534238173209905
1534238173209917
1534238173209924
1534238173209933
1534238173209941
1534238173209951
1534238173711796
1534238173711808
1534238173711816
1534238173711823
1534238173711830
1534238173711837
1534238173711847
1534238173711856
1534238173711863
1534238173711870
1534238173711877
1534238173711888
1534238173711896
1534238174212274
1534238174212289
1534238174212297
1534238174212309
1534238174212316
1534238174212323
1534238174212331
1534238174212336
1534238174212342
1534238174212348
1534238174212356
1534238174212362
1534238174212370
1534238174710718
1534238174710731
1534238174710739
1534238174710746
1534238174710753
1534238174710761
1534238174710769
1534238174710776
1534238174710917
1534238174710924
1534238174710931
1534238174710939
1534238175211179
1534238175212430
1534238175212440
1534238175212447
1534238175212454
1534238175212466
1534238175212474
1534238175212481
1534238175212488
1534238175212532
1534238175212540
1534238175212548
1534238175212555
1534238175710930
1534238175710952
1534238175710960
1534238175710968
1534238175710974
1534238175710982
1534238175710994
1534238175711002
1534238175711009
1534238175711016
1534238175711023
1534238175711036
1534238176211087
1534238176211102
1534238176211110
1534238176211117
1534238176211124
1534238176211131
1534238176211137
1534238176211144
1534238176211151
1534238176211169
1534238176211177
1534238176211184
1534238176211191
1534238176710962
1534238176710977
1534238176710985
1534238176710998
1534238176711005
1534238176711012
1534238176711020
1534238176711026
1534238176711105
1534238176711120
1534238176711127
1534238176711134
1534238177211292
1534238177211306
1534238177211315
1534238177211321
1534238177211332
1534238177211339
1534238177211348
1534238177211355
1534238177211363
1534238177211424
1534238177211433
1534238177211441
1534238177211451
1534238177710832
1534238177710851
1534238177710859
1534238177710866
1534238177710872
1534238177710879
1534238177710885
1534238177710892
1534238177711184
1534238177711197
1534238177711205
1534238177711213
1534238178211515
1534238178211530
1534238178211542
1534238178211550
1534238178211557
1534238178211564
1534238178211570
1534238178211582
1534238178211590
1534238178211678
1534238178211688
1534238178211702
1534238178211709
1534238178711014
1534238178711035
1534238178711044
1534238178711051
1534238178711064
1534238178711072
1534238178711080
1534238178711089
1534238178711208
1534238178711225
1534238178711232
1534238178711239
1534238179211495
1534238179211511
1534238179211518
1534238179211525
1534238179211532
1534238179211539
1534238179211546
1534238179211553
1534238179211560
1534238179211641
1534238179211652
1534238179211660
1534238179211667
1534238179711388
1534238179711402
1534238179711409
1534238179711416
1534238179711423
1534238179711430
1534238179711437
1534238179711444
1534238179711488
1534238179711497
1534238179711505
1534238179711512
1534238180211643
1534238180213626
1534238180213636
1534238180213643
1534238180213652
1534238180213659
1534238180213666
1534238180213674
1534238180213682
1534238180213758
1534238180213768
1534238180213775
1534238180213782
1534238180712313
1534238180712326
1534238180712335
1534238180712343
1534238180712350
1534238180712357
1534238180712365
1534238180712373
1534238180712380
1534238180712388
1534238180712395
1534238180712403
1534238181212022
1534238181212036
1534238181212044
1534238181212051
1534238181212059
1534238181212066
1534238181212075
1534238181212082
1534238181212318
1534238181212326
1534238181212333
1534238181212340
1534238181712407
1534238181713981
1534238181713994
1534238181714001
1534238181714008
1534238181714015
1534238181714027
1534238181714034
1534238181714041
1534238181714102
1534238181714112
1534238181714119
1534238181714126
1534238182212141
1534238182212156
1534238182212164
1534238182212176
1534238182212184
1534238182212191
1534238182212198
1534238182212204
1534238182212293
1534238182212303
1534238182212313
1534238182212321
1534238182712410
1534238182712429
1534238182712437
1534238182712445
1534238182712457
1534238182712466
1534238182712475
1534238182712481
1534238182712488
1534238182712739
1534238182712749
1534238182712756
1534238182712765
1534238183212949
1534238183215123
1534238183215135
1534238183215142
1534238183215150
1534238183215157
1534238183215168
1534238183215175
1534238183215182
1534238183215258
1534238183215267
1534238183215274
1534238183215281
1534238183712901
1534238183712915
1534238183712923
1534238183712929
1534238183712936
1534238183712944
1534238183712951
1534238183712958
1534238183713125
1534238183713134
1534238183713141
1534238183713148
1534238184213266
1534238184214064
1534238184214074
1534238184214082
1534238184214094
1534238184214102
1534238184214109
1534238184214116
1534238184214123
1534238184214227
1534238184214235
1534238184214242
1534238184214254
1534238184713335
1534238184713349
1534238184713358
1534238184713366
1534238184713373
1534238184713380
1534238184713387
1534238184713393
1534238184713630
1534238184713643
1534238184713650
1534238184713656
1534238185213900
1534238185216161
1534238185216177
1534238185216185
1534238185216192
1534238185216199
1534238185216206
1534238185216213
1534238185216220
1534238185216570
1534238185216580
1534238185216588
1534238185216595
1534238185713352
1534238185713369
1534238185713377
1534238185713384
1534238185713390
1534238185713397
1534238185713404
1534238185713411
1534238185713571
1534238185713583
1534238185713591
1534238185713599
1534238186213867
1534238186213889
1534238186213897
1534238186213904
1534238186213911
1534238186213923
1534238186213930
1534238186213937
1534238186213943
1534238186214032
1534238186214047
1534238186214054
1534238186214061
1534238186714016
1534238186714031
1534238186714038
1534238186714046
1534238186714053
1534238186714061
1534238186714068
1534238186714074
1534238186714084
1534238186714091
1534238186714098
1534238186714105
1534238187213871
1534238187213886
1534238187213894
1534238187213900
1534238187213907
1534238187213914
1534238187213923
1534238187213930
1534238187214068
1534238187214079
1534238187214086
1534238187214094
1534238187714181
1534238187715805
1534238187715820
1534238187715828
1534238187715835
1534238187715842
1534238187715849
1534238187715858
1534238187715865
1534238187716026
1534238187716038
1534238187716045
1534238187716052
1534238188215255
1534238188215272
1534238188215280
1534238188215290
1534238188215297
1534238188215305
1534238188215312
1534238188215319
1534238188215890
1534238188215901
1534238188215909
1534238188215916
1534238188715049
1534238188715064
1534238188715071
1534238188715078
1534238188715085
1534238188715092
1534238188715099
1534238188715108
1534238188715257
1534238188715267
1534238188715274
1534238188715281
1534238189215760
1534238189215837
1534238189215848
1534238189215856
1534238189215864
1534238189215871
1534238189215879
1534238189215886
1534238189215893
1534238189216053
1534238189216062
1534238189216070
1534238189216077
1534238189716152
1534238189716445
1534238189716456
1534238189716464
1534238189716472
1534238189716480
1534238189716487
1534238189716494
1534238189716501
1534238189716618
1534238189716628
1534238189716636
1534238189716643
1534238190216264
1534238190216279
1534238190216291
1534238190216299
1534238190216306
1534238190216313
1534238190216321
1534238190216329
1534238190216618
1534238190216629
1534238190216636
1534238190216644
1534238190716231
1534238190716246
1534238190716254
1534238190716267
1534238190716274
1534238190716282
1534238190716289
1534238190716296
1534238190716309
1534238190716316
1534238190716324
1534238190716331
1534238191216677
1534238191216698
1534238191216708
1534238191216717
1534238191216725
1534238191216733
1534238191216742
1534238191216751
1534238191216760
1534238191216769
1534238191216778
1534238191216788
1534238191216797
1534238191721248
1534238191721263
1534238191721273
1534238191721281
1534238191721290
1534238191721299
1534238191721307
1534238191721317
1534238191721329
1534238191721338
1534238191721346
1534238191721355
1534238191721364
1534238192217261
1534238192217279
1534238192217289
1534238192217298
1534238192217306
1534238192217315
1534238192217328
1534238192217337
1534238192217345
1534238192217353
1534238192217362
1534238192217370
1534238192718429
1534238192718447
1534238192718457
1534238192718470
1534238192718479
1534238192718488
1534238192718497
1534238192718511
1534238192719843
1534238192719857
1534238192719868
1534238192719883
1534238193217174
1534238193217192
1534238193217202
1534238193217210
1534238193217218
1534238193217227
1534238193217235
1534238193217245
1534238193217568
1534238193217582
1534238193217592
1534238193217601
1534238193723347
1534238193723364
1534238193723374
1534238193723384
1534238193723393
1534238193723403
1534238193723414
1534238193723423
1534238193723433
1534238193730460
1534238193730474
1534238193730483
1534238193730493
1534238194219531
1534238194219556
1534238194219567
1534238194219581
1534238194219592
1534238194219602
1534238194219612
1534238194219629
1534238194219638
1534238194219648
1534238194219663
1534238194219672
1534238194719818
1534238194722005
1534238194722020
1534238194722030
1534238194722039
1534238194722049
1534238194722060
1534238194722069
1534238194722079
1534238194722269
1534238194722279
1534238194722290
1534238194722300
1534238195222035
1534238195222056
1534238195222067
1534238195222077
1534238195222087
1534238195222098
1534238195222106
1534238195222116
1534238195222246
1534238195222257
1534238195222266
1534238195222275
1534238195720912
1534238195720928
1534238195720937
1534238195720946
1534238195720955
1534238195720976
1534238195720984
1534238195720992
1534238195721151
1534238195721162
1534238195721173
1534238195721182
1534238196221741
1534238196221975
1534238196221989
1534238196222000
1534238196222009
1534238196222018
1534238196222027
1534238196222036
1534238196222044
1534238196222054
1534238196222064
1534238196222074
1534238196222084
1534238196722556
1534238196722575
1534238196722586
1534238196722595
1534238196722604
1534238196722613
1534238196722622
1534238196722640
1534238196722649
1534238196722658
1534238196722667
1534238196722678
1534238197221720
1534238197221736
1534238197221749
1534238197221759
1534238197221767
1534238197221784
1534238197221793
1534238197221808
1534238197222084
1534238197222098
1534238197222107
1534238197222115
1534238197722399
1534238197726661
1534238197726675
1534238197726683
1534238197726691
1534238197726699
1534238197726707
1534238197726715
1534238197726724
1534238197726865
1534238197726876
1534238197726885
1534238197726893
1534238198221343
1534238198221361
1534238198221369
1534238198221378
1534238198221386
1534238198221395
1534238198221404
1534238198221413
1534238198221422
1534238198221431
1534238198221439
1534238198221447
1534238198721851
1534238198722909
1534238198722927
1534238198722936
1534238198722944
1534238198722953
1534238198722961
1534238198722969
1534238198722978
1534238198723093
1534238198723104
1534238198723113
1534238198723121
1534238199223032
1534238199223051
1534238199223061
1534238199223070
1534238199223079
1534238199223088
1534238199223097
1534238199223106
1534238199223381
1534238199223394
1534238199223402
1534238199223411
1534238199722988
1534238199723007
1534238199723016
1534238199723024
1534238199723033
1534238199723042
1534238199723051
1534238199723060
1534238199723603
1534238199723617
1534238199723627
1534238199723636
1534238200222811
1534238200222828
1534238200222838
1534238200222846
1534238200222855
1534238200222864
1534238200222875
1534238200222884
1534238200222895
1534238200222904
1534238200222913
1534238200222921
1534238200724500
1534238200724521
1534238200724530
1534238200724539
1534238200724547
1534238200724557
1534238200724567
1534238200724575
1534238200724584
1534238200726429
1534238200726441
1534238200726450
1534238200726458
1534238201226679
1534238201233852
1534238201233870
1534238201233880
1534238201233889
1534238201233897
1534238201233906
1534238201233914
1534238201233922
1534238201233986
1534238201233998
1534238201234008
1534238201234017
1534238201723111
1534238201723129
1534238201723138
1534238201723147
1534238201723155
1534238201723165
1534238201723174
1534238201723184
1534238201723193
1534238201723202
1534238201723211
1534238201723220
1534238202223443
1534238202224832
1534238202224847
1534238202224855
1534238202224865
1534238202224874
1534238202224882
1534238202224891
1534238202224899
1534238202226355
1534238202226367
1534238202226375
1534238202226391
1534238202725217
1534238202725238
1534238202725251
1534238202725260
1534238202725270
1534238202725278
1534238202725287
1534238202725296
1534238202725459
1534238202725471
1534238202725480
1534238202725489
1534238203224534
1534238203224551
1534238203224561
1534238203224570
1534238203224579
1534238203224589
1534238203224597
1534238203224607
1534238203224616
1534238203224626
1534238203224635
1534238203224651
1534238203723795
1534238203723812
1534238203723822
1534238203723830
1534238203723839
1534238203723849
1534238203723857
1534238203723865
1534238203723976
1534238203723985
1534238203723994
1534238203724002
1534238204224468
1534238204224489
1534238204224498
1534238204224508
1534238204224517
1534238204224526
1534238204224536
1534238204224545
1534238204224554
1534238204225014
1534238204225027
1534238204225038
1534238204225047
1534238204724484
1534238204724503
1534238204724511
1534238204724521
1534238204724529
1534238204724538
1534238204724546
1534238204724556
1534238204724564
1534238204724572
1534238204724580
1534238204724589
1534238205224583
1534238205224601
1534238205224611
1534238205224624
1534238205224633
1534238205224641
1534238205224651
1534238205224667
1534238205225099
1534238205225112
1534238205225126
1534238205225152
1534238205727145
1534238205727161
1534238205727170
1534238205727185
1534238205727194
1534238205727202
1534238205727217
1534238205727226
1534238205727432
1534238205727444
1534238205727452
1534238205727461
1534238206227567
1534238206229388
1534238206229403
1534238206229411
1534238206229420
1534238206229428
1534238206229438
1534238206229447
1534238206229456
1534238206229638
1534238206229655
1534238206229664
1534238206229681
1534238206724102
1534238206724120
1534238206724129
1534238206724138
1534238206724146
1534238206724155
1534238206724163
1534238206724171
1534238206724960
1534238206724973
1534238206724981
1534238206724989
1534238207225018
1534238207225037
1534238207225045
1534238207225055
1534238207225063
1534238207225072
1534238207225080
1534238207225088
1534238207225280
1534238207225291
1534238207225300
1534238207225309
1534238207724519
1534238207724537
1534238207724546
1534238207724555
1534238207724563
1534238207724572
1534238207724580
1534238207724589
1534238207724747
1534238207724757
1534238207724765
1534238207724774
1534238208224012
1534238208224027
1534238208224035
1534238208224044
1534238208224052
1534238208224061
1534238208224070
1534238208224078
1534238208224168
1534238208224179
1534238208224188
1534238208224196
1534238208724626
1534238208727970
1534238208727986
1534238208727994
1534238208728010
1534238208728022
1534238208728030
1534238208728043
1534238208728050
1534238208728642
1534238208728661
1534238208728669
1534238208728676
1534238209224869
1534238209224894
1534238209224903
1534238209224912
1534238209224925
1534238209224933
1534238209224941
1534238209224949
1534238209225526
1534238209225540
1534238209225548
1534238209225561
1534238209725077
1534238209725099
1534238209725114
1534238209725123
1534238209725132
1534238209725140
1534238209725156
1534238209725165
1534238209725374
1534238209725393
1534238209725465
1534238209725480
1534238210225508
1534238210226466
1534238210226479
1534238210226489
1534238210226498
1534238210226507
1534238210226516
1534238210226525
1534238210226533
1534238210226687
1534238210226700
1534238210226709
1534238210226718
1534238210725334
1534238210725358
1534238210725369
1534238210725379
1534238210725387
1534238210725397
1534238210725407
1534238210725415
1534238210725424
1534238210725432
1534238210725441
1534238210725450
1534238211224586
1534238211224603
1534238211224613
1534238211224622
1534238211224631
1534238211224639
1534238211224647
1534238211224655
1534238211224663
1534238211224671
1534238211224679
1534238211224686
1534238211725059
1534238211725074
1534238211725083
1534238211725092
1534238211725100
1534238211725108
1534238211725118
1534238211725126
1534238211725135
1534238211725970
1534238211725986
1534238211725996
1534238211726004
1534238212225837
1534238212225855
1534238212225866
1534238212225875
1534238212225884
1534238212225892
1534238212225901
1534238212225910
1534238212225920
1534238212225933
1534238212225941
1534238212225949
1534238212725477
1534238212725496
1534238212725507
1534238212725516
1534238212725527
1534238212725539
1534238212725548
1534238212725558
1534238212725567
1534238212725577
1534238212725587
1534238212725596
1534238213225810
1534238213226074
1534238213226087
1534238213226097
1534238213226106
1534238213226118
1534238213226127
1534238213226136
1534238213226145
1534238213226436
1534238213226450
1534238213226460
1534238213226471
1534238213726697
1534238213727257
1534238213727270
1534238213727279
1534238213727288
1534238213727296
1534238213727305
1534238213727315
1534238213727323
1534238213727854
1534238213727867
1534238213727876
1534238213727885
1534238214227427
1534238214227443
1534238214227453
1534238214227461
1534238214227470
1534238214227478
1534238214227486
1534238214227494
1534238214227693
1534238214227705
1534238214227713
1534238214227722
1534238214726365
1534238214726387
1534238214726400
1534238214726409
1534238214726419
1534238214726428
1534238214726437
1534238214726446
1534238214726642
1534238214726653
1534238214726663
1534238214726673
1534238215227081
1534238215227099
1534238215227109
1534238215227117
1534238215227126
1534238215227134
1534238215227155
1534238215227164
1534238215227449
1534238215227462
1534238215227471
1534238215227479
1534238215728030
1534238215728630
1534238215728646
1534238215728658
1534238215728667
1534238215728678
1534238215728687
1534238215728701
1534238215728717
1534238215728955
1534238215728965
1534238215728974
1534238215728985
1534238216227263
1534238216227280
1534238216227288
1534238216227298
1534238216227306
1534238216227314
1534238216227322
1534238216227330
1534238216227409
1534238216227421
1534238216227429
1534238216227437
1534238216727313
1534238216727331
1534238216727341
1534238216727350
1534238216727364
1534238216727373
1534238216727383
1534238216727392
1534238216727906
1534238216727919
1534238216727928
1534238216727938
1534238217227848
1534238217227871
1534238217227882
1534238217227892
1534238217227908
1534238217227918
1534238217227926
1534238217227934
1534238217227950
1534238217227958
1534238217227966
1534238217227974
1534238217728875
1534238217728892
1534238217728901
1534238217728909
1534238217728918
1534238217728926
1534238217728934
1534238217728941
1534238217728950
1534238217728959
1534238217728967
1534238217728976
1534238217728984
1534238218227878
1534238218227892
1534238218227901
1534238218227909
1534238218227918
1534238218227926
1534238218227936
1534238218227944
1534238218228384
1534238218228398
1534238218228407
1534238218228414
1534238218728259
1534238218728277
1534238218728291
1534238218728302
1534238218728311
1534238218728328
1534238218728339
1534238218728347
1534238218728523
1534238218728539
1534238218728548
1534238218728556
1534238219228695
1534238219230544
1534238219230564
1534238219230573
1534238219230582
1534238219230590
1534238219230599
1534238219230608
1534238219230616
1534238219231587
1534238219231600
1534238219231609
1534238219231617
1534238219729057
1534238219729074
1534238219729084
1534238219729093
1534238219729102
1534238219729111
1534238219729120
1534238219729129
1534238219729140
1534238219729154
1534238219729163
1534238219729171
1534238220228271
1534238220228288
1534238220228297
1534238220228306
1534238220228314
1534238220228322
1534238220228332
1534238220228340
1534238220229177
1534238220229189
1534238220229198
1534238220229206
1534238220731246
1534238220738959
1534238220738972
1534238220738982
1534238220738991
1534238220739004
1534238220739012
1534238220739020
1534238220739028
1534238220739331
1534238220739348
1534238220739357
1534238220739365
1534238221230926
1534238221230942
1534238221230951
1534238221230964
1534238221230972
1534238221230980
1534238221230988
1534238221231004
1534238221231127
1534238221231138
1534238221231147
1534238221231159
1534238221731622
1534238221732293
1534238221732313
1534238221732321
1534238221732330
1534238221732338
1534238221732353
1534238221732362
1534238221732370
1534238221737663
1534238221737679
1534238221737687
1534238221737696
1534238222230583
1534238222230596
1534238222230604
1534238222230612
1534238222230623
1534238222230631
1534238222230639
1534238222230648
1534238222231186
1534238222231201
1534238222231210
1534238222231226
1534238222731648
1534238222732039
1534238222732051
1534238222732060
1534238222732069
1534238222732077
1534238222732086
1534238222732094
1534238222732102
1534238222732410
1534238222732424
1534238222732433
1534238222732442
1534238223233259
1534238223235146
1534238223235164
1534238223235173
1534238223235181
1534238223235194
1534238223235202
1534238223235211
1534238223235219
1534238223235227
1534238223235240
1534238223235248
1534238223235256
1534238223734320
1534238223734336
1534238223734345
1534238223734353
1534238223734361
1534238223734369
1534238223734377
1534238223734391
1534238223734559
1534238223734571
1534238223734579
1534238223734588
1534238224231503
1534238224231519
1534238224231528
1534238224231536
1534238224231544
1534238224231552
1534238224231560
1534238224231568
1534238224231621
1534238224231631
1534238224231639
1534238224231647
1534238224731841
1534238224731858
1534238224731867
1534238224731877
1534238224731886
1534238224731895
1534238224731904
1534238224731913
1534238224732055
1534238224732065
1534238224732076
1534238224732084
1534238225231749
1534238225231762
1534238225231771
1534238225231781
1534238225231789
1534238225231797
1534238225231805
1534238225231813
1534238225231974
1534238225231987
1534238225231995
1534238225232003
1534238225733009
1534238225735121
1534238225735135
1534238225735144
1534238225735154
1534238225735163
1534238225735173
1534238225735184
1534238225735194
1534238225735320
1534238225735335
1534238225735344
1534238225735353
1534238226235793
1534238226235811
1534238226235822
1534238226235832
1534238226235842
1534238226235851
1534238226235860
1534238226235869
1534238226235999
1534238226236013
1534238226236021
1534238226236029
1534238226733011
1534238226733030
1534238226733039
1534238226733047
1534238226733054
1534238226733063
1534238226733071
1534238226733078
1534238226733087
1534238226733096
1534238226733104
1534238226733113
1534238227233119
1534238227233134
1534238227233143
1534238227233153
1534238227233161
1534238227233169
1534238227233178
1534238227233186
1534238227234577
1534238227234592
1534238227234601
1534238227234609
1534238227733779
1534238227733798
1534238227733807
1534238227733815
1534238227733823
1534238227733831
1534238227733839
1534238227733847
1534238227734104
1534238227734118
1534238227734126
1534238227734134
1534238228233348
1534238228233364
1534238228233372
1534238228233381
1534238228233390
1534238228233397
1534238228233405
1534238228233414
1534238228233617
1534238228233628
1534238228233637
1534238228233647
1534238228734439
1534238228740658
1534238228740673
1534238228740685
1534238228740694
1534238228740703
1534238228740712
1534238228740721
1534238228740729
1534238228740861
1534238228740875
1534238228740887
1534238228740896
1534238229233422
1534238229233440
1534238229233448
1534238229233456
1534238229233466
1534238229233474
1534238229233483
1534238229233492
1534238229233650
1534238229233662
1534238229233670
1534238229233678
1534238229733948
1534238229735048
1534238229735066
1534238229735074
1534238229735087
1534238229735096
1534238229735104
1534238229735113
1534238229735130
1534238229735507
1534238229735520
1534238229735528
1534238229735541
1534238230234030
1534238230234047
1534238230234055
1534238230234065
1534238230234073
1534238230234081
1534238230234089
1534238230234096
1534238230234180
1534238230234191
1534238230234199
1534238230234207
1534238230735708
1534238230735729
1534238230735739
1534238230735747
1534238230735756
1534238230735769
1534238230735778
1534238230735786
1534238230735794
1534238230737573
1534238230737586
1534238230737594
1534238230737602
1534238231236004
1534238231236018
1534238231236027
1534238231236035
1534238231236044
1534238231236053
1534238231236062
1534238231236071
1534238231236079
1534238231236087
1534238231236095
1534238231236103
1534238231735466
1534238231735483
1534238231735492
1534238231735502
1534238231735510
1534238231735518
1534238231735525
1534238231735533
1534238231735541
1534238231735550
1534238231735558
1534238231735566
1534238232235705
1534238232236166
1534238232236179
1534238232236188
1534238232236196
1534238232236206
1534238232236214
1534238232236221
1534238232236229
1534238232237681
1534238232237691
1534238232237700
1534238232237708
1534238232737284
1534238232737298
1534238232737307
1534238232737321
1534238232737329
1534238232737337
1534238232737348
1534238232737363
1534238232737371
1534238232737379
1534238232737395
1534238232737409
1534238233237180
1534238233237196
1534238233237204
1534238233237211
1534238233237219
1534238233237227
1534238233237235
1534238233237242
1534238233237250
1534238233237258
1534238233237266
1534238233237274
1534238233736289
1534238233736304
1534238233736313
1534238233736321
1534238233736330
1534238233736339
1534238233736346
1534238233736355
1534238233736499
1534238233736508
1534238233736517
1534238233736525
1534238234236543
1534238234236647
1534238234236657
1534238234236665
1534238234236672
1534238234236681
1534238234236689
1534238234236697
1534238234236706
1534238234236845
1534238234236855
1534238234236863
1534238234236871
1534238234736590
1534238234736606
1534238234736623
1534238234736632
1534238234736640
1534238234736649
1534238234736657
1534238234736815
1534238234736825
1534238234736833
1534238234736841
1534238234736849
1534238235237085
1534238235237806
1534238235237821
1534238235237830
1534238235237839
1534238235237847
1534238235237856
1534238235237865
1534238235237873
1534238235237998
1534238235238010
1534238235238018
1534238235238027
1534238235737103
1534238235737123
1534238235737132
1534238235737144
1534238235737153
1534238235737161
1534238235737170
1534238235737183
1534238235737594
1534238235737605
1534238235737614
1534238235737622
1534238236239521
1534238236240051
1534238236240061
1534238236240069
1534238236240083
1534238236240092
1534238236240101
1534238236240110
1534238236240126
1534238236240208
1534238236240217
1534238236240226
1534238236240235
1534238236740347
1534238236741907
1534238236741927
1534238236741936
1534238236741944
1534238236741953
1534238236741968
1534238236741977
1534238236741985
1534238236741994
1534238236742016
1534238236742025
1534238236742037
1534238237236898
1534238237236917
1534238237236927
1534238237236937
1534238237236945
1534238237236955
1534238237236963
1534238237236971
1534238237236979
1534238237236987
1534238237236995
1534238237237002
1534238237737222
1534238237737499
1534238237737519
1534238237737528
1534238237737536
1534238237737545
1534238237737558
1534238237737566
1534238237737574
1534238237737582
1534238237737596
1534238237737604
1534238237737611
1534238238237289
1534238238237306
1534238238237314
1534238238237322
1534238238237330
1534238238237338
1534238238237346
1534238238237354
1534238238237362
1534238238237370
1534238238237378
1534238238237386
1534238238737603
1534238238738193
1534238238738211
1534238238738220
1534238238738228
1534238238738237
1534238238738245
1534238238738258
1534238238738267
1534238238738277
1534238238738286
1534238238738295
1534238238738304
1534238239237339
1534238239237371
1534238239237386
1534238239237400
1534238239237409
1534238239237419
1534238239237427
1534238239237442
1534238239238031
1534238239238044
1534238239238052
1534238239238067
1534238239738368
1534238239738390
1534238239738400
1534238239738411
1534238239738420
1534238239738428
1534238239738436
1534238239738444
1534238239738452
1534238239738885
1534238239738898
1534238239738906
1534238239738914
1534238240238022
1534238240238038
1534238240238048
1534238240238056
1534238240238064
1534238240238072
1534238240238080
1534238240238088
1534238240238302
1534238240238312
1534238240238321
1534238240238329
1534238240738755
1534238240738771
1534238240738781
1534238240738789
1534238240738798
1534238240738806
1534238240738814
1534238240738823
1534238240738831
1534238240739104
1534238240739115
1534238240739124
1534238240739132
1534238241238663
1534238241238681
1534238241238690
1534238241238699
1534238241238707
1534238241238716
1534238241238724
1534238241238732
1534238241238973
1534238241238984
1534238241238993
1534238241239001
1534238241738761
1534238241738780
1534238241738790
1534238241738798
1534238241738807
1534238241738815
1534238241738824
1534238241738832
1534238241739062
1534238241739075
1534238241739085
1534238241739094
1534238242238908
1534238242238930
1534238242238939
1534238242238950
1534238242238959
1534238242238968
1534238242238979
1534238242238990
1534238242239000
1534238242239011
1534238242239020
1534238242239028
1534238242745019
1534238242745039
1534238242745048
1534238242745063
1534238242745074
1534238242745082
1534238242745096
1534238242745105
1534238242745113
1534238242745121
1534238242745138
1534238242745147
1534238242745159
1534238243239796
1534238243239813
1534238243239822
1534238243239829
1534238243239837
1534238243239845
1534238243239853
1534238243239861
1534238243239869
1534238243239877
1534238243239884
1534238243239892
1534238243738965
1534238243738980
1534238243738989
1534238243738999
1534238243739008
1534238243739017
1534238243739026
1534238243739034
1534238243739163
1534238243739174
1534238243739183
1534238243739191
1534238244239607
1534238244239628
1534238244239637
1534238244239646
1534238244239654
1534238244239662
1534238244239670
1534238244239679
1534238244239687
1534238244239695
1534238244239707
1534238244239715
1534238244239734
1534238244739494
1534238244739511
1534238244739520
1534238244739529
1534238244739537
1534238244739545
1534238244739553
1534238244739561
1534238244739951
1534238244739964
1534238244739973
1534238244739983
1534238245239291
1534238245239308
1534238245239317
1534238245239325
1534238245239333
1534238245239342
1534238245239350
1534238245239358
1534238245239393
1534238245239403
1534238245239411
1534238245239420
1534238245739792
1534238245740784
1534238245740800
1534238245740809
1534238245740817
1534238245740825
1534238245740832
1534238245740841
1534238245740849
1534238245740942
1534238245740957
1534238245740966
1534238245740974
1534238246242132
1534238246242154
1534238246242164
1534238246242173
1534238246242186
1534238246242195
1534238246242203
1534238246242211
1534238246242225
1534238246242234
1534238246242242
1534238246242250
1534238246242257
1534238246742612
1534238246745715
1534238246745731
1534238246745739
1534238246745749
1534238246745759
1534238246745767
1534238246745776
1534238246745784
1534238246746370
1534238246746390
1534238246746401
1534238246746409
1534238247240478
1534238247240495
1534238247240504
1534238247240513
1534238247240964
1534238247240977
1534238247240986
1534238247240994
1534238247241002
1534238247241011
1534238247241019
1534238247241028
1534238247741190
1534238247741327
1534238247741339
1534238247741348
1534238247741356
1534238247741364
1534238247741373
1534238247741382
1534238247741390
1534238247741593
1534238247741606
1534238247741615
1534238247741623
1534238248241063
1534238248241078
1534238248241088
1534238248241098
1534238248241108
1534238248241117
1534238248241125
1534238248241138
1534238248244882
1534238248244895
1534238248244904
1534238248244914
1534238248741446
1534238248741465
1534238248741477
1534238248741486
1534238248741495
1534238248741504
1534238248741513
1534238248741523
1534238248741905
1534238248741919
1534238248741929
1534238248741937
1534238249242175
1534238249242195
1534238249242205
1534238249242215
1534238249242225
1534238249242234
1534238249242243
1534238249242252
1534238249242261
1534238249242270
1534238249242279
1534238249242288
1534238249242298
1534238249742522
1534238249742539
1534238249742550
1534238249742561
1534238249742571
1534238249742580
1534238249742588
1534238249742596
1534238249742604
1534238249743040
1534238249743057
1534238249743069
1534238249743080
1534238250240963
1534238250240982
1534238250240992
1534238250241001
1534238250241010
1534238250241023
1534238250241034
1534238250241047
1534238250241238
1534238250241255
1534238250241265
1534238250241274
1534238250741444
1534238250741788
1534238250741800
1534238250741811
1534238250741820
1534238250741830
1534238250741840
1534238250741849
1534238250741858
1534238250742073
1534238250742085
1534238250742094
1534238250742104
1534238251242039
1534238251242057
1534238251242066
1534238251242075
1534238251242084
1534238251242092
1534238251242101
1534238251242110
1534238251242218
1534238251242231
1534238251242240
1534238251242249
1534238251742432
1534238251747048
1534238251747069
1534238251747078
1534238251747088
1534238251747096
1534238251747106
1534238251747116
1534238251747126
1534238251749038
1534238251749050
1534238251749058
1534238251749067
1534238252241904
1534238252241921
1534238252241930
1534238252241938
1534238252241947
1534238252241956
1534238252241964
1534238252241971
1534238252242035
1534238252242047
1534238252242056
1534238252242065
1534238252742841
1534238252742856
1534238252742866
1534238252742876
1534238252742885
1534238252742894
1534238252742903
1534238252742911
1534238252742919
1534238252742927
1534238252742937
1534238252742945
1534238253243032
1534238253246576
1534238253246592
1534238253246601
1534238253246611
1534238253246621
1534238253246631
1534238253246639
1534238253246997
1534238253247010
1534238253247019
1534238253247028
1534238253247037
1534238253743800
1534238253743818
1534238253743827
1534238253743836
1534238253743845
1534238253743854
1534238253743863
1534238253743872
1534238253744505
1534238253744518
1534238253744527
1534238253744536
1534238254242975
1534238254242995
1534238254243004
1534238254243022
1534238254243030
1534238254243039
1534238254243047
1534238254243055
1534238254243264
1534238254243279
1534238254243289
1534238254243298
1534238254743699
1534238254745032
1534238254745046
1534238254745061
1534238254745071
1534238254745080
1534238254745095
1534238254745104
1534238254745113
1534238254745311
1534238254745324
1534238254745333
1534238254745349
1534238255245402
1534238255245429
1534238255245445
1534238255245456
1534238255245472
1534238255245481
1534238255245491
1534238255245510
1534238255245528
1534238255245556
1534238255245566
1534238255245575
1534238255245590
1534238255743051
1534238255743073
1534238255743083
1534238255743092
1534238255743106
1534238255743120
1534238255743129
1534238255743146
1534238255746050
1534238255746064
1534238255746073
1534238255746082
1534238256243742
1534238256243764
1534238256243775
1534238256243783
1534238256243799
1534238256243809
1534238256243817
1534238256243826
1534238256243844
1534238256243853
1534238256243862
1534238256243878
