1534238157707039
1534238158207334
1534238158706256
1534238159206750
1534238159706960
1534238160206825
1534238160707948
1534238161208095
1534238161708241
1534238162208142
1534238162707943
1534238163208810
1534238163708414
1534238164208472
1534238164709139
1534238165208766
1534238166209326
1534238166710998
1534238167211012
1534238167709289
1534238168212569
1534238168710206
1534238169209583
1534238169712095
1534238170209661
1534238170710134
1534238171210542
1534238171710709
1534238172210808
1534238172710858
1534238173210502
1534238173712442
1534238174711282
1534238175212963
1534238175711567
1534238176211680
1534238176711641
1534238177211919
1534238177711644
1534238178212209
1534238178711666
1534238179212111
1534238179711942
1534238180214203
1534238180713016
1534238181212671
1534238181714669
1534238182212860
1534238182713043
1534238183215668
1534238183713679
1534238184214629
1534238184713978
1534238185216737
1534238185714166
1534238186214641
1534238186714610
1534238187214516
1534238187716473
1534238188715611
1534238189216582
1534238189717028
1534238190217043
1534238190716878
1534238191217586
1534238191721940
1534238192218491
1534238193218127
1534238194220483
1534238194722871
1534238195223031
1534238195722497
1534238196222955
1534238196723458
1534238197222652
1534238197727483
1534238198222654
1534238198723725
1534238199223746
1534238201234691
1534238201724117
1534238202726054
1534238203225215
1534238203724629
1534238204226554
1534238204725448
1534238205728014
1534238206230175
1534238207226150
1534238207725965
1534238208224991
1534238209726102
1534238210227255
1534238210726030
1534238211225557
1534238212226662
1534238212726718
1534238213227301
1534238214228222
1534238214727452
1534238215227940
1534238215729651
1534238216228298
1534238217228525
1534238217729709
1534238218229163
1534238218729337
1534238219729931
1534238220739705
1534238221231906
1534238222732795
1534238223235854
1534238223735207
1534238224232511
1534238224732775
1534238225232594
1534238225735797
1534238226236530
1534238226733863
1534238227734686
1534238228234334
1534238228741340
1534238229234139
1534238229735961
1534238230234908
1534238231236927
1534238231736564
1534238232737912
1534238233238048
1534238233737511
1534238234237292
1534238234737441
1534238235238744
1534238235738079
1534238236240884
1534238236742750
1534238237238126
1534238237738625
1534238238238390
1534238238739254
1534238239739522
1534238240239117
1534238240739790
1534238241239491
1534238241739801
1534238242239766
1534238242745781
1534238243240493
1534238243739820
1534238244240688
1534238245239990
1534238245741578
1534238246242942
1534238247741988
1534238248742175
1534238249243179
1534238249743497
1534238250743103
1534238251243067
1534238252242935
1534238252743583
1534238253247317
1534238254244034
1534238254745821
1534238256244563
