1531850053206577
1531850053706648
1531850054206721
1531850054706824
1531850055206895
1531850055706968
1531850056207036
1531850057207176
1531850057707249
1531850058207319
1531850058707393
1531850059207462
1531850059707536
1531850060207617
1531850060707689
1531850061207760
1531850061707863
1531850062708014
1531850063208087
1531850064208234
1531850064708310
1531850065208385
1531850065708461
1531850066208541
1531850066708612
1531850067208693
1531850067708785
1531850068208857
1531850068708932
1531850069209003
1531850069709081
1531850070209154
1531850071209296
1531850071709367
1531850072209452
1531850072709536
1531850073209660
1531850073709736
1531850074209814
1531850074709887
1531850075209965
1531850075710038
1531850076210116
1531850076710190
1531850077210273
1531850078210420
1531850078710519
1531850079710667
1531850080210740
1531850080710813
1531850081210885
1531850081710957
1531850082211041
1531850082711110
1531850083211195
1531850083711280
1531850084211351
1531850084711505
1531850085211585
1531850085711704
1531850086711867
1531850087211938
1531850087712024
1531850088212112
1531850088712185
1531850089212255
1531850089712412
1531850090212490
1531850090712562
1531850091212637
1531850091712717
1531850092212802
1531850092712881
1531850093212958
1531850093713034
1531850094213105
1531850094713176
1531850095213259
1531850095713332
1531850096213407
1531850096713482
1531850097213562
1531850097713656
1531850098213737
1531850098713806
1531850099213886
1531850099713969
1531850100214044
1531850100714128
1531850101214203
1531850101714285
1531850102214360
1531850102714431
1531850103214529
1531850103714598
1531850104214669
1531850104714744
1531850105214823
1531850106214977
1531850106715053
1531850107215131
1531850107715206
1531850108215279
1531850108715349
1531850109215434
1531850109715522
1531850110215600
1531850110715675
1531850111215746
1531850111715825
1531850112215897
1531850112715967
1531850113216092
1531850113716164
1531850114716324
1531850115216405
1531850115716477
1531850116216550
1531850116716627
1531850117216699
1531850117716784
1531850118216859
1531850118716946
1531850119217019
1531850120217176
1531850120717253
1531850121717404
1531850122217483
1531850122717559
1531850123217632
1531850123717707
1531850124217779
1531850124717856
1531850125217935
1531850125718009
1531850126218081
1531850126718151
1531850127218245
1531850127718319
1531850128718477
1531850129218551
1531850129718634
1531850130218708
1531850130718793
1531850131218892
1531850131718968
1531850132219041
1531850132719120
1531850133219194
1531850133719266
1531850134219379
1531850134719456
1531850135219533
1531850135719613
1531850136219692
1531850136719778
1531850137219881
1531850137719952
1531850138220025
1531850138720101
1531850139220171
1531850139720246
1531850140220321
1531850140720392
1531850141220487
1531850141720564
1531850142220664
1531850142720739
1531850143220821
1531850144221038
1531850144721118
1531850145221192
1531850145721276
1531850146221370
1531850146721628
1531850147221706
1531850147721780
1531850148221861
1531850148721955
1531850149222077
1531850149722152
1531850150222225
1531850150722309
1531850151222378
1531850151722449
1531850152223251
