1531850052707103
1531850052707121
1531850052707128
1531850052707134
1531850053207227
1531850053207243
1531850053207253
1531850053207260
1531850053207268
1531850053707210
1531850053707226
1531850053707233
1531850053707243
1531850054207187
1531850054207202
1531850054207214
1531850054207222
1531850054707256
1531850054707271
1531850054707278
1531850054707288
1531850054707295
1531850055207299
1531850055207312
1531850055207318
1531850055207325
1531850055707324
1531850055707337
1531850055707344
1531850055707351
1531850056207401
1531850056207412
1531850056207423
1531850056207430
1531850056207441
1531850056707457
1531850056707468
1531850056707475
1531850056707482
1531850056707489
1531850057207553
1531850057207564
1531850057207572
1531850057207581
1531850057207588
1531850057707611
1531850057707624
1531850057707630
1531850057707637
1531850057707644
1531850058207728
1531850058207742
1531850058207749
1531850058207757
1531850058207764
1531850058707806
1531850058707821
1531850058707828
1531850058707834
1531850058707841
1531850059207849
1531850059207861
1531850059207868
1531850059207874
1531850059707958
1531850059707978
1531850059707985
1531850059707992
1531850059707999
1531850060208045
1531850060208058
1531850060208065
1531850060208077
1531850060208084
1531850060708097
1531850060708120
1531850060708128
1531850060708137
1531850060708145
1531850061208124
1531850061208139
1531850061208148
1531850061208157
1531850061708232
1531850061708294
1531850061708307
1531850061708318
1531850061708326
1531850062208347
1531850062208364
1531850062208373
1531850062208383
1531850062208393
1531850062708429
1531850062708445
1531850062708452
1531850062708460
1531850062708470
1531850063208476
1531850063208496
1531850063208504
1531850063208511
1531850063708551
1531850063708565
1531850063708573
1531850063708579
1531850063708586
1531850064208580
1531850064208593
1531850064208601
1531850064208608
1531850064708643
1531850064708738
1531850064708748
1531850064708755
1531850064708761
1531850065208772
1531850065208785
1531850065208792
1531850065208798
1531850065208805
1531850065708871
1531850065708939
1531850065708949
1531850065708956
1531850065708962
1531850066208910
1531850066208922
1531850066208927
1531850066208933
1531850066708983
1531850066708998
1531850066709008
1531850066709015
1531850066709024
1531850067209031
1531850067209046
1531850067209054
1531850067209061
1531850067709137
1531850067709161
1531850067709170
1531850067709177
1531850067709184
1531850068209260
1531850068209272
1531850068209279
1531850068209288
1531850068209295
1531850068709397
1531850068709412
1531850068709420
1531850068709428
1531850068709436
1531850069209408
1531850069209430
1531850069209440
1531850069209452
1531850069709532
1531850069709702
1531850069709717
1531850069709728
1531850069709746
1531850070209546
1531850070209566
1531850070209573
1531850070209580
1531850070709647
1531850070709660
1531850070709667
1531850070709674
1531850070709683
1531850071209635
1531850071209650
1531850071209656
1531850071209663
1531850071709685
1531850071709738
1531850071709747
1531850071709753
1531850071709760
1531850072209826
1531850072209843
1531850072209851
1531850072209859
1531850072209865
1531850072709931
1531850072709979
1531850072709988
1531850072709995
1531850072710001
1531850073210037
1531850073210052
1531850073210060
1531850073210066
1531850073210073
1531850073710165
1531850073710179
1531850073710186
1531850073710192
1531850073710199
1531850074210221
1531850074210240
1531850074210247
1531850074210254
1531850074210260
1531850074710323
1531850074710338
1531850074710345
1531850074710354
1531850074710361
1531850075210457
1531850075210476
1531850075210485
1531850075210494
1531850075210504
1531850075710538
1531850075710558
1531850075710566
1531850075710576
1531850075710587
1531850076210553
1531850076210571
1531850076210580
1531850076210589
1531850076710639
1531850076710657
1531850076710668
1531850076710678
1531850076710690
1531850077210717
1531850077210730
1531850077210739
1531850077210749
1531850077210757
1531850077710769
1531850077710783
1531850077710793
1531850077710802
1531850078210836
1531850078210853
1531850078210871
1531850078210879
1531850078210886
1531850078710972
1531850078710985
1531850078710994
1531850078711004
1531850078711012
1531850079211014
1531850079211031
1531850079211039
1531850079211047
1531850079711073
1531850079711142
1531850079711153
1531850079711161
1531850079711173
1531850080211207
1531850080211227
1531850080211235
1531850080211242
1531850080211250
1531850080711238
1531850080711250
1531850080711258
1531850080711267
1531850081211318
1531850081211333
1531850081211341
1531850081211349
1531850081211357
1531850081711409
1531850081711426
1531850081711435
1531850081711443
1531850081711451
1531850082211446
1531850082211463
1531850082211471
1531850082211479
1531850082711558
1531850082711578
1531850082711592
1531850082711600
1531850082711608
1531850083211660
1531850083211677
1531850083211685
1531850083211696
1531850083211704
1531850083711729
1531850083711748
1531850083711757
1531850083711764
1531850083711774
1531850084211785
1531850084211803
1531850084211820
1531850084211828
1531850084211837
1531850084712055
1531850084713083
1531850084713097
1531850084713107
1531850084713123
1531850085212029
1531850085212043
1531850085212051
1531850085212059
1531850085712297
1531850085713048
1531850085713069
1531850085713090
1531850085713105
1531850086212271
1531850086212290
1531850086212299
1531850086212307
1531850086712314
1531850086712329
1531850086712337
1531850086712350
1531850087212329
1531850087212346
1531850087212353
1531850087212366
1531850087712442
1531850087712462
1531850087712508
1531850087712522
1531850087712530
1531850088212558
1531850088212579
1531850088212589
1531850088212598
1531850088212606
1531850088712616
1531850088712631
1531850088712639
1531850088712653
1531850089212680
1531850089212694
1531850089212703
1531850089212718
1531850089212726
1531850089713029
1531850089715158
1531850089715172
1531850089715181
1531850089715195
1531850090212913
1531850090212931
1531850090212941
1531850090212954
1531850090713000
1531850090713018
1531850090713029
1531850090713037
1531850090713044
1531850091213091
1531850091213104
1531850091213113
1531850091213127
1531850091213216
1531850091713133
1531850091713149
1531850091713158
1531850091713166
1531850092213261
1531850092213278
1531850092213286
1531850092213294
1531850092213302
1531850092713335
1531850092713350
1531850092713358
1531850092713367
1531850092713375
1531850093213510
1531850093213532
1531850093213543
1531850093213551
1531850093213560
1531850093713455
1531850093713471
1531850093713478
1531850093713486
1531850094213522
1531850094213539
1531850094213547
1531850094213555
1531850094213563
1531850094713612
1531850094713628
1531850094713638
1531850094713646
1531850094713654
1531850095213765
1531850095213780
1531850095213794
1531850095213803
1531850095213811
1531850095713819
1531850095713833
1531850095713841
1531850095713850
1531850096213859
1531850096213875
1531850096213885
1531850096213893
1531850096713961
1531850096714041
1531850096714054
1531850096714063
1531850096714073
1531850097214089
1531850097214105
1531850097214113
1531850097214127
1531850097214135
1531850097714134
1531850097714156
1531850097714164
1531850097714178
1531850098214210
1531850098214232
1531850098214240
1531850098214251
1531850098214259
1531850098714246
1531850098714266
1531850098714274
1531850098714283
1531850099214321
1531850099214407
1531850099214419
1531850099214428
1531850099214445
1531850099714461
1531850099714478
1531850099714487
1531850099714500
1531850099714508
1531850100214488
1531850100214509
1531850100214518
1531850100214531
1531850100714609
1531850100714627
1531850100714636
1531850100714651
1531850100714659
1531850101214746
1531850101214763
1531850101214772
1531850101214781
1531850101214789
1531850101714704
1531850101714723
1531850101714734
1531850101714741
1531850102214805
1531850102214821
1531850102214830
1531850102214847
1531850102214857
1531850102714833
1531850102714852
1531850102714861
1531850102714870
1531850103214985
1531850103215000
1531850103215012
1531850103215021
1531850103215029
1531850103714971
1531850103714983
1531850103714992
1531850103715000
1531850104215072
1531850104215191
1531850104215212
1531850104215220
1531850104215228
1531850104715283
1531850104715301
1531850104715314
1531850104715324
1531850104715334
1531850105215250
1531850105215266
1531850105215275
1531850105215283
1531850105715364
1531850105715386
1531850105715394
1531850105715402
1531850105715414
1531850106215505
1531850106215608
1531850106215618
1531850106215627
1531850106215640
1531850106715569
1531850106715587
1531850106715605
1531850106715614
1531850107215836
1531850107215856
1531850107215865
1531850107215873
1531850107215881
1531850107715614
1531850107715656
1531850107715667
1531850107715676
1531850108215816
1531850108215832
1531850108215842
1531850108215858
1531850108215867
1531850108715796
1531850108715810
1531850108715817
1531850108715826
1531850109215918
1531850109216001
1531850109216011
1531850109216026
1531850109216034
1531850109716025
1531850109716046
1531850109716056
1531850109716065
1531850110216456
1531850110216471
1531850110216480
1531850110216489
1531850110216501
1531850110716163
1531850110716181
1531850110716189
1531850110716198
1531850111216278
1531850111216491
1531850111216505
1531850111216513
1531850111216521
1531850111716244
1531850111716265
1531850111716274
1531850111716282
1531850112216364
1531850112216713
1531850112216730
1531850112216739
1531850112216754
1531850112716358
1531850112716373
1531850112716381
1531850112716390
1531850113216485
1531850113216904
1531850113216916
1531850113216925
1531850113216939
1531850113716616
1531850113716632
1531850113716641
1531850113716656
1531850114216720
1531850114216740
1531850114216749
1531850114216760
1531850114216769
1531850114716816
1531850114716833
1531850114716842
1531850114716850
1531850114716857
1531850115216812
1531850115216827
1531850115216836
1531850115216844
1531850115716914
1531850115716930
1531850115716942
1531850115716951
1531850115716964
1531850116217003
1531850116217021
1531850116217030
1531850116217040
1531850116217049
1531850116717097
1531850116717113
1531850116717122
1531850116717132
1531850116717140
1531850117217217
1531850117217230
1531850117217243
1531850117217252
1531850117217260
1531850117717284
1531850117717304
1531850117717313
1531850117717323
1531850117717336
1531850118217354
1531850118217370
1531850118217383
1531850118217391
1531850118217400
1531850118717408
1531850118717424
1531850118717442
1531850118717456
1531850119217467
1531850119217483
1531850119217496
1531850119217505
1531850119717547
1531850119717564
1531850119717573
1531850119717582
1531850119717639
1531850120217628
1531850120217642
1531850120217651
1531850120217662
1531850120717662
1531850120717676
1531850120717686
1531850120717702
1531850121217783
1531850121217805
1531850121217816
1531850121217831
1531850121217840
1531850121717783
1531850121717796
1531850121717805
1531850121717820
1531850122217915
1531850122217930
1531850122217939
1531850122217955
1531850122217967
1531850122718067
1531850122718085
1531850122718093
1531850122718101
1531850122718116
1531850123218071
1531850123218090
1531850123218099
1531850123218108
1531850123718102
1531850123718117
1531850123718126
1531850123718137
1531850124218258
1531850124218271
1531850124218281
1531850124218290
1531850124218298
1531850124718342
1531850124718358
1531850124718367
1531850124718377
1531850124718386
1531850125218472
1531850125218491
1531850125218500
1531850125218515
1531850125218527
1531850125718448
1531850125718463
1531850125718471
1531850125718485
1531850126218574
1531850126218590
1531850126218599
1531850126218613
1531850126218621
1531850126718565
1531850126718581
1531850126718598
1531850126718606
1531850127218709
1531850127218725
1531850127218735
1531850127218750
1531850127218758
1531850127718774
1531850127718791
1531850127718800
1531850127718816
1531850127718824
1531850128218848
1531850128218945
1531850128218962
1531850128218972
1531850128218987
1531850128718988
1531850128719006
1531850128719015
1531850128719029
1531850129219037
1531850129219059
1531850129219074
1531850129219086
1531850129719118
1531850129719137
1531850129719146
1531850129719161
1531850129719170
1531850130219200
1531850130219218
1531850130219229
1531850130219238
1531850130219256
1531850130719253
1531850130719268
1531850130719275
1531850130719284
1531850131219377
1531850131219451
1531850131219462
1531850131219470
1531850131219479
1531850131719438
1531850131719459
1531850131719469
1531850131719478
1531850132219510
1531850132219527
1531850132219535
1531850132219545
1531850132219553
1531850132719556
1531850132719583
1531850132719592
1531850132719600
1531850133219631
1531850133219648
1531850133219659
1531850133219668
1531850133219675
1531850133719702
1531850133719716
1531850133719724
1531850133719735
1531850133719743
1531850134219856
1531850134220145
1531850134220160
1531850134220170
1531850134220179
1531850134719971
1531850134719991
1531850134720003
1531850134720011
1531850135220082
1531850135220101
1531850135220110
1531850135220126
1531850135220138
1531850135720121
1531850135720137
1531850135720147
1531850135720161
1531850136220207
1531850136220222
1531850136220229
1531850136220238
1531850136220246
1531850136720219
1531850136720235
1531850136720244
1531850136720252
1531850137220296
1531850137220314
1531850137220324
1531850137220334
1531850137220343
1531850137720389
1531850137720405
1531850137720413
1531850137720421
1531850137720430
1531850138220457
1531850138220477
1531850138220485
1531850138220495
1531850138220507
1531850138720516
1531850138720531
1531850138720539
1531850138720548
1531850139220592
1531850139220607
1531850139220616
1531850139220624
1531850139220632
1531850139720711
1531850139720829
1531850139720840
1531850139720849
1531850139720861
1531850140220835
1531850140220852
1531850140220865
1531850140220874
1531850140720856
1531850140720872
1531850140720881
1531850140720892
1531850141220929
1531850141220944
1531850141220956
1531850141220965
1531850141220973
1531850141721002
1531850141721016
1531850141721025
1531850141721035
1531850141721044
1531850142221151
1531850142221172
1531850142221182
1531850142221192
1531850142221203
1531850142721158
1531850142721176
1531850142721185
1531850142721196
1531850143221280
1531850143221296
1531850143221306
1531850143221323
1531850143221332
1531850143721431
1531850143721455
1531850143721465
1531850143721474
1531850143721484
1531850144221642
1531850144221795
1531850144221805
1531850144221814
1531850144221823
1531850144721566
1531850144721587
1531850144721597
1531850144721605
1531850145221605
1531850145221622
1531850145221630
1531850145221638
1531850145721750
1531850145721822
1531850145721839
1531850145721860
1531850145721870
1531850146222010
1531850146222106
1531850146222141
1531850146222178
1531850146222211
1531850146722452
1531850146723294
1531850146723338
1531850146723368
1531850146723397
1531850147222195
1531850147222215
1531850147222224
1531850147222241
1531850147722232
1531850147722247
1531850147722255
1531850147722266
1531850148222340
1531850148222357
1531850148222367
1531850148222377
1531850148222391
1531850148722489
1531850148722649
1531850148722664
1531850148722673
1531850148722685
1531850149222758
1531850149222776
1531850149222786
1531850149222795
1531850149222810
1531850149722652
1531850149722668
1531850149722678
1531850149722693
1531850150222692
1531850150222710
1531850150222728
1531850150222738
1531850150722820
1531850150722837
1531850150722847
1531850150722863
1531850150722873
1531850151222804
1531850151222819
1531850151222861
1531850151222877
1531850151722915
1531850151722931
1531850151722951
1531850151722959
1531850151722969
1531850152223417
1531850152224984
1531850152225002
1531850152225013
1531850152225024
