1534167362954116
1534167363454188
1534167363954268
1534167364454341
1534167364954419
1534167365454491
1534167365954564
1534167366454633
1534167366954703
1534167367454778
1534167367954847
1534167368454914
1534167368954984
1534167369455051
1534167369955119
1534167370455195
1534167370955275
1534167371455340
1534167371955403
1534167372455470
1534167372955547
1534167373455614
1534167373955683
1534167374455752
1534167374955821
1534167375455899
1534167375955969
1534167376456039
1534167376956107
1534167377456177
1534167377956251
1534167378456321
1534167378956393
1534167379456460
1534167379956527
1534167380456589
1534167380956653
1534167381456717
1534167381956778
1534167382456839
1534167382956907
1534167383456976
1534167383957047
1534167384457116
1534167384957187
1534167385457257
1534167385957323
1534167386457392
1534167386957462
1534167387457533
1534167387957606
1534167388457678
1534167388957746
1534167389457825
1534167389957897
1534167390457968
1534167390958044
1534167391458115
1534167391958187
1534167392458259
1534167392958328
1534167393458403
1534167393958487
1534167394458556
1534167394958624
1534167395458695
1534167395958777
1534167396958912
1534167397458982
1534167397959050
1534167398459117
1534167398959188
1534167399459259
1534167399959325
1534167400459394
1534167400959465
1534167401459545
1534167401959615
1534167402459684
1534167402959757
1534167403459826
1534167403959900
1534167404459964
1534167404960024
1534167405460087
1534167405960146
1534167406460206
1534167406960271
1534167407460333
1534167407960393
1534167408460457
1534167408960526
1534167409460595
1534167409960663
1534167410460734
1534167410960801
1534167411460888
1534167411960966
1534167412461037
1534167412961117
1534167413461184
1534167413961262
1534167414461330
1534167414961410
1534167415461477
1534167415961546
1534167416461613
1534167416961681
1534167417461758
1534167417961826
1534167418461895
1534167418961966
1534167419462036
1534167419962106
1534167420462184
1534167420962250
1534167421462311
1534167421962379
1534167422462442
1534167422962514
1534167423462575
1534167423962630
1534167424462697
1534167424962774
1534167425462846
1534167425962926
1534167426462989
1534167426963062
1534167427463122
1534167427963188
1534167428463261
1534167428963329
1534167429463406
1534167429963476
1534167430463549
1534167430963617
1534167431463681
1534167431963745
1534167432463809
1534167432963885
1534167433463950
1534167433964026
1534167434464089
1534167434964153
1534167435464224
1534167435964295
1534167436464369
1534167436964440
1534167437464517
1534167437964587
1534167438464664
1534167438964740
1534167439464815
1534167440464965
1534167440965038
1534167441465109
1534167441965193
1534167442465261
1534167442965331
1534167443465398
1534167443965468
1534167444465542
1534167444965613
1534167445465690
1534167445965760
1534167446465840
1534167446965907
1534167447465976
1534167447966055
1534167448466138
1534167448966209
1534167449466280
1534167449966362
1534167450466431
1534167450966493
1534167451466555
1534167451966621
1534167452466680
1534167452966741
1534167453466801
1534167453966869
1534167454466948
1534167454967022
1534167455467094
1534167455967162
1534167456467232
1534167456967299
1534167457467362
1534167457967429
1534167458467503
1534167458967593
1534167459467668
1534167459967747
1534167460467809
1534167460967871
1534167461467948
