1534167362454511
1534167362954592
1534167363454541
1534167363954687
1534167364454679
1534167364954809
1534167365454834
1534167365954926
1534167366455085
1534167366955030
1534167367455145
1534167367955224
1534167368455258
1534167368955342
1534167369455456
1534167369955563
1534167370455567
1534167370955573
1534167371455668
1534167371955759
1534167372455832
1534167372955881
1534167373455984
1534167373956036
1534167374456072
1534167374956235
1534167375456280
1534167375956299
1534167376456521
1534167376956484
1534167377456550
1534167377956625
1534167378456674
1534167378956798
1534167379456832
1534167379956861
1534167380456929
1534167380956940
1534167381457005
1534167381957113
1534167382457141
1534167382957262
1534167383457315
1534167383957416
1534167384457475
1534167384957564
1534167385457541
1534167385957677
1534167386457751
1534167386957809
1534167387457885
1534167387957961
1534167388458066
1534167388958094
1534167389458161
1534167389958235
1534167390458248
1534167390958355
1534167391458481
1534167391958529
1534167392458550
1534167392958665
1534167393458764
1534167393958890
1534167393958946
1534167394458947
1534167394959042
1534167395459146
1534167395959149
1534167396459290
1534167396459314
1534167396459371
1534167396959293
1534167397459394
1534167397959399
1534167398459491
1534167398959560
1534167399459642
1534167399959598
1534167399959638
1534167400459746
1534167400959834
1534167401459875
1534167401959949
1534167402459997
1534167402960151
1534167403460192
1534167403960264
1534167404460252
1534167404960300
1534167405460324
1534167405960444
1534167406460493
1534167406960548
1534167407460643
1534167407960706
1534167408460795
1534167408960967
1534167409460944
1534167409961027
1534167410461059
1534167410961156
1534167411461248
1534167411961328
1534167412461428
1534167412961499
1534167413461628
1534167413961591
1534167414461745
1534167414961816
1534167415461798
1534167415961908
1534167416461919
1534167416961990
1534167417462115
1534167417962193
1534167418462280
1534167418962311
1534167419462412
1534167419962457
1534167420462546
1534167420962617
1534167421462612
1534167421962688
1534167422462725
1534167422962828
1534167423462835
1534167423462916
1534167423962936
1534167424463034
1534167424463055
1534167424963170
1534167425463210
1534167425963344
1534167426463287
1534167426963288
1534167427463409
1534167427963492
1534167427963513
1534167428463569
1534167428963718
1534167429463680
1534167429963784
1534167430463850
1534167430964041
1534167431464018
1534167431464039
1534167431964085
1534167432464127
1534167432964226
1534167433464266
1534167433964327
1534167434464371
1534167434964423
1534167435464680
1534167435964677
1534167436464767
1534167436964802
1534167437464846
1534167437964963
1534167438465007
1534167438965147
1534167439465169
1534167439965263
1534167440465259
1534167440965397
1534167441465473
1534167441965606
1534167442465638
1534167442965726
1534167443465757
1534167443965895
1534167444465932
1534167444966014
1534167445466119
1534167445966142
1534167446466227
1534167446966314
1534167446966380
1534167447466394
1534167447966443
1534167448466529
1534167448966550
1534167449466627
1534167449466682
1534167449966666
1534167450466759
1534167450966780
1534167451466873
1534167451966907
1534167452466990
1534167452967040
1534167453467088
1534167453967169
1534167454467298
1534167454467406
1534167454967354
1534167455467452
1534167455967505
1534167456467609
1534167456967709
1534167457467667
1534167457967723
1534167458467847
1534167458967907
1534167459468022
1534167459968152
1534167460468070
1534167460968185
1534167461468381
