1534167362955268
1534167363455006
1534167363955234
1534167364455232
1534167364955350
1534167365455494
1534167365955509
1534167366455695
1534167366955507
1534167367455733
1534167367955826
1534167368455864
1534167368956019
1534167369456121
1534167369956221
1534167370456024
1534167370956071
1534167371456319
1534167371956447
1534167372456421
1534167372956538
1534167373456557
1534167373956702
1534167374456577
1534167374956830
1534167375456942
1534167375956925
1534167376457023
1534167376956984
1534167377457189
1534167377957267
1534167378457329
1534167378957395
1534167379457442
1534167379957362
1534167380457529
1534167380957435
1534167381457599
1534167381957738
1534167382457755
1534167382957890
1534167383457898
1534167383958020
1534167384458139
1534167384958262
1534167385457997
1534167385958235
1534167386458339
1534167386958428
1534167387458524
1534167387958619
1534167388458705
1534167388958787
1534167389458744
1534167389958821
1534167390458762
1534167390958961
1534167391459030
1534167391959216
1534167392459081
1534167392959208
1534167393459388
1534167393959444
1534167394459618
1534167394959667
1534167395459719
1534167395959629
1534167396959857
1534167397459993
1534167397959897
1534167398460059
1534167398960212
1534167399460242
1534167399960139
1534167400460299
1534167400960441
1534167401460464
1534167401960606
1534167402460622
1534167402960644
1534167403460782
1534167403960921
1534167404460685
1534167404960942
1534167405460824
1534167405960963
1534167406461093
1534167406961225
1534167407461229
1534167407961359
1534167408461366
1534167408961491
1534167409461489
1534167409961618
1534167410461623
1534167410961742
1534167411461865
1534167411961988
1534167412461987
1534167412962103
1534167413462224
1534167413962089
1534167414462337
1534167414962453
1534167415462315
1534167415962563
1534167416462421
1534167416962695
1534167417462665
1534167417962767
1534167418462882
1534167418962997
1534167419462984
1534167419963091
1534167420463204
1534167420963194
1534167421463054
1534167421963285
1534167422463391
1534167422963386
1534167423463487
1534167423963595
1534167424463704
1534167424963810
1534167425463799
1534167425963899
1534167426463749
1534167426963982
1534167427463969
1534167427964076
1534167428464176
1534167428964281
1534167429464139
1534167429964368
1534167430464467
1534167430964581
1534167431464551
1534167431964663
1534167432464759
1534167432964863
1534167433464846
1534167433964943
1534167434464915
1534167434965022
1534167435465127
1534167435965228
1534167436465338
1534167436965424
1534167437465438
1534167437965573
1534167438465588
1534167438965714
1534167439465608
1534167440465752
1534167440966018
1534167441466160
1534167441966183
1534167442466323
1534167442966344
1534167443466366
1534167443966509
1534167444466535
1534167444966689
1534167445466717
1534167445966614
1534167446466883
1534167446966914
1534167447466938
1534167447967094
1534167448467124
1534167448967027
1534167449467194
1534167449967344
1534167450467377
1534167450967410
1534167451467446
1534167451967486
1534167452467644
1534167452967680
1534167453467720
1534167453967766
1534167454467928
1534167454967840
1534167455468133
1534167455968175
1534167456468222
1534167456968280
1534167457468177
1534167457968348
1534167458468398
1534167458968572
1534167459468618
1534167459968791
1534167460468581
1534167460968758
1534167461468937
