1532001106608516
1532001107108602
1532001107608721
1532001108108794
1532001108608913
1532001109109064
1532001109609405
1532001110109492
1532001110609581
1532001111109695
1532001111609813
1532001112109917
1532001112609988
1532001113110102
1532001113610222
1532001114110314
1532001114610388
1532001115110489
1532001115610573
1532001116110649
1532001116610750
1532001117110862
1532001117611035
1532001118111122
1532001118611202
1532001119111296
1532001119611380
1532001120111475
1532001120611633
1532001121111758
1532001121611893
1532001122111987
1532001122612085
1532001123112221
1532001123612350
1532001124112435
1532001124612516
1532001125112627
1532001125612718
1532001126112846
1532001126612951
1532001127113012
1532001127613097
1532001128113219
1532001128613291
1532001129113366
1532001129613546
1532001130113635
1532001130613739
1532001131113860
1532001131613987
1532001132114067
1532001132614156
1532001133114242
1532001133614345
1532001134114426
1532001134614518
1532001135114590
1532001135614692
1532001136114790
1532001136614889
1532001137115010
1532001137615098
1532001138115208
1532001138615286
1532001139115380
1532001139615492
1532001140115931
1532001140616172
1532001141116301
1532001141616440
1532001142116519
1532001142616688
1532001143116782
1532001143616877
1532001144117040
1532001144617171
1532001145117401
1532001145618136
1532001146118533
1532001146618608
1532001147118684
1532001147618771
1532001148118898
1532001148618976
1532001149119088
1532001149619174
1532001150119269
1532001150619423
1532001151119624
1532001151619742
1532001152119856
1532001152620055
1532001153120134
1532001153620437
1532001154120535
1532001154620667
1532001155121077
1532001155621169
1532001156121266
1532001156622830
1532001157122966
1532001157623087
1532001158123182
1532001158623283
1532001159123567
1532001159623711
1532001160123830
1532001160623929
1532001161124016
1532001161624142
1532001162124243
1532001162624373
1532001163124586
1532001163624679
1532001164124800
1532001164624890
1532001165124983
1532001165625138
1532001166125223
1532001166625309
1532001167125429
1532001167625567
1532001168125662
1532001168625743
1532001169125847
1532001169625950
1532001170126049
1532001170626169
1532001171126328
1532001171626469
1532001172126578
1532001172626662
1532001173126825
1532001173627022
1532001174127133
1532001174627263
1532001175127356
1532001175627473
1532001176127582
1532001176627676
1532001177127778
1532001177627885
1532001178127964
1532001178628098
1532001179128198
1532001179628800
1532001180128936
1532001180629039
1532001181129125
1532001181629212
1532001182129302
1532001182629380
1532001183130324
1532001183630422
1532001184130539
1532001184631207
1532001185131317
1532001185632121
1532001186132248
1532001186632356
1532001187132588
1532001187632672
1532001188132773
1532001188633049
1532001189133151
1532001189633237
1532001190133331
1532001190633447
1532001191133573
1532001191634354
1532001192134453
1532001192634540
1532001193134628
1532001193634875
1532001194134954
1532001194635095
1532001195135214
1532001195635316
1532001196135411
1532001196635555
1532001197135667
1532001197635771
1532001198135868
1532001198635971
1532001199136061
1532001199636191
1532001200136268
1532001200636444
1532001201136539
1532001201636646
1532001202136747
1532001202637250
1532001203137644
1532001203637762
1532001204137840
1532001204637960
1532001205138152
1532001205640915
