1534235734715195
1534235735215266
1534235735715353
1534235736215431
1534235736715507
1534235737215583
1534235737715653
1534235738215735
1534235738715812
1534235739215887
1534235739715961
1534235740216035
1534235740716111
1534235741216192
1534235741716263
1534235742216338
1534235742716409
1534235743216486
1534235743716558
1534235744216634
1534235744716706
1534235745216789
1534235745716862
1534235746216937
1534235746717011
1534235747217083
1534235747717155
1534235748217233
1534235748717307
1534235749217383
1534235749717456
1534235750217550
1534235750717623
1534235751217693
1534235751717769
1534235752217840
1534235752717911
1534235753217982
1534235753718066
1534235754218138
1534235754718213
1534235755218281
1534235755718353
1534235756218442
1534235756718517
1534235757218595
1534235757718669
1534235758218760
1534235758718835
1534235759218922
1534235759719001
1534235760219073
1534235760719148
1534235761219222
1534235761719303
1534235762219379
1534235762719460
1534235763219538
1534235763719611
1534235764219685
1534235764719760
1534235765219841
1534235765719920
1534235766219996
1534235766720078
1534235767220144
1534235767720224
1534235768220300
1534235768720370
1534235769220450
1534235769720527
1534235770220636
1534235770720747
1534235771220819
1534235771720903
1534235772220978
1534235772721052
1534235773221128
1534235773721201
1534235774221305
1534235774721383
1534235775221468
1534235775721541
1534235776221614
1534235776721686
1534235777221764
1534235777721848
1534235778221926
1534235778722005
1534235779222078
1534235779722165
1534235780222238
1534235780722331
1534235781222410
1534235781722555
1534235782222635
1534235782722735
1534235783222814
1534235783722914
1534235784222991
1534235784723096
1534235785223183
1534235785723264
1534235786223334
1534235786723408
1534235787223481
1534235787723552
1534235788223631
1534235788723705
1534235789223782
1534235789723855
1534235790223927
1534235790723998
1534235791224081
1534235791724146
1534235792224221
1534235792724296
1534235793224372
1534235793724443
1534235794224520
1534235794724597
1534235795224690
1534235795724761
1534235796224845
1534235796724920
1534235797224991
1534235797725066
1534235798225140
1534235798725220
1534235799225293
1534235799725362
1534235800225432
1534235800725503
1534235801225580
1534235801725652
1534235802225768
1534235802725848
1534235803225927
1534235803726013
1534235804226094
1534235804726170
1534235805226250
1534235805726325
1534235806226398
1534235806726494
1534235807226594
1534235807726667
1534235808226743
1534235808726816
1534235809226889
1534235809726972
1534235810227046
1534235810727127
1534235811227207
1534235811727280
1534235812227354
1534235812727429
1534235813227510
1534235813727585
1534235814227676
1534235814727750
1534235815227830
1534235815727912
1534235816228007
1534235816728078
1534235817228149
1534235817728224
1534235818228294
1534235818728365
1534235819228438
1534235819728516
1534235820228586
1534235820728658
1534235821228731
1534235821728803
1534235822228891
1534235822728979
1534235823229057
1534235823729142
1534235824229222
1534235824729296
1534235825229373
1534235825729454
1534235826229527
1534235826729597
1534235827229670
1534235827729743
1534235828229814
1534235828729886
1534235829229961
1534235829730036
1534235830230112
1534235830730193
1534235831230266
1534235831730345
1534235832230422
1534235832730497
1534235833230571
1534235833730649
