1534235734715834
1534235735215770
1534235735715940
1534235735715958
1534235736215878
1534235736715957
1534235737216158
1534235737716045
1534235738216230
1534235738716397
1534235739216373
1534235739716378
1534235740216506
1534235740716594
1534235741216682
1534235741716729
1534235742216851
1534235742716815
1534235743216860
1534235743716964
1534235744216982
1534235744717134
1534235745217221
1534235745717314
1534235746217320
1534235746717484
1534235747217492
1534235747717642
1534235748217731
1534235748717760
1534235749217873
1534235749717827
1534235750218104
1534235750718025
1534235751218246
1534235751718234
1534235752218383
1534235752718293
1534235753218416
1534235753718516
1534235754218528
1534235754718704
1534235755218656
1534235755718793
1534235756219135
1534235756719112
1534235757219154
1534235757719282
1534235758219164
1534235758719472
1534235759219381
1534235759719644
1534235760219492
1534235760719673
1534235761219724
1534235761719763
1534235762219738
1534235762719922
1534235763220049
1534235763720188
1534235764220158
1534235764720350
1534235765220426
1534235765720589
1534235766220538
1534235766720640
1534235767220638
1534235767720709
1534235768220741
1534235768720860
1534235769221283
1534235769721232
1534235770221262
1534235770721160
1534235771221362
1534235771721398
1534235772221436
1534235772721514
1534235773221665
1534235773721687
1534235774221885
1534235774721959
1534235775221951
1534235775721972
1534235776222178
1534235776722197
1534235777222262
1534235777722407
1534235778222493
1534235778722443
1534235779222501
1534235779722612
1534235780222823
1534235780722909
1534235781222940
1534235781723191
1534235782223218
1534235782723240
1534235783223355
1534235783723452
1534235784223617
1534235784723578
1534235785223788
1534235785723756
1534235786223790
1534235786723918
1534235787223985
1534235787724179
1534235787724203
1534235788224183
1534235788724188
1534235789224557
1534235789724417
1534235790224331
1534235790724550
1534235791224663
1534235791724601
1534235792224732
1534235792724783
1534235793224871
1534235793724880
1534235794225140
1534235794725092
1534235795225145
1534235795725215
1534235796225364
1534235796725513
1534235797225543
1534235797725542
1534235798225678
1534235798725664
1534235799225798
1534235799725795
1534235800225911
1534235800725980
1534235801226147
1534235801726085
1534235802226381
1534235802726292
1534235803226515
1534235803726594
1534235804226713
1534235804726710
1534235805226782
1534235805726893
1534235806226984
1534235806727186
1534235807227251
1534235807727309
1534235808227272
1534235808727379
1534235809227340
1534235809727359
1534235810227607
1534235810727574
1534235811227729
1534235811727695
1534235812227825
1534235812728023
1534235813228060
1534235813728119
1534235814228330
1534235814728211
1534235815228353
1534235815728366
1534235816228551
1534235816728504
1534235817228699
1534235817728737
1534235818228732
1534235818728884
1534235819228989
1534235819728888
1534235820229083
1534235820729211
1534235821229322
1534235821729391
1534235822229456
1534235822729642
1534235823229718
1534235823729620
1534235824229834
1534235824730047
1534235825229798
1534235825729985
1534235825730142
1534235826230031
1534235826730058
1534235827230119
1534235827730391
1534235828230289
1534235828730426
1534235829230464
1534235829730604
1534235830230662
1534235830730670
1534235831230722
1534235831731034
1534235832230916
1534235832731091
1534235833231091
1534235833731131
