1534235734715869
1534235734715885
1534235734715893
1534235735215805
1534235735215824
1534235735215831
1534235735715908
1534235735715970
1534235735715978
1534235735715986
1534235736215902
1534235736215919
1534235736215926
1534235736715988
1534235736716002
1534235736716008
1534235736716016
1534235737216094
1534235737216190
1534235737216200
1534235737216207
1534235737716092
1534235737716107
1534235737716114
1534235738216226
1534235738216264
1534235738216278
1534235738216286
1534235738716353
1534235738716429
1534235738716437
1534235738716443
1534235739216427
1534235739216442
1534235739216449
1534235739716414
1534235739716426
1534235739716433
1534235740216557
1534235740216572
1534235740216579
1534235740216585
1534235740716630
1534235740716643
1534235740716649
1534235740716656
1534235741216723
1534235741216736
1534235741216747
1534235741216755
1534235741716775
1534235741716790
1534235741716798
1534235741716811
1534235742216893
1534235742216909
1534235742216916
1534235742216923
1534235742716875
1534235742716890
1534235742716897
1534235743216912
1534235743216931
1534235743216940
1534235743216948
1534235743717020
1534235743717038
1534235743717047
1534235743717060
1534235744217063
1534235744217078
1534235744217087
1534235744717186
1534235744717201
1534235744717219
1534235744717227
1534235745217270
1534235745217284
1534235745217292
1534235745217304
1534235745717348
1534235745717368
1534235745717375
1534235745717387
1534235746217371
1534235746217389
1534235746217397
1534235746717476
1534235746717512
1534235746717520
1534235746717527
1534235747217517
1534235747217533
1534235747217540
1534235747717608
1534235747717667
1534235747717676
1534235747717684
1534235748217770
1534235748217789
1534235748217797
1534235748217805
1534235748717860
1534235748717880
1534235748717896
1534235748717906
1534235749217911
1534235749217927
1534235749217938
1534235749717864
1534235749717881
1534235749717888
1534235750217969
1534235750218160
1534235750218176
1534235750218184
1534235750718093
1534235750718108
1534235750718116
1534235751218221
1534235751218274
1534235751218284
1534235751218292
1534235751718262
1534235751718276
1534235751718283
1534235752218351
1534235752218408
1534235752218417
1534235752218424
1534235752718345
1534235752718358
1534235752718366
1534235753218451
1534235753218466
1534235753218473
1534235753218480
1534235753718553
1534235753718573
1534235753718581
1534235753718591
1534235754218603
1534235754218620
1534235754218637
1534235754218645
1534235754718767
1534235754718784
1534235754718792
1534235754718800
1534235755218699
1534235755218715
1534235755218724
1534235755718814
1534235755718829
1534235755718837
1534235755718845
1534235756218946
1534235756219160
1534235756219172
1534235756219181
1534235756719142
1534235756719157
1534235756719166
1534235757219195
1534235757219212
1534235757219221
1534235757219233
1534235757719323
1534235757719341
1534235757719351
1534235757719366
1534235758219211
1534235758219231
1534235758219241
1534235758719351
1534235758719503
1534235758719520
1534235758719529
1534235759219427
1534235759219447
1534235759219457
1534235759719573
1534235759719686
1534235759719697
1534235759719707
1534235760219543
1534235760219569
1534235760219578
1534235760719655
1534235760719766
1534235760719779
1534235760719790
1534235761219776
1534235761219792
1534235761219802
1534235761719799
1534235761719816
1534235761719824
1534235762219787
1534235762219802
1534235762219811
1534235762719890
1534235762719984
1534235762719998
1534235762720006
1534235763220125
1534235763220143
1534235763220152
1534235763220161
1534235763720236
1534235763720253
1534235763720262
1534235763720272
1534235764220193
1534235764220210
1534235764220218
1534235764720305
1534235764720377
1534235764720388
1534235764720396
1534235765220457
1534235765220475
1534235765220488
1534235765220496
1534235765720546
1534235765720638
1534235765720651
1534235765720660
1534235766220573
1534235766220590
1534235766220600
1534235766720669
1534235766720686
1534235766720696
1534235766720705
1534235767220757
1534235767220774
1534235767220783
1534235767220793
1534235767720739
1534235767720754
1534235767720772
1534235768220772
1534235768220786
1534235768220794
1534235768720875
1534235768720888
1534235768720896
1534235768720904
1534235769220987
1534235769221316
1534235769221329
1534235769221337
1534235769721267
1534235769721283
1534235769721291
1534235770221394
1534235770221443
1534235770221459
1534235770221472
1534235770721227
1534235770721242
1534235770721250
1534235771221327
1534235771221384
1534235771221394
1534235771221401
1534235771721506
1534235771721523
1534235771721532
1534235771721543
1534235772221470
1534235772221488
1534235772221496
1534235772721553
1534235772721568
1534235772721576
1534235772721583
1534235773221659
1534235773221705
1534235773221713
1534235773221722
1534235773721717
1534235773721731
1534235773721740
1534235774221830
1534235774221928
1534235774221949
1534235774221959
1534235774722000
1534235774722021
1534235774722035
1534235774722044
1534235775222047
1534235775222074
1534235775222084
1534235775722009
1534235775722027
1534235775722037
1534235776222142
1534235776222218
1534235776222237
1534235776222254
1534235776722227
1534235776722242
1534235776722251
1534235777222406
1534235777222421
1534235777222431
1534235777222440
1534235777722549
1534235777722564
1534235777722574
1534235777722584
1534235778222530
1534235778222552
1534235778222561
1534235778722466
1534235778722482
1534235778722492
1534235779222567
1534235779222583
1534235779222596
1534235779222605
1534235779722684
1534235779722705
1534235779722714
1534235779722724
1534235780222813
1534235780222860
1534235780222875
1534235780222884
1534235780722969
1534235780722987
1534235780722997
1534235780723006
1534235781223026
1534235781223045
1534235781223055
1534235781223065
1534235781723193
1534235781723251
1534235781723267
1534235781723276
1534235782223251
1534235782223267
1534235782223276
1534235782723294
1534235782723313
1534235782723323
1534235783223401
1534235783223419
1534235783223429
1534235783223439
1534235783723516
1534235783723533
1534235783723544
1534235783723554
1534235784223653
1534235784223671
1534235784223681
1534235784223691
1534235784723616
1534235784723633
1534235784723643
1534235785223744
1534235785223844
1534235785223868
1534235785223885
1534235785723809
1534235785723828
1534235785723849
1534235786223821
1534235786223843
1534235786223852
1534235786723932
1534235786723956
1534235786723982
1534235786723998
1534235787224100
1534235787224128
1534235787224147
1534235787224158
1534235787724225
1534235787724240
1534235787724248
1534235787724257
1534235788224222
1534235788224238
1534235788224247
1534235788724254
1534235788724271
1534235788724280
1534235789224395
1534235789224585
1534235789224596
1534235789224605
1534235789724458
1534235789724490
1534235789724499
1534235790224396
1534235790224411
1534235790224436
1534235790724579
1534235790724594
1534235790724604
1534235790724618
1534235791224703
1534235791224725
1534235791224736
1534235791224745
1534235791724641
1534235791724661
1534235791724671
1534235792224773
1534235792224794
1534235792224808
1534235792224817
1534235792724838
1534235792724853
1534235792724862
1534235792724872
1534235793224914
1534235793224928
1534235793224939
1534235793224947
1534235793724919
1534235793724932
1534235793724939
1534235794225045
1534235794225180
1534235794225193
1534235794225201
1534235794725124
1534235794725140
1534235794725148
1534235795225190
1534235795225208
1534235795225217
1534235795225227
1534235795725241
1534235795725256
1534235795725265
1534235795725274
1534235796225392
1534235796225410
1534235796225420
1534235796225430
1534235796725468
1534235796725569
1534235796725582
1534235796725592
1534235797225580
1534235797225596
1534235797225605
1534235797725600
1534235797725615
1534235797725624
1534235798225724
1534235798225743
1534235798225752
1534235798225762
1534235798725690
1534235798725707
1534235798725719
1534235799225842
1534235799225862
1534235799225870
1534235799225878
1534235799725829
1534235799725849
1534235799725857
1534235800225888
1534235800225997
1534235800226012
1534235800226021
1534235800726024
1534235800726041
1534235800726050
1534235801226135
1534235801226184
1534235801226197
1534235801226218
1534235801726141
1534235801726162
1534235801726170
1534235802226242
1534235802226411
1534235802226424
1534235802226433
1534235802726375
1534235802726400
1534235802726409
1534235803226498
1534235803226575
1534235803226589
1534235803226598
1534235803726635
1534235803726653
1534235803726662
1534235803726671
1534235804226746
1534235804226768
1534235804226779
1534235804226791
1534235804726780
1534235804726802
1534235804726812
1534235805226835
1534235805226856
1534235805226869
1534235805226881
1534235805726930
1534235805726951
1534235805726960
1534235805726969
1534235806227021
1534235806227037
1534235806227046
1534235806227057
1534235806727144
1534235806727241
1534235806727257
1534235806727266
1534235807227304
1534235807227325
1534235807227335
1534235807227344
1534235807727350
1534235807727370
1534235807727381
1534235808227336
1534235808227354
1534235808227363
1534235808727433
1534235808727455
1534235808727465
1534235808727475
1534235809227387
1534235809227404
1534235809227414
1534235809727419
1534235809727433
1534235809727442
1534235810227547
1534235810227643
1534235810227657
1534235810227665
1534235810727717
1534235810727740
1534235810727750
1534235810727758
1534235811227812
1534235811227833
1534235811227842
1534235811227851
1534235811727738
1534235811727759
1534235811727768
1534235812227868
1534235812227887
1534235812227898
1534235812227906
1534235812728056
1534235812728078
1534235812728090
1534235812728099
1534235813228142
1534235813228160
1534235813228169
1534235813228177
1534235813728155
1534235813728173
1534235813728192
1534235814228232
1534235814228373
1534235814228385
1534235814228394
1534235814728257
1534235814728274
1534235814728282
1534235815228383
1534235815228401
1534235815228410
1534235815228417
1534235815728461
1534235815728481
1534235815728492
1534235815728500
1534235816228582
1534235816228603
1534235816228613
1534235816228622
1534235816728597
1534235816728620
1534235816728637
1534235817228748
1534235817228767
1534235817228776
1534235817228791
1534235817728765
1534235817728781
1534235817728790
1534235818228839
1534235818228857
1534235818228867
1534235818228885
1534235818728913
1534235818728930
1534235818728938
1534235818728952
1534235819229018
1534235819229035
1534235819229044
1534235819229060
1534235819728927
1534235819728947
1534235819728962
1534235820229076
1534235820229114
1534235820229124
1534235820229133
1534235820729242
1534235820729256
1534235820729271
1534235820729280
1534235821229354
1534235821229376
1534235821229385
1534235821229396
1534235821729424
1534235821729442
1534235821729452
1534235821729468
1534235822229584
1534235822229598
1534235822229609
1534235822229618
1534235822729712
1534235822729730
1534235822729740
1534235822729751
1534235823229757
1534235823229777
1534235823229787
1534235823729682
1534235823729703
1534235823729713
1534235824229863
1534235824229894
1534235824229911
1534235824229922
1534235824730006
1534235824730152
1534235824730166
1534235824730175
1534235825229877
1534235825229896
1534235825229904
1534235825730017
1534235825730035
1534235825730044
1534235825730194
1534235826230091
1534235826230108
1534235826230118
1534235826730102
1534235826730120
1534235826730132
1534235827230152
1534235827230168
1534235827230178
1534235827230193
1534235827730367
1534235827730423
1534235827730434
1534235827730443
1534235828230317
1534235828230334
1534235828230343
1534235828730462
1534235828730482
1534235828730498
1534235828730507
1534235829230532
1534235829230548
1534235829230556
1534235829230570
1534235829730633
1534235829730648
1534235829730657
1534235829730668
1534235830230717
1534235830230734
1534235830230744
1534235830230753
1534235830730752
1534235830730765
1534235830730774
1534235831230774
1534235831230799
1534235831230810
1534235831730868
1534235831731070
1534235831731085
1534235831731094
1534235832230978
1534235832230996
1534235832231010
1534235832731128
1534235832731145
1534235832731155
1534235832731164
1534235833231124
1534235833231140
1534235833231149
1534235833731195
1534235833731211
1534235833731220
1534235833731229
