1534235734716473
1534235735216444
1534235735716697
1534235736216645
1534235736716871
1534235737217093
1534235737716804
1534235738217043
1534235738717244
1534235739216965
1534235739717155
1534235740217376
1534235740717563
1534235741217533
1534235741717709
1534235742217694
1534235742717593
1534235743217791
1534235743717976
1534235744217673
1534235744718100
1534235745218058
1534235745718229
1534235746217909
1534235746718332
1534235747218243
1534235747718437
1534235748218610
1534235748718767
1534235749218454
1534235749718603
1534235750218797
1534235750718696
1534235751219106
1534235751718792
1534235752219194
1534235752718885
1534235753219272
1534235753719432
1534235754219580
1534235754719742
1534235755219389
1534235755719806
1534235756219771
1534235756719885
1534235757220060
1534235757720216
1534235758219861
1534235758720272
1534235759220229
1534235759720553
1534235760220202
1534235760720592
1534235761220483
1534235761720403
1534235762220522
1534235762720708
1534235763221076
1534235763721227
1534235764220855
1534235764721259
1534235765221411
1534235765721553
1534235766221213
1534235766721647
1534235767221732
1534235767721371
1534235768221494
1534235768721885
1534235769222052
1534235769721940
1534235770222548
1534235770721940
1534235771222334
1534235771722476
1534235772222095
1534235772722469
1534235773222502
1534235773722404
1534235774222834
1534235774723009
1534235775222680
1534235775722619
1534235776223054
1534235776722980
1534235777223497
1534235777723427
1534235778223296
1534235778723021
1534235779223451
1534235779723646
1534235780223634
1534235780723836
1534235781224028
1534235781724030
1534235782223947
1534235782723946
1534235783224385
1534235783724379
1534235784224574
1534235784724299
1534235785224776
1534235785724507
1534235786224473
1534235786724959
1534235787224967
1534235787725180
1534235788224901
1534235788724892
1534235789225396
1534235789725125
1534235790225116
1534235790725394
1534235791225612
1534235791725343
1534235792225628
1534235792725642
1534235793225857
1534235793725608
1534235794225901
1534235794725880
1534235795226142
1534235795726152
1534235796226207
1534235796726433
1534235797226207
1534235797726242
1534235798226742
1534235798726260
1534235799226793
1534235799726548
1534235800226837
1534235800726635
1534235801227157
1534235801726922
1534235802227211
1534235802727008
1534235803227521
1534235803727554
1534235804227612
1534235804727373
1534235805227668
1534235805727933
1534235806227981
1534235806728040
1534235807228320
1534235807728090
1534235808227923
1534235808728424
1534235809227970
1534235809728021
1534235810228577
1534235810728623
1534235811228675
1534235811728457
1534235812228757
1534235812729065
1534235813229104
1534235813728906
1534235814229204
1534235814729020
1534235815229347
1534235815729379
1534235816229466
1534235816729237
1534235817229590
1534235817729368
1534235818229684
1534235818729750
1534235819230041
1534235819729610
1534235820229934
1534235820730238
1534235821230312
1534235821730379
1534235822230457
1534235822730563
1534235823230367
1534235823730392
1534235824230719
1534235824731124
1534235825230580
1534235825730918
1534235826230733
1534235826730786
1534235827231112
1534235827731219
1534235828230995
1534235828731324
1534235829231399
1534235829731478
1534235830231562
1534235830731377
1534235831231427
1534235831731780
1534235832231598
1534235832731959
1534235833231753
1534235833732082
