1534236332434806
1534236332934879
1534236333434952
1534236333935024
1534236334435098
1534236334935173
1534236335435254
1534236335935327
1534236336435422
1534236336935496
1534236337435567
1534236337935637
1534236338435709
1534236338935782
1534236339435859
1534236339935931
1534236340436019
1534236340936092
1534236341436184
1534236341936257
1534236342436329
1534236342936399
1534236343436475
1534236343936551
1534236344436625
1534236344936711
1534236345436782
1534236345936869
1534236346436948
1534236346937020
1534236347437093
1534236347937167
1534236348437240
1534236348937316
1534236349437394
1534236349937475
1534236350437547
1534236350937631
1534236351437704
1534236351937777
1534236352437850
1534236352937924
1534236353437999
1534236353938072
1534236354438153
1534236354938225
1534236355438299
1534236355938370
1534236356438440
1534236356938511
1534236357438593
1534236357938673
1534236358438753
1534236358938828
1534236359438902
1534236360439065
1534236360939140
1534236361439212
1534236361939297
1534236362439373
1534236362939450
1534236363439541
1534236363939617
1534236364439710
1534236364939787
1534236365439867
1534236365939953
1534236366440029
1534236366940104
1534236367440180
1534236367940286
1534236368440361
1534236368940438
1534236369440519
1534236369940599
1534236370440677
1534236370940775
1534236371440859
1534236371940936
1534236372441011
1534236372941103
1534236373441182
1534236373941268
1534236374441342
1534236374941418
1534236375441497
1534236375941569
1534236376441644
1534236376941719
1534236377441797
1534236377941884
1534236378441958
1534236378942061
1534236379442136
1534236379942211
1534236380442285
1534236380942361
1534236381442435
1534236381942509
1534236382442586
1534236382942664
1534236383442743
1534236383942818
1534236384442900
1534236384942982
1534236385443058
1534236385943132
1534236386443221
1534236386943299
1534236387443385
1534236387943462
1534236388443544
1534236388943618
1534236389443698
1534236389943774
1534236390443844
1534236390943915
1534236391443992
1534236391944149
1534236392444222
1534236392944321
1534236393444402
1534236393944477
1534236394444553
1534236394944630
1534236395444702
1534236395944791
1534236396444879
1534236396944962
1534236397445041
1534236397945119
1534236398445193
1534236398945269
1534236399445349
1534236399945423
1534236400445513
1534236400945596
1534236401445668
1534236401945747
1534236402445855
1534236402945927
1534236403446002
1534236403946082
1534236404446155
1534236404946227
1534236405446320
1534236405946394
1534236406446480
1534236406946561
1534236407446637
1534236407946713
1534236408446792
1534236408946866
1534236409446947
1534236409947028
1534236410447102
1534236410947205
1534236411447279
1534236411947354
1534236412447429
1534236412947507
1534236413447583
1534236413947657
1534236414447738
1534236414947869
1534236415448009
1534236415948085
1534236416448173
1534236416948286
1534236417448364
1534236417948479
1534236418448558
1534236418948634
1534236419448715
1534236419948844
1534236420448930
1534236420949003
1534236421449077
1534236421949162
1534236422449246
1534236422949397
1534236423449482
1534236423949558
1534236424449636
1534236424949710
1534236425449787
1534236425949875
1534236426449961
1534236426950059
1534236427450134
1534236427950207
1534236428450289
1534236428950363
1534236429450439
1534236429950508
1534236430450629
1534236430950703
1534236431450777
