1534236331935782
1534236331935970
1534236332435742
1534236332435874
1534236332935523
1534236332935720
1534236333435615
1534236333435857
1534236333935868
1534236333936067
1534236334435834
1534236334436052
1534236334935972
1534236334936034
1534236335435824
1534236335435939
1534236335936031
1534236335936198
1534236336436162
1534236336436287
1534236336936259
1534236336936338
1534236337436240
1534236337436271
1534236337436385
1534236337936384
1534236337936513
1534236338436474
1534236338436631
1534236338936323
1534236338936358
1534236338936380
1534236339436619
1534236339436741
1534236339936563
1534236339936633
1534236340436975
1534236340437003
1534236340437160
1534236340936840
1534236340936991
1534236341436888
1534236341437045
1534236341936796
1534236341937143
1534236342436963
1534236342436993
1534236342437112
1534236342937123
1534236342937287
1534236343437159
1534236343437279
1534236343937289
1534236343937391
1534236344437222
1534236344437273
1534236344937401
1534236344937581
1534236345437452
1534236345437592
1534236345937576
1534236345937722
1534236346437770
1534236346437938
1534236346937707
1534236346937740
1534236346937860
1534236347437788
1534236347437930
1534236347938010
1534236347938111
1534236348437756
1534236348437909
1534236348937974
1534236348938287
1534236349437923
1534236349438176
1534236349938179
1534236349938258
1534236350438421
1534236350438483
1534236350938277
1534236350938443
1534236351438411
1534236351438539
1534236351938661
1534236351938774
1534236352438443
1534236352438520
1534236352938672
1534236352938811
1534236353438690
1534236353438868
1534236353938875
1534236353939015
1534236354438901
1534236354439099
1534236354938877
1534236354939003
1534236355438926
1534236355439101
1534236355938967
1534236355939047
1534236356439111
1534236356439290
1534236356939121
1534236356939374
1534236357439121
1534236357439432
1534236357939577
1534236357939660
1534236358439533
1534236358439579
1534236358439708
1534236358939466
1534236358939684
1534236359439868
1534236359439998
1534236359939827
1534236359939864
1534236359940059
1534236360439986
1534236360440242
1534236360939739
1534236360940158
1534236361440186
1534236361440345
1534236361939904
1534236361940508
1534236362440351
1534236362440581
1534236362940230
1534236362940487
1534236363440347
1534236363440381
1534236363440558
1534236363940391
1534236363940509
1534236364440762
1534236364440903
1534236364940662
1534236364940703
1534236364940829
1534236365440601
1534236365440784
1534236365940629
1534236365940813
1534236366440922
1534236366441124
1534236366940660
1534236366940835
1534236367440906
1534236367441086
1534236367940878
1534236367941233
1534236368441192
1534236368441366
1534236368941297
1534236368941505
1534236369441255
1534236369441410
1534236369941311
1534236369941492
1534236370441249
1534236370441774
1534236370941481
1534236370941797
1534236371441566
1534236371441798
1534236371941651
1534236371941707
1534236372441859
1534236372442014
1534236372942014
1534236372942089
1534236373442033
1534236373442069
1534236373442087
1534236373941868
1534236373942087
1534236374442110
1534236374442267
1534236374942275
1534236374942353
1534236375441990
1534236375442018
1534236375442578
1534236375942198
1534236375942431
1534236376442330
1534236376442579
1534236376942667
1534236376942776
1534236377442632
1534236377442834
1534236377942615
1534236377942687
1534236378442576
1534236378442775
1534236378942725
1534236378943041
1534236379442776
1534236379442864
1534236379942771
1534236379943105
1534236380443065
1534236380443146
1534236380943143
1534236380943194
1534236380943356
1534236381443174
1534236381443355
1534236381943627
1534236381943700
1534236382443217
1534236382443595
1534236382943601
1534236382943798
1534236383443582
1534236383443853
1534236383943679
1534236383943973
1534236384444029
1534236384444222
1534236384943966
1534236384944084
1534236385444124
1534236385444210
1534236385943972
1534236385944127
1534236386444118
1534236386444160
1534236386444356
1534236386944261
1534236386944351
1534236387444217
1534236387444311
1534236387944246
1534236387944628
1534236388444266
1534236388444500
1534236388944581
1534236388944706
1534236389444591
1534236389444648
1534236389944646
1534236389944735
1534236390444699
1534236390444844
1534236390944683
1534236390944903
1534236391444674
1534236391445112
1534236391946255
1534236391946447
1534236391946601
1534236392444955
1534236392445076
1534236392944921
1534236392945324
1534236393445140
1534236393445417
1534236393945316
1534236393945529
1534236394445714
1534236394445877
1534236394945543
1534236394945617
1534236395445637
1534236395445830
1534236395945262
1534236395945489
1534236396445625
1534236396445813
1534236396945924
1534236396946002
1534236397445902
1534236397446001
1534236397946082
1534236397946219
1534236398446018
1534236398446178
1534236398945901
1534236398946016
1534236399446212
1534236399446334
1534236399946249
1534236399946588
1534236400446325
1534236400446575
1534236400946417
1534236400946477
1534236401446480
1534236401446630
1534236401946628
1534236401946778
1534236402446645
1534236402446792
1534236402946709
1534236402946797
1534236403446562
1534236403447220
1534236403947031
1534236403947257
1534236404447009
1534236404447080
1534236404947016
1534236404947217
1534236405447210
1534236405447411
1534236405947086
1534236405947260
1534236406447342
1534236406447497
1534236406947278
1534236406947418
1534236407447818
1534236407447955
1534236407947496
1534236407947760
1534236408447890
1534236408448104
1534236408947493
1534236408948079
1534236409447960
1534236409447997
1534236409448085
1534236409947794
1534236409948135
1534236410448019
1534236410448141
1534236410948261
1534236410948559
1534236411447979
1534236411448011
1534236411448245
1534236411948084
1534236411948334
1534236412448201
1534236412448547
1534236412948146
1534236412948227
1534236413448396
1534236413448490
1534236413948408
1534236413948597
1534236414448391
1534236414448694
1534236414948872
1534236414949114
1534236415449637
1534236415450112
1534236415948969
1534236415949168
1534236416448946
1534236416449135
1534236416949772
1534236416950441
1534236417449401
1534236417449548
1534236417949122
1534236417949389
1534236418449470
1534236418449609
1534236418949538
1534236418949645
1534236419449532
1534236419449722
1534236419950299
1534236419950403
1534236420449773
1534236420449863
1534236420949839
1534236420949975
1534236421449933
1534236421450189
1534236421949999
1534236421950079
1534236422450363
1534236422450511
1534236422951253
1534236422951586
1534236423450344
1534236423450487
1534236423950436
1534236423950600
1534236424450658
1534236424450752
1534236424950586
1534236424950809
1534236425450883
1534236425451037
1534236425950888
1534236425951117
1534236426450739
1534236426450834
1534236426951030
1534236426951244
1534236427450732
1534236427451333
1534236427950899
1534236427951061
1534236428451271
1534236428451529
1534236428951143
1534236428951189
1534236428951322
1534236429451287
1534236429451465
1534236429951306
1534236429951530
1534236430451361
1534236430451545
1534236430951407
1534236430951542
1534236431451410
1534236431451550
