1534236331935852
1534236331935870
1534236331935876
1534236331935884
1534236331935891
1534236331935902
1534236331935910
1534236331935920
1534236331935987
1534236331935997
1534236331936003
1534236331936011
1534236332435778
1534236332435793
1534236332435802
1534236332435813
1534236332435820
1534236332435827
1534236332435834
1534236332435841
1534236332435902
1534236332435913
1534236332435920
1534236332435926
1534236332935618
1534236332935631
1534236332935639
1534236332935648
1534236332935654
1534236332935662
1534236332935668
1534236332935675
1534236332935807
1534236332935816
1534236332935823
1534236332935829
1534236333435759
1534236333435776
1534236333435783
1534236333435790
1534236333435797
1534236333435803
1534236333435809
1534236333435816
1534236333435892
1534236333435902
1534236333435909
1534236333435916
1534236333935963
1534236333935976
1534236333935982
1534236333935989
1534236333935996
1534236333936003
1534236333936011
1534236333936018
1534236333936025
1534236333936131
1534236333936141
1534236333936147
1534236333936154
1534236334435887
1534236334435907
1534236334435914
1534236334435922
1534236334435929
1534236334435936
1534236334435943
1534236334435951
1534236334436081
1534236334436092
1534236334436100
1534236334436107
1534236334936058
1534236334936072
1534236334936082
1534236334936098
1534236334936104
1534236334936111
1534236334936118
1534236334936129
1534236334936136
1534236334936142
1534236334936149
1534236334936156
1534236335435903
1534236335435922
1534236335435930
1534236335435936
1534236335435943
1534236335435954
1534236335435966
1534236335435973
1534236335435979
1534236335435986
1534236335435998
1534236335436006
1534236335936156
1534236335936172
1534236335936180
1534236335936186
1534236335936196
1534236335936204
1534236335936210
1534236335936221
1534236335936231
1534236335936238
1534236335936245
1534236335936252
1534236335936259
1534236336436218
1534236336436232
1534236336436240
1534236336436247
1534236336436253
1534236336436260
1534236336436267
1534236336436273
1534236336436304
1534236336436312
1534236336436319
1534236336436326
1534236336936372
1534236336936384
1534236336936391
1534236336936400
1534236336936407
1534236336936413
1534236336936420
1534236336936426
1534236336936433
1534236336936440
1534236336936447
1534236336936453
1534236336936459
1534236337436427
1534236337436439
1534236337436447
1534236337436455
1534236337436463
1534236337436470
1534236337436477
1534236337436484
1534236337436494
1534236337436503
1534236337436509
1534236337436518
1534236337936417
1534236337936430
1534236337936437
1534236337936444
1534236337936451
1534236337936458
1534236337936464
1534236337936470
1534236337936559
1534236337936566
1534236337936573
1534236337936580
1534236338436515
1534236338436528
1534236338436534
1534236338436541
1534236338436548
1534236338436555
1534236338436561
1534236338436568
1534236338436655
1534236338436664
1534236338436671
1534236338436677
1534236338936585
1534236338936597
1534236338936606
1534236338936615
1534236338936625
1534236338936632
1534236338936639
1534236338936648
1534236338936654
1534236338936661
1534236338936667
1534236338936677
1534236339436780
1534236339436794
1534236339436804
1534236339436817
1534236339436824
1534236339436831
1534236339436838
1534236339436851
1534236339436858
1534236339436865
1534236339436872
1534236339436883
1534236339436894
1534236339936643
1534236339936659
1534236339936667
1534236339936678
1534236339936685
1534236339936693
1534236339936700
1534236339936706
1534236339936718
1534236339936725
1534236339936732
1534236339936738
1534236340436788
1534236340437015
1534236340437026
1534236340437033
1534236340437046
1534236340437052
1534236340437059
1534236340437066
1534236340437072
1534236340437174
1534236340437183
1534236340437190
1534236340437196
1534236340936895
1534236340936907
1534236340936915
1534236340936923
1534236340936931
1534236340936940
1534236340936947
1534236340936954
1534236340937026
1534236340937034
1534236340937044
1534236340937051
1534236341436938
1534236341436953
1534236341436960
1534236341436967
1534236341436974
1534236341436980
1534236341436987
1534236341436993
1534236341437074
1534236341437083
1534236341437091
1534236341437097
1534236341936968
1534236341936985
1534236341936992
1534236341937004
1534236341937014
1534236341937021
1534236341937028
1534236341937035
1534236341937168
1534236341937177
1534236341937184
1534236341937191
1534236342437045
1534236342437058
1534236342437065
1534236342437072
1534236342437079
1534236342437086
1534236342437093
1534236342437099
1534236342437128
1534236342437137
1534236342437143
1534236342437150
1534236342937198
1534236342937213
1534236342937221
1534236342937227
1534236342937234
1534236342937240
1534236342937246
1534236342937253
1534236342937260
1534236342937304
1534236342937319
1534236342937326
1534236342937334
1534236343437262
1534236343437278
1534236343437285
1534236343437297
1534236343437308
1534236343437314
1534236343437322
1534236343437335
1534236343437342
1534236343437349
1534236343437355
1534236343437362
1534236343937353
1534236343937366
1534236343937374
1534236343937386
1534236343937394
1534236343937402
1534236343937414
1534236343937427
1534236343937434
1534236343937440
1534236343937451
1534236343937458
1534236344437308
1534236344437325
1534236344437332
1534236344437339
1534236344437346
1534236344437352
1534236344437359
1534236344437366
1534236344437373
1534236344437379
1534236344437386
1534236344437392
1534236344937459
1534236344937470
1534236344937477
1534236344937484
1534236344937490
1534236344937497
1534236344937504
1534236344937511
1534236344937517
1534236344937606
1534236344937615
1534236344937622
1534236344937628
1534236345437521
1534236345437536
1534236345437544
1534236345437552
1534236345437558
1534236345437565
1534236345437572
1534236345437578
1534236345437691
1534236345437701
1534236345437708
1534236345437716
1534236345937620
1534236345937632
1534236345937639
1534236345937645
1534236345937652
1534236345937659
1534236345937665
1534236345937672
1534236345937757
1534236345937768
1534236345937776
1534236345937787
1534236346437805
1534236346437819
1534236346437827
1534236346437835
1534236346437842
1534236346437849
1534236346437856
1534236346437863
1534236346437870
1534236346437979
1534236346437991
1534236346437998
1534236346438004
1534236346937754
1534236346937769
1534236346937776
1534236346937783
1534236346937790
1534236346937796
1534236346937803
1534236346937809
1534236346937878
1534236346937887
1534236346937894
1534236346937901
1534236347437871
1534236347437886
1534236347437894
1534236347437900
1534236347437907
1534236347437914
1534236347437921
1534236347437928
1534236347437968
1534236347437976
1534236347437986
1534236347437993
1534236347938085
1534236347938101
1534236347938112
1534236347938120
1534236347938127
1534236347938134
1534236347938144
1534236347938151
1534236347938158
1534236347938165
1534236347938174
1534236347938181
1534236347938188
1534236348437797
1534236348437812
1534236348437819
1534236348437832
1534236348437838
1534236348437846
1534236348437852
1534236348437858
1534236348437942
1534236348437953
1534236348437960
1534236348437966
1534236348938038
1534236348938053
1534236348938062
1534236348938070
1534236348938077
1534236348938084
1534236348938091
1534236348938097
1534236348938104
1534236348938353
1534236348938368
1534236348938378
1534236348938385
1534236349438006
1534236349438020
1534236349438028
1534236349438034
1534236349438041
1534236349438048
1534236349438054
1534236349438060
1534236349438216
1534236349438224
1534236349438230
1534236349438237
1534236349938283
1534236349938299
1534236349938307
1534236349938324
1534236349938333
1534236349938340
1534236349938347
1534236349938358
1534236349938365
1534236349938372
1534236349938379
1534236349938385
1534236349938400
1534236350438465
1534236350438478
1534236350438485
1534236350438494
1534236350438501
1534236350438509
1534236350438517
1534236350438523
1534236350438530
1534236350438537
1534236350438544
1534236350438553
1534236350438560
1534236350938310
1534236350938327
1534236350938334
1534236350938340
1534236350938347
1534236350938353
1534236350938360
1534236350938367
1534236350938460
1534236350938469
1534236350938475
1534236350938481
1534236351438447
1534236351438462
1534236351438478
1534236351438485
1534236351438492
1534236351438499
1534236351438506
1534236351438512
1534236351438581
1534236351438600
1534236351438607
1534236351438613
1534236351938686
1534236351938699
1534236351938707
1534236351938719
1534236351938726
1534236351938733
1534236351938743
1534236351938749
1534236351938765
1534236351938812
1534236351938821
1534236351938827
1534236351938839
1534236352438498
1534236352438516
1534236352438524
1534236352438532
1534236352438539
1534236352438546
1534236352438552
1534236352438559
1534236352438565
1534236352438574
1534236352438581
1534236352438587
1534236352938709
1534236352938724
1534236352938731
1534236352938739
1534236352938746
1534236352938752
1534236352938759
1534236352938765
1534236352938772
1534236352938850
1534236352938861
1534236352938867
1534236352938874
1534236353438799
1534236353438813
1534236353438821
1534236353438828
1534236353438834
1534236353438840
1534236353438847
1534236353438853
1534236353438916
1534236353438927
1534236353438934
1534236353438941
1534236353938932
1534236353938951
1534236353938958
1534236353938970
1534236353938977
1534236353938983
1534236353938990
1534236353938996
1534236353939062
1534236353939074
1534236353939082
1534236353939089
1534236354438970
1534236354438985
1534236354438992
1534236354439000
1534236354439007
1534236354439013
1534236354439020
1534236354439031
1534236354439130
1534236354439138
1534236354439146
1534236354439153
1534236354938992
1534236354939005
1534236354939013
1534236354939022
1534236354939029
1534236354939036
1534236354939043
1534236354939049
1534236354939056
1534236354939062
1534236354939069
1534236354939075
1534236355439067
1534236355439084
1534236355439091
1534236355439103
1534236355439111
1534236355439117
1534236355439124
1534236355439131
1534236355439144
1534236355439152
1534236355439158
1534236355439169
1534236355939142
1534236355939159
1534236355939168
1534236355939179
1534236355939198
1534236355939205
1534236355939211
1534236355939218
1534236355939226
1534236355939236
1534236355939244
1534236355939251
1534236356439157
1534236356439173
1534236356439187
1534236356439196
1534236356439203
1534236356439210
1534236356439217
1534236356439224
1534236356439312
1534236356439323
1534236356439331
1534236356439338
1534236356939168
1534236356939190
1534236356939200
1534236356939208
1534236356939216
1534236356939223
1534236356939230
1534236356939238
1534236356939397
1534236356939408
1534236356939415
1534236356939421
1534236357439174
1534236357439199
1534236357439210
1534236357439217
1534236357439227
1534236357439235
1534236357439244
1534236357439252
1534236357439452
1534236357439465
1534236357439473
1534236357439481
1534236357939671
1534236357939687
1534236357939694
1534236357939706
1534236357939714
1534236357939721
1534236357939727
1534236357939734
1534236357939746
1534236357939753
1534236357939760
1534236357939768
1534236357939775
1534236358439626
1534236358439640
1534236358439648
1534236358439660
1534236358439667
1534236358439674
1534236358439680
1534236358439688
1534236358439760
1534236358439773
1534236358439780
1534236358439788
1534236358939543
1534236358939556
1534236358939564
1534236358939577
1534236358939584
1534236358939591
1534236358939598
1534236358939605
1534236358939707
1534236358939717
1534236358939724
1534236358939736
1534236359439830
1534236359439903
1534236359439914
1534236359439922
1534236359439937
1534236359439945
1534236359439956
1534236359439965
1534236359439980
1534236359440039
1534236359440055
1534236359440064
1534236359440076
1534236359939880
1534236359939897
1534236359939906
1534236359939921
1534236359939929
1534236359939938
1534236359939947
1534236359939962
1534236359940088
1534236359940099
1534236359940107
1534236359940120
1534236360440051
1534236360440069
1534236360440078
1534236360440093
1534236360440102
1534236360440115
1534236360440130
1534236360440139
1534236360440300
1534236360440312
1534236360440320
1534236360440335
1534236360939863
1534236360939879
1534236360939888
1534236360939899
1534236360939907
1534236360939916
1534236360939924
1534236360939932
1534236360940181
1534236360940193
1534236360940201
1534236360940223
1534236361440250
1534236361440267
1534236361440276
1534236361440283
1534236361440290
1534236361440298
1534236361440305
1534236361440313
1534236361440321
1534236361440369
1534236361440379
1534236361440389
1534236361440396
1534236361939981
1534236361940000
1534236361940008
1534236361940022
1534236361940030
1534236361940038
1534236361940046
1534236361940060
1534236361940543
1534236361940559
1534236361940568
1534236361940577
1534236362440464
1534236362440484
1534236362440492
1534236362440501
1534236362440509
1534236362440516
1534236362440524
1534236362440531
1534236362440615
1534236362440632
1534236362440640
1534236362440648
1534236362940286
1534236362940302
1534236362940310
1534236362940324
1534236362940332
1534236362940340
1534236362940348
1534236362940361
1534236362940522
1534236362940532
1534236362940540
1534236362940549
1534236363440433
1534236363440449
1534236363440456
1534236363440465
1534236363440472
1534236363440480
1534236363440488
1534236363440495
1534236363440625
1534236363440635
1534236363440642
1534236363440650
1534236363940443
1534236363940460
1534236363940469
1534236363940479
1534236363940487
1534236363940497
1534236363940505
1534236363940513
1534236363940677
1534236363940694
1534236363940703
1534236363940713
1534236364440820
1534236364440836
1534236364440845
1534236364440852
1534236364440861
1534236364440870
1534236364440877
1534236364440885
1534236364440893
1534236364440936
1534236364440950
1534236364440958
1534236364440965
1534236364940705
1534236364940730
1534236364940738
1534236364940747
1534236364940758
1534236364940766
1534236364940775
1534236364940783
1534236364940975
1534236364940991
1534236364941004
1534236364941012
1534236365440703
1534236365440719
1534236365440727
1534236365440736
1534236365440747
1534236365440755
1534236365440771
1534236365440779
1534236365441021
1534236365441034
1534236365441043
1534236365441050
1534236365941155
1534236365941170
1534236365941179
1534236365941188
1534236365941196
1534236365941205
1534236365941213
1534236365941221
1534236365941229
1534236365941237
1534236365941245
1534236365941259
1534236365941267
1534236366440967
1534236366440983
1534236366440991
1534236366441004
1534236366441012
1534236366441020
1534236366441027
1534236366441046
1534236366441145
1534236366441161
1534236366441168
1534236366441176
1534236366940738
1534236366940758
1534236366940771
1534236366940779
1534236366940787
1534236366940794
1534236366940801
1534236366940860
1534236366940869
1534236366940877
1534236366940884
1534236366940896
1534236367441096
1534236367441115
1534236367441125
1534236367441133
1534236367441141
1534236367441153
1534236367441161
1534236367441168
1534236367441176
1534236367441184
1534236367441192
1534236367441201
1534236367441209
1534236367941264
1534236367941280
1534236367941288
1534236367941297
1534236367941305
1534236367941313
1534236367941320
1534236367941328
1534236367941336
1534236367941344
1534236367941352
1534236367941359
1534236367941367
1534236368441266
1534236368441280
1534236368441290
1534236368441298
1534236368441306
1534236368441314
1534236368441321
1534236368441330
1534236368441388
1534236368441399
1534236368441408
1534236368441416
1534236368941415
1534236368941432
1534236368941441
1534236368941451
1534236368941459
1534236368941468
1534236368941476
1534236368941483
1534236368941566
1534236368941578
1534236368941586
1534236368941593
1534236369441435
1534236369441458
1534236369441467
1534236369441475
1534236369441482
1534236369441490
1534236369441502
1534236369441514
1534236369441522
1534236369441530
1534236369441541
1534236369441548
1534236369941470
1534236369941491
1534236369941501
1534236369941510
1534236369941518
1534236369941529
1534236369941536
1534236369941544
1534236369941552
1534236369941559
1534236369941569
1534236369941579
1534236370441401
1534236370441418
1534236370441426
1534236370441438
1534236370441446
1534236370441454
1534236370441461
1534236370441469
1534236370441841
1534236370441853
1534236370441861
1534236370441874
1534236370941614
1534236370941632
1534236370941640
1534236370941648
1534236370941656
1534236370941664
1534236370941672
1534236370941692
1534236370941892
1534236370941905
1534236370941916
1534236370941925
1534236371441677
1534236371441694
1534236371441703
1534236371441713
1534236371441720
1534236371441729
1534236371441737
1534236371441749
1534236371441837
1534236371441848
1534236371441856
1534236371441864
1534236371941750
1534236371941766
1534236371941775
1534236371941785
1534236371941793
1534236371941800
1534236371941807
1534236371941815
1534236371941824
1534236371941832
1534236371941840
1534236371941847
1534236372441897
1534236372441912
1534236372441920
1534236372441928
1534236372441936
1534236372441943
1534236372441951
1534236372441959
1534236372441966
1534236372442043
1534236372442063
1534236372442071
1534236372442079
1534236372942083
1534236372942096
1534236372942104
1534236372942117
1534236372942124
1534236372942132
1534236372942139
1534236372942146
1534236372942159
1534236372942172
1534236372942179
1534236372942187
1534236373442100
1534236373442118
1534236373442127
1534236373442137
1534236373442145
1534236373442152
1534236373442160
1534236373442167
1534236373442175
1534236373442182
1534236373442189
1534236373442197
1534236373942133
1534236373942149
1534236373942158
1534236373942171
1534236373942178
1534236373942186
1534236373942194
1534236373942208
1534236373942216
1534236373942224
1534236373942232
1534236373942240
1534236374442175
1534236374442195
1534236374442205
1534236374442214
1534236374442223
1534236374442231
1534236374442240
1534236374442248
1534236374442320
1534236374442330
1534236374442339
1534236374442347
1534236374942380
1534236374942396
1534236374942404
1534236374942418
1534236374942425
1534236374942438
1534236374942455
1534236374942463
1534236374942470
1534236374942478
1534236374942485
1534236374942498
1534236374942506
1534236375442044
1534236375442060
1534236375442068
1534236375442076
1534236375442084
1534236375442091
1534236375442099
1534236375442106
1534236375442633
1534236375442647
1534236375442655
1534236375442669
1534236375942333
1534236375942349
1534236375942357
1534236375942369
1534236375942378
1534236375942390
1534236375942399
1534236375942414
1534236375942597
1534236375942614
1534236375942622
1534236375942631
1534236376442401
1534236376442419
1534236376442427
1534236376442436
1534236376442444
1534236376442452
1534236376442463
1534236376442470
1534236376442653
1534236376442668
1534236376442676
1534236376442684
1534236376942751
1534236376942771
1534236376942780
1534236376942789
1534236376942797
1534236376942804
1534236376942811
1534236376942818
1534236376942826
1534236376942833
1534236376942840
1534236376942847
1534236376942854
1534236377442736
1534236377442753
1534236377442762
1534236377442771
1534236377442780
1534236377442787
1534236377442795
1534236377442802
1534236377442937
1534236377442952
1534236377442960
1534236377442967
1534236377942821
1534236377942838
1534236377942846
1534236377942869
1534236377942877
1534236377942885
1534236377942897
1534236377942906
1534236377942914
1534236377942929
1534236377942943
1534236377942951
1534236378442659
1534236378442671
1534236378442680
1534236378442693
1534236378442701
1534236378442709
1534236378442720
1534236378442733
1534236378442804
1534236378442819
1534236378442830
1534236378442837
1534236378942811
1534236378942824
1534236378942834
1534236378942843
1534236378942852
1534236378942860
1534236378942867
1534236378942874
1534236378943063
1534236378943073
1534236378943082
1534236378943090
1534236379442906
1534236379442925
1534236379442933
1534236379442941
1534236379442949
1534236379442957
1534236379442965
1534236379442972
1534236379442980
1534236379442988
1534236379442995
1534236379443006
1534236379942840
1534236379942858
1534236379942866
1534236379942874
1534236379942882
1534236379942890
1534236379942899
1534236379942906
1534236379943188
1534236379943202
1534236379943210
1534236379943222
1534236380443198
1534236380443217
1534236380443225
1534236380443239
1534236380443246
1534236380443252
1534236380443260
1534236380443267
1534236380443279
1534236380443286
1534236380443294
1534236380443304
1534236380943227
1534236380943240
1534236380943249
1534236380943262
1534236380943271
1534236380943297
1534236380943305
1534236380943313
1534236380943381
1534236380943391
1534236380943399
1534236380943407
1534236381443262
1534236381443280
1534236381443288
1534236381443300
1534236381443308
1534236381443315
1534236381443322
1534236381443331
1534236381443404
1534236381443421
1534236381443429
1534236381443435
1534236381943520
1534236381943677
1534236381943692
1534236381943701
1534236381943715
1534236381943724
1534236381943731
1534236381943738
1534236381943750
1534236381943758
1534236381943764
1534236381943771
1534236381943779
1534236382443368
1534236382443387
1534236382443397
1534236382443413
1534236382443648
1534236382443661
1534236382443669
1534236382443676
1534236382443683
1534236382443690
1534236382443697
1534236382443705
1534236382943663
1534236382943681
1534236382943690
1534236382943699
1534236382943707
1534236382943716
1534236382943724
1534236382943734
1534236382943821
1534236382943832
1534236382943840
1534236382943848
1534236383443624
1534236383443640
1534236383443649
1534236383443658
1534236383443666
1534236383443674
1534236383443682
1534236383443694
1534236383443881
1534236383443900
1534236383443908
1534236383443916
1534236383943746
1534236383943764
1534236383943773
1534236383943787
1534236383943795
1534236383943805
1534236383943813
1534236383943827
1534236383944010
1534236383944018
1534236383944026
1534236383944039
1534236384444085
1534236384444102
1534236384444110
1534236384444125
1534236384444132
1534236384444140
1534236384444148
1534236384444161
1534236384444169
1534236384444250
1534236384444263
1534236384444271
1534236384444280
1534236384944008
1534236384944021
1534236384944030
1534236384944039
1534236384944047
1534236384944056
1534236384944064
1534236384944071
1534236384944142
1534236384944153
1534236384944164
1534236384944177
1534236385444239
1534236385444254
1534236385444264
1534236385444274
1534236385444287
1534236385444295
1534236385444303
1534236385444311
1534236385444318
1534236385444326
1534236385444333
1534236385444340
1534236385444348
1534236385944040
1534236385944062
1534236385944073
1534236385944081
1534236385944089
1534236385944096
1534236385944103
1534236385944110
1534236385944277
1534236385944291
1534236385944307
1534236385944314
1534236386444160
1534236386444176
1534236386444184
1534236386444192
1534236386444201
1534236386444209
1534236386444217
1534236386444225
1534236386444396
1534236386444407
1534236386444414
1534236386444421
1534236386944348
1534236386944368
1534236386944376
1534236386944390
1534236386944398
1534236386944406
1534236386944414
1534236386944427
1534236386944436
1534236386944443
1534236386944451
1534236386944464
1534236387444443
1534236387444461
1534236387444469
1534236387444477
1534236387444485
1534236387444495
1534236387444502
1534236387444510
1534236387444519
1534236387444528
1534236387444536
1534236387444544
1534236387944339
1534236387944355
1534236387944364
1534236387944380
1534236387944389
1534236387944398
1534236387944407
1534236387944422
1534236387944655
1534236387944666
1534236387944675
1534236387944687
1534236388444309
1534236388444324
1534236388444334
1534236388444344
1534236388444352
1534236388444361
1534236388444369
1534236388444378
1534236388444553
1534236388444563
1534236388444571
1534236388444579
1534236388944692
1534236388944710
1534236388944720
1534236388944737
1534236388944750
1534236388944759
1534236388944774
1534236388944783
1534236388944796
1534236388944810
1534236388944818
1534236388944826
1534236388944834
1534236389444709
1534236389444727
1534236389444737
1534236389444750
1534236389444758
1534236389444769
1534236389444777
1534236389444796
1534236389444806
1534236389444828
1534236389444836
1534236389444845
1534236389944745
1534236389944767
1534236389944777
1534236389944791
1534236389944805
1534236389944813
1534236389944830
1534236389944838
1534236389944850
1534236389944858
1534236389944871
1534236389944880
1534236390444761
1534236390444784
1534236390444794
1534236390444809
1534236390444817
1534236390444826
1534236390444834
1534236390444849
1534236390444858
1534236390444866
1534236390444886
1534236390444900
1534236390944776
1534236390944791
1534236390944815
1534236390944823
1534236390944830
1534236390944851
1534236390944860
1534236390944870
1534236390944948
1534236390944959
1534236390944974
1534236390944982
1534236391444714
1534236391444731
1534236391444739
1534236391444755
1534236391444762
1534236391444770
1534236391444781
1534236391444793
1534236391445146
1534236391445158
1534236391445166
1534236391445180
1534236391945680
1534236391946299
1534236391946310
1534236391946318
1534236391946326
1534236391946342
1534236391946350
1534236391946363
1534236391946376
1534236391946524
1534236391946533
1534236391946541
1534236391946631
1534236392445063
1534236392445082
1534236392445091
1534236392445106
1534236392445114
1534236392445121
1534236392445129
1534236392445143
1534236392445151
1534236392445159
1534236392445167
1534236392445180
1534236392944962
1534236392944979
1534236392944988
1534236392944997
1534236392945005
1534236392945013
1534236392945021
1534236392945028
1534236392945417
1534236392945431
1534236392945442
1534236392945450
1534236393445216
1534236393445239
1534236393445247
1534236393445255
1534236393445263
1534236393445270
1534236393445278
1534236393445285
1534236393445475
1534236393445487
1534236393445499
1534236393445511
1534236393945381
1534236393945401
1534236393945420
1534236393945428
1534236393945436
1534236393945443
1534236393945590
1534236393945601
1534236393945609
1534236393945622
1534236393945629
1534236393945637
1534236394445743
1534236394445761
1534236394445770
1534236394445779
1534236394445787
1534236394445796
1534236394445804
1534236394445811
1534236394445819
1534236394445899
1534236394445911
1534236394445919
1534236394445926
1534236394945660
1534236394945683
1534236394945691
1534236394945701
1534236394945709
1534236394945717
1534236394945724
1534236394945731
1534236394945740
1534236394945748
1534236394945755
1534236394945763
1534236395445678
1534236395445695
1534236395445704
1534236395445712
1534236395445720
1534236395445727
1534236395445735
1534236395445742
1534236395445853
1534236395445867
1534236395445877
1534236395445885
1534236395945490
1534236395945509
1534236395945521
1534236395945529
1534236395945537
1534236395945549
1534236395945557
1534236395945565
1534236395945572
1534236395945580
1534236395945591
1534236395945599
1534236396445678
1534236396445697
1534236396445707
1534236396445716
1534236396445724
1534236396445731
1534236396445738
1534236396445745
1534236396445753
1534236396445863
1534236396445873
1534236396445882
1534236396445890
1534236396946058
1534236396946075
1534236396946084
1534236396946094
1534236396946102
1534236396946110
1534236396946119
1534236396946126
1534236396946134
1534236396946142
1534236396946151
1534236396946159
1534236396946172
1534236397446023
1534236397446040
1534236397446048
1534236397446056
1534236397446064
1534236397446073
1534236397446081
1534236397446088
1534236397446096
1534236397446104
1534236397446113
1534236397446124
1534236397946169
1534236397946192
1534236397946201
1534236397946210
1534236397946218
1534236397946226
1534236397946234
1534236397946242
1534236397946254
1534236397946262
1534236397946275
1534236397946283
1534236397946291
1534236398446088
1534236398446104
1534236398446113
1534236398446122
1534236398446130
1534236398446137
1534236398446145
1534236398446154
1534236398446199
1534236398446210
1534236398446218
1534236398446225
1534236398946163
1534236398946177
1534236398946186
1534236398946196
1534236398946204
1534236398946213
1534236398946221
1534236398946230
1534236398946238
1534236398946246
1534236398946254
1534236398946266
1534236399446283
1534236399446298
1534236399446306
1534236399446320
1534236399446328
1534236399446385
1534236399446399
1534236399446407
1534236399446414
1534236399446422
1534236399446429
1534236399446441
1534236399446448
1534236399946335
1534236399946349
1534236399946357
1534236399946371
1534236399946379
1534236399946387
1534236399946395
1534236399946408
1534236399946657
1534236399946668
1534236399946676
1534236399946684
1534236400446422
1534236400446438
1534236400446447
1534236400446462
1534236400446470
1534236400446477
1534236400446485
1534236400446498
1534236400446630
1534236400446655
1534236400446664
1534236400446672
1534236400946461
1534236400946479
1534236400946487
1534236400946495
1534236400946508
1534236400946516
1534236400946522
1534236400946529
1534236400946541
1534236400946548
1534236400946556
1534236400946563
1534236401446518
1534236401446533
1534236401446541
1534236401446549
1534236401446564
1534236401446573
1534236401446580
1534236401446587
1534236401446660
1534236401446671
1534236401446679
1534236401446687
1534236401946723
1534236401946745
1534236401946753
1534236401946762
1534236401946770
1534236401946778
1534236401946785
1534236401946793
1534236401946805
1534236401946813
1534236401946821
1534236401946832
1534236401946839
1534236402446890
1534236402446907
1534236402446921
1534236402446929
1534236402446938
1534236402446946
1534236402446959
1534236402446967
1534236402446975
1534236402446983
1534236402446997
1534236402447008
1534236402447016
1534236402946912
1534236402946928
1534236402946938
1534236402946947
1534236402946955
1534236402946963
1534236402946971
1534236402946979
1534236402946987
1534236402946998
1534236402947007
1534236402947017
1534236403446729
1534236403446745
1534236403446754
1534236403446770
1534236403446778
1534236403446787
1534236403446795
1534236403446809
1534236403447279
1534236403447294
1534236403447304
1534236403447313
1534236403947148
1534236403947163
1534236403947172
1534236403947188
1534236403947198
1534236403947206
1534236403947214
1534236403947223
1534236403947307
1534236403947317
1534236403947326
1534236403947333
1534236404447206
1534236404447224
1534236404447232
1534236404447248
1534236404447257
1534236404447265
1534236404447272
1534236404447287
1534236404447295
1534236404447303
1534236404447311
1534236404447324
1534236404947050
1534236404947068
1534236404947077
1534236404947091
1534236404947100
1534236404947108
1534236404947117
1534236404947131
1534236404947254
1534236404947270
1534236404947280
1534236404947289
1534236405447269
1534236405447287
1534236405447296
1534236405447306
1534236405447315
1534236405447323
1534236405447331
1534236405447339
1534236405447457
1534236405447469
1534236405447477
1534236405447485
1534236405947205
1534236405947221
1534236405947230
1534236405947238
1534236405947301
1534236405947311
1534236405947320
1534236405947328
1534236405947336
1534236405947344
1534236405947352
1534236405947370
1534236406447438
1534236406447453
1534236406447461
1534236406447475
1534236406447483
1534236406447496
1534236406447511
1534236406447523
1534236406447532
1534236406447540
1534236406447552
1534236406447560
1534236406447568
1534236406947458
1534236406947480
1534236406947496
1534236406947505
1534236406947513
1534236406947522
1534236406947540
1534236406947548
1534236406947556
1534236406947575
1534236406947583
1534236406947595
1534236407447686
1534236407447859
1534236407447870
1534236407447888
1534236407447897
1534236407447905
1534236407447913
1534236407447922
1534236407447939
1534236407447984
1534236407447995
1534236407448003
1534236407448018
1534236407947630
1534236407947649
1534236407947658
1534236407947672
1534236407947681
1534236407947690
1534236407947698
1534236407947712
1534236407947841
1534236407947853
1534236407947861
1534236407947875
1534236408447948
1534236408447968
1534236408447977
1534236408447991
1534236408447999
1534236408448007
1534236408448016
1534236408448030
1534236408448039
1534236408448128
1534236408448145
1534236408448164
1534236408448175
1534236408947533
1534236408947551
1534236408947560
1534236408947575
1534236408947583
1534236408947591
1534236408947599
1534236408947617
1534236408948108
1534236408948119
1534236408948127
1534236408948139
1534236409448014
1534236409448028
1534236409448037
1534236409448051
1534236409448060
1534236409448069
1534236409448077
1534236409448092
1534236409448101
1534236409448109
1534236409448118
1534236409448131
1534236409947893
1534236409947918
1534236409947927
1534236409947937
1534236409947945
1534236409947954
1534236409947962
1534236409947970
1534236409948188
1534236409948203
1534236409948211
1534236409948219
1534236410448090
1534236410448111
1534236410448120
1534236410448134
1534236410448142
1534236410448172
1534236410448181
1534236410448192
1534236410448200
1534236410448208
1534236410448218
1534236410448226
1534236410948324
1534236410948345
1534236410948355
1534236410948363
1534236410948371
1534236410948379
1534236410948386
1534236410948394
1534236410948402
1534236410948643
1534236410948653
1534236410948662
1534236410948670
1534236411448073
1534236411448089
1534236411448098
1534236411448106
1534236411448114
1534236411448122
1534236411448130
1534236411448137
1534236411448286
1534236411448299
1534236411448310
1534236411448318
1534236411948153
1534236411948169
1534236411948177
1534236411948187
1534236411948196
1534236411948203
1534236411948212
1534236411948220
1534236411948359
1534236411948369
1534236411948376
1534236411948383
1534236412448301
1534236412448318
1534236412448327
1534236412448337
1534236412448345
1534236412448352
1534236412448360
1534236412448367
1534236412448570
1534236412448582
1534236412448590
1534236412448598
1534236412948420
1534236412948435
1534236412948443
1534236412948452
1534236412948459
1534236412948466
1534236412948475
1534236412948482
1534236412948491
1534236412948500
1534236412948508
1534236412948526
1534236413448492
1534236413448511
1534236413448521
1534236413448529
1534236413448536
1534236413448543
1534236413448550
1534236413448557
1534236413448563
1534236413448571
1534236413448579
1534236413448586
1534236413948504
1534236413948524
1534236413948532
1534236413948539
1534236413948546
1534236413948554
1534236413948560
1534236413948566
1534236413948662
1534236413948674
1534236413948681
1534236413948688
1534236414448502
1534236414448519
1534236414448527
1534236414448537
1534236414448544
1534236414448552
1534236414448564
1534236414448573
1534236414448789
1534236414448803
1534236414448811
1534236414448818
1534236414948930
1534236414948947
1534236414948957
1534236414948965
1534236414948973
1534236414948980
1534236414948988
1534236414948996
1534236414949004
1534236414949159
1534236414949170
1534236414949178
1534236414949185
1534236415449364
1534236415449788
1534236415449800
1534236415449808
1534236415449820
1534236415449828
1534236415449836
1534236415449844
1534236415449858
1534236415450295
1534236415450313
1534236415450327
1534236415450335
1534236415949048
1534236415949069
1534236415949077
1534236415949084
1534236415949096
1534236415949103
1534236415949111
1534236415949118
1534236415949210
1534236415949224
1534236415949231
1534236415949244
1534236416449015
1534236416449033
1534236416449043
1534236416449053
1534236416449061
1534236416449069
1534236416449078
1534236416449085
1534236416449246
1534236416449256
1534236416449263
1534236416449270
1534236416949368
1534236416949811
1534236416949823
1534236416949831
1534236416949840
1534236416949848
1534236416949855
1534236416949863
1534236416949871
1534236416950466
1534236416950477
1534236416950485
1534236416950494
1534236417449443
1534236417449459
1534236417449468
1534236417449483
1534236417449495
1534236417449502
1534236417449509
1534236417449527
1534236417449575
1534236417449589
1534236417449597
1534236417449605
1534236417949505
1534236417949522
1534236417949531
1534236417949540
1534236417949548
1534236417949556
1534236417949564
1534236417949571
1534236417949578
1534236417949586
1534236417949593
1534236417949601
1534236418449605
1534236418449622
1534236418449631
1534236418449644
1534236418449653
1534236418449661
1534236418449669
1534236418449685
1534236418449693
1534236418449701
1534236418449709
1534236418449721
1534236418949680
1534236418949699
1534236418949707
1534236418949718
1534236418949726
1534236418949734
1534236418949744
1534236418949752
1534236418949760
1534236418949769
1534236418949778
1534236418949787
1534236419449622
1534236419449639
1534236419449648
1534236419449658
1534236419449666
1534236419449674
1534236419449681
1534236419449689
1534236419449755
1534236419449768
1534236419449777
1534236419449786
1534236419950448
1534236419950466
1534236419950475
1534236419950490
1534236419950498
1534236419950506
1534236419950514
1534236419950527
1534236419950536
1534236419950545
1534236419950555
1534236419950569
1534236419950578
1534236420449907
1534236420449933
1534236420449942
1534236420449952
1534236420449960
1534236420449968
1534236420449976
1534236420449984
1534236420449992
1534236420450000
1534236420450008
1534236420450021
1534236420949905
1534236420949925
1534236420949934
1534236420949947
1534236420949955
1534236420949964
1534236420949972
1534236420949987
1534236420949995
1534236420950003
1534236420950010
1534236420950029
1534236421450040
1534236421450054
1534236421450062
1534236421450070
1534236421450078
1534236421450085
1534236421450093
1534236421450100
1534236421450107
1534236421450225
1534236421450235
1534236421450242
1534236421450250
1534236421950105
1534236421950124
1534236421950132
1534236421950141
1534236421950149
1534236421950156
1534236421950164
1534236421950172
1534236421950180
1534236421950187
1534236421950194
1534236421950202
1534236422450326
1534236422450404
1534236422450416
1534236422450425
1534236422450435
1534236422450443
1534236422450450
1534236422450458
1534236422450465
1534236422450587
1534236422450603
1534236422450611
1534236422450620
1534236422950790
1534236422951306
1534236422951322
1534236422951332
1534236422951346
1534236422951355
1534236422951363
1534236422951371
1534236422951385
1534236422951670
1534236422951684
1534236422951692
1534236422951702
1534236423450557
1534236423450575
1534236423450584
1534236423450597
1534236423450605
1534236423450613
1534236423450621
1534236423450634
1534236423450641
1534236423450650
1534236423450662
1534236423450677
1534236423950511
1534236423950527
1534236423950535
1534236423950547
1534236423950554
1534236423950561
1534236423950569
1534236423950577
1534236423950643
1534236423950654
1534236423950666
1534236423950674
1534236424450717
1534236424450736
1534236424450745
1534236424450755
1534236424450763
1534236424450771
1534236424450779
1534236424450787
1534236424450795
1534236424450803
1534236424450811
1534236424450819
1534236424450830
1534236424950724
1534236424950742
1534236424950751
1534236424950761
1534236424950769
1534236424950776
1534236424950784
1534236424950791
1534236424950841
1534236424950852
1534236424950860
1534236424950868
1534236425450941
1534236425450957
1534236425450966
1534236425450976
1534236425450984
1534236425450993
1534236425451002
1534236425451012
1534236425451021
1534236425451073
1534236425451081
1534236425451090
1534236425451098
1534236425951021
1534236425951044
1534236425951053
1534236425951061
1534236425951070
1534236425951079
1534236425951091
1534236425951099
1534236425951202
1534236425951216
1534236425951224
1534236425951232
1534236426451164
1534236426451180
1534236426451206
1534236426451215
1534236426451228
1534236426451241
1534236426451249
1534236426451256
1534236426451264
1534236426451284
1534236426451294
1534236426451303
1534236426951170
1534236426951198
1534236426951209
1534236426951224
1534236426951232
1534236426951240
1534236426951248
1534236426951263
1534236426951272
1534236426951287
1534236426951302
1534236426951311
1534236427451011
1534236427451029
1534236427451037
1534236427451050
1534236427451058
1534236427451071
1534236427451079
1534236427451098
1534236427451358
1534236427451371
1534236427451385
1534236427451393
1534236427951088
1534236427951108
1534236427951127
1534236427951136
1534236427951144
1534236427951155
1534236427951170
1534236427951178
1534236427951191
1534236427951207
1534236427951216
1534236427951224
1534236428451409
1534236428451431
1534236428451446
1534236428451454
1534236428451462
1534236428451473
1534236428451488
1534236428451496
1534236428451504
1534236428451578
1534236428451593
1534236428451603
1534236428451612
1534236428951200
1534236428951220
1534236428951229
1534236428951237
1534236428951245
1534236428951252
1534236428951260
1534236428951268
1534236428951383
1534236428951396
1534236428951403
1534236428951411
1534236429451378
1534236429451392
1534236429451405
1534236429451413
1534236429451421
1534236429451429
1534236429451436
1534236429451444
1534236429451498
1534236429451510
1534236429451517
1534236429451529
1534236429951341
1534236429951357
1534236429951365
1534236429951379
1534236429951387
1534236429951395
1534236429951403
1534236429951416
1534236429951556
1534236429951566
1534236429951574
1534236429951586
1534236430451457
1534236430451472
1534236430451480
1534236430451488
1534236430451500
1534236430451507
1534236430451515
1534236430451522
1534236430451593
1534236430451603
1534236430451616
1534236430451623
1534236430951504
1534236430951527
1534236430951535
1534236430951542
1534236430951554
1534236430951565
1534236430951575
1534236430951583
1534236430951604
1534236430951613
1534236430951620
1534236430951632
1534236431451612
1534236431451636
1534236431451645
1534236431451658
1534236431451665
1534236431451674
1534236431451693
1534236431451701
1534236431451709
1534236431451720
1534236431451734
1534236431451741
