1534236332436497
1534236332936299
1534236333436346
1534236333936895
1534236334436485
1534236334936753
1534236335436551
1534236335937103
1534236336436891
1534236336937212
1534236337437015
1534236337937047
1534236338437109
1534236338937152
1534236339437723
1534236339937255
1534236340437598
1534236340937606
1534236341437762
1534236341937700
1534236342437753
1534236342938061
1534236343437870
1534236343937935
1534236344437957
1534236344938278
1534236345438116
1534236345938363
1534236346438664
1534236346938458
1534236347438506
1534236347939058
1534236348438453
1534236348938920
1534236349438703
1534236349939270
1534236350439322
1534236350938913
1534236351439162
1534236351939524
1534236352439129
1534236352939630
1534236353439457
1534236353939539
1534236354439606
1534236354939698
1534236355439761
1534236355939837
1534236356439909
1534236356939754
1534236357439837
1534236357940653
1534236358440219
1534236358940277
1534236359440664
1534236359940531
1534236360440776
1534236360940630
1534236361441156
1534236361940781
1534236362441076
1534236362941011
1534236363441162
1534236363941073
1534236364441804
1534236364941390
1534236365441445
1534236365580921
1534236365942025
1534236366441593
1534236366941422
1534236367441942
1534236367942246
1534236368441859
1534236368942155
1534236369442182
1534236369942235
1534236370442117
1534236370942359
1534236371442432
1534236371942532
1534236372442813
1534236372942861
1534236373442699
1534236373942802
1534236374442793
1534236374943341
1534236375442751
1534236375942988
1534236376443166
1534236376943648
1534236377443380
1534236377943476
1534236378443372
1534236378943534
1534236379443587
1534236379943590
1534236380443949
1534236380943822
1534236381443903
1534236381944380
1534236382443960
1534236382944272
1534236383444295
1534236383944378
1534236384444927
1534236384944707
1534236385445069
1534236385944803
1534236386444911
1534236386944976
1534236387445017
1534236387945067
1534236388445079
1534236388945655
1534236389445450
1534236389945489
1534236390445360
1534236390945386
1534236391445454
1534236391947021
1534236392445763
1534236392945641
1534236393445899
1534236393945956
1534236394446725
1534236394946311
1534236395446355
1534236395946164
1534236396446689
1534236396946999
1534236397446793
1534236397947104
1534236398446688
1534236398946787
1534236399447260
1534236399947066
1534236400447141
1534236400947162
1534236401447213
1534236401947562
1534236402447823
1534236402947614
1534236403447481
1534236403947762
1534236404447802
1534236404947814
1534236405447888
1534236405947928
1534236406448258
1534236406948081
1534236407448590
1534236407948382
1534236408449050
1534236408948389
1534236409448585
1534236409948624
1534236410448682
1534236410949258
1534236411448789
1534236411948826
1534236412448892
1534236412949142
1534236413449190
1534236413949245
1534236414449123
1534236414949904
1534236415450513
1534236415949737
1534236416449755
1534236416950695
1534236417450131
1534236417950188
1534236418450302
1534236418950312
1534236419450370
1534236419951460
1534236420450556
1534236420950541
1534236421450902
1534236421950686
1534236422451401
1534236422952112
1534236423451324
1534236423951144
1534236424451684
1534236424951493
1534236425451830
1534236425951672
1534236426451926
1534236426952000
1534236427451780
1534236427951832
1534236428452464
1534236428951942
1534236429452004
1534236429952060
1534236430452144
1534236430952190
1534236431452249
