1532009689390098
1532009689390116
1532009689390123
1532009689390129
1532009689390135
1532009689390140
1532009689390146
1532009689390154
1532009689890039
1532009689890052
1532009689890058
1532009689890065
1532009689890071
1532009689890077
1532009689890082
1532009689890088
1532009690390179
1532009690390211
1532009690390224
1532009690390230
1532009690390236
1532009690390242
1532009690390247
1532009690390252
1532009690390258
1532009690890217
1532009690890231
1532009690890238
1532009690890246
1532009690890252
1532009690890259
1532009690890265
1532009690890272
1532009691390241
1532009691390256
1532009691390263
1532009691390270
1532009691390276
1532009691390282
1532009691390289
1532009691390295
1532009691890242
1532009691890254
1532009691890261
1532009691890266
1532009691890272
1532009691890278
1532009691890283
1532009691890289
1532009692390332
1532009692390345
1532009692390351
1532009692390357
1532009692390362
1532009692390367
1532009692390373
1532009692390379
1532009692390384
1532009692890414
1532009692890428
1532009692890435
1532009692890442
1532009692890448
1532009692890453
1532009692890458
1532009692890465
1532009692890470
1532009693390446
1532009693390458
1532009693390464
1532009693390469
1532009693390475
1532009693390480
1532009693390489
1532009693390495
1532009693890624
1532009693890637
1532009693890646
1532009693890653
1532009693890670
1532009693890676
1532009693890682
1532009693890693
1532009693890710
1532009694390630
1532009694390647
1532009694390654
1532009694390661
1532009694390667
1532009694390672
1532009694390678
1532009694390683
1532009694890760
1532009694890773
1532009694890780
1532009694890790
1532009694890796
1532009694890803
1532009694890809
1532009694890815
1532009694890821
1532009695390866
1532009695390890
1532009695390897
1532009695390904
1532009695390915
1532009695390921
1532009695390927
1532009695390933
1532009695390938
1532009695890976
1532009695890990
1532009695890996
1532009695891002
1532009695891008
1532009695891014
1532009695891021
1532009695891026
1532009695891032
1532009696391157
1532009696391171
1532009696391178
1532009696391186
1532009696391192
1532009696391199
1532009696391206
1532009696391217
1532009696391223
1532009696891071
1532009696891084
1532009696891090
1532009696891097
1532009696891104
1532009696891111
1532009696891117
1532009696891123
1532009697391123
1532009697391138
1532009697391146
1532009697391157
1532009697391164
1532009697391171
1532009697391177
1532009697391183
1532009697891248
1532009697891261
1532009697891268
1532009697891274
1532009697891280
1532009697891287
1532009697891293
1532009697891299
1532009697891305
1532009698391309
1532009698391321
1532009698391328
1532009698391338
1532009698391345
1532009698391351
1532009698391358
1532009698391364
1532009698891397
1532009698891414
1532009698891422
1532009698891429
1532009698891435
1532009698891440
1532009698891446
1532009698891451
1532009698891457
1532009699391526
1532009699391542
1532009699391549
1532009699391556
1532009699391562
1532009699391571
1532009699391576
1532009699391582
1532009699391588
1532009699891602
1532009699891615
1532009699891622
1532009699891628
1532009699891634
1532009699891644
1532009699891650
1532009699891659
1532009699891665
1532009700391684
1532009700391696
1532009700391703
1532009700391710
1532009700391716
1532009700391726
1532009700391732
1532009700391738
1532009700391743
1532009700891830
1532009700891847
1532009700891860
1532009700891868
1532009700891874
1532009700891881
1532009700891887
1532009700891893
1532009700891906
1532009701391874
1532009701391895
1532009701391902
1532009701391908
1532009701391914
1532009701391926
1532009701391934
1532009701391939
1532009701891967
1532009701891980
1532009701891986
1532009701892000
1532009701892006
1532009701892016
1532009701892023
1532009701892039
1532009701892048
1532009702391978
1532009702391991
1532009702391998
1532009702392006
1532009702392012
1532009702392018
1532009702392023
1532009702392029
1532009702892043
1532009702892056
1532009702892063
1532009702892068
1532009702892077
1532009702892083
1532009702892089
1532009702892095
1532009702892134
1532009703392147
1532009703392170
1532009703392179
1532009703392186
1532009703392192
1532009703392199
1532009703392204
1532009703392210
1532009703392216
1532009703892242
1532009703892260
1532009703892267
1532009703892277
1532009703892282
1532009703892291
1532009703892298
1532009703892305
1532009703892314
1532009704392301
1532009704392319
1532009704392326
1532009704392339
1532009704392345
1532009704392351
1532009704392357
1532009704392363
1532009704892444
1532009704892459
1532009704892467
1532009704892479
1532009704892485
1532009704892493
1532009704892500
1532009704892516
1532009704892525
1532009705392504
1532009705392527
1532009705392536
1532009705392543
1532009705392549
1532009705392562
1532009705392569
1532009705392577
1532009705892626
1532009705892642
1532009705892650
1532009705892657
1532009705892664
1532009705892675
1532009705892683
1532009705892690
1532009705892696
1532009706392553
1532009706392569
1532009706392576
1532009706392582
1532009706392589
1532009706392595
1532009706392602
1532009706392608
1532009706892726
1532009706892871
1532009706892885
1532009706892893
1532009706892901
1532009706892908
1532009706892916
1532009706892923
1532009706892930
1532009707393093
1532009707393107
1532009707393116
1532009707393124
1532009707393131
1532009707393139
1532009707393146
1532009707393154
1532009707393161
1532009707893106
1532009707893118
1532009707893126
1532009707893134
1532009707893142
1532009707893149
1532009707893157
1532009707893163
1532009708393147
1532009708393168
1532009708393177
1532009708393185
1532009708393193
1532009708393200
1532009708393208
1532009708393217
1532009708893297
1532009708893612
1532009708893626
1532009708893634
1532009708893643
1532009708893651
1532009708893658
1532009708893666
1532009708893674
1532009709393220
1532009709393233
1532009709393241
1532009709393248
1532009709393258
1532009709393266
1532009709393273
1532009709393281
1532009709893351
1532009709893405
1532009709893415
1532009709893428
1532009709893436
1532009709893443
1532009709893455
1532009709893463
1532009709893470
1532009710393418
1532009710393437
1532009710393446
1532009710393453
1532009710393465
1532009710393477
1532009710393485
1532009710393494
1532009710893571
1532009710893587
1532009710893602
1532009710893610
1532009710893617
1532009710893625
1532009710893633
1532009710893647
1532009710893660
1532009711393798
1532009711393817
1532009711393825
1532009711393834
1532009711393841
1532009711393849
1532009711393856
1532009711393868
1532009711393877
1532009711893658
1532009711893672
1532009711893680
1532009711893688
1532009711893701
1532009711893709
1532009711893721
1532009711893732
1532009712393788
1532009712393810
1532009712393820
1532009712393832
1532009712393843
1532009712393851
1532009712393865
1532009712393875
1532009712393883
1532009712893988
1532009712894001
1532009712894009
1532009712894016
1532009712894024
1532009712894032
1532009712894039
1532009712894047
1532009712894055
1532009713393996
1532009713394010
1532009713394018
1532009713394026
1532009713394033
1532009713394040
1532009713394048
1532009713394055
1532009713893935
1532009713893951
1532009713893959
1532009713893966
1532009713893973
1532009713893981
1532009713893989
1532009713893997
1532009714394052
1532009714394118
1532009714394129
1532009714394144
1532009714394151
1532009714394159
1532009714394167
1532009714394174
1532009714394189
1532009714894147
1532009714894165
1532009714894173
1532009714894180
1532009714894187
1532009714894194
1532009714894203
1532009714894210
1532009715394157
1532009715394172
1532009715394179
1532009715394191
1532009715394198
1532009715394208
1532009715394216
1532009715394228
1532009715894289
1532009715894308
1532009715894316
1532009715894329
1532009715894337
1532009715894344
1532009715894355
1532009715894362
1532009715894371
1532009716394291
1532009716394305
1532009716394313
1532009716394320
1532009716394330
1532009716394342
1532009716394349
1532009716394355
1532009716894415
1532009716894432
1532009716894440
1532009716894447
1532009716894457
1532009716894469
1532009716894476
1532009716894483
1532009716894490
1532009717394568
1532009717394584
1532009717394592
1532009717394607
1532009717394614
1532009717394621
1532009717394627
1532009717394633
1532009717394639
1532009717894645
1532009717894662
1532009717894680
1532009717894687
1532009717894693
1532009717894701
1532009717894712
1532009717894718
1532009718394845
1532009718394859
1532009718394866
1532009718394873
1532009718394884
1532009718394890
1532009718394896
1532009718394903
1532009718394910
1532009718894965
1532009718894983
1532009718894994
1532009718895001
1532009718895008
1532009718895015
1532009718895023
1532009718895031
1532009718895038
1532009719394918
1532009719394932
1532009719394939
1532009719394946
1532009719394952
1532009719394959
1532009719394965
1532009719394972
1532009719895049
1532009719895064
1532009719895071
1532009719895078
1532009719895085
1532009719895091
1532009719895103
1532009719895110
1532009719895120
1532009720395076
1532009720395090
1532009720395097
1532009720395105
1532009720395111
1532009720395119
1532009720395126
1532009720395137
1532009720895220
1532009720895238
1532009720895249
1532009720895257
1532009720895264
1532009720895274
1532009720895281
1532009720895289
1532009720895295
1532009721395354
1532009721395367
1532009721395375
1532009721395388
1532009721395395
1532009721395403
1532009721395409
1532009721395425
1532009721395433
1532009721895472
1532009721895489
1532009721895497
1532009721895504
1532009721895510
1532009721895517
1532009721895524
1532009721895536
1532009721895544
1532009722395552
1532009722395570
1532009722395579
1532009722395586
1532009722395593
1532009722395603
1532009722395611
1532009722395618
1532009722895598
1532009722895615
1532009722895624
1532009722895631
1532009722895640
1532009722895647
1532009722895655
1532009722895663
1532009723395864
1532009723395877
1532009723395886
1532009723395894
1532009723395905
1532009723395913
1532009723395921
1532009723395928
1532009723395937
1532009723896027
1532009723896041
1532009723896049
1532009723896064
1532009723896072
1532009723896080
1532009723896087
1532009723896103
1532009723896111
1532009724396225
1532009724396246
1532009724396256
1532009724396265
1532009724396276
1532009724396290
1532009724396302
1532009724396311
1532009724396319
1532009724896160
1532009724896177
1532009724896185
1532009724896202
1532009724896216
1532009724896224
1532009724896233
1532009724896241
1532009725396064
1532009725396081
1532009725396090
1532009725396098
1532009725396108
1532009725396117
1532009725396124
1532009725396136
1532009725896288
1532009725896309
1532009725896324
1532009725896332
1532009725896340
1532009725896348
1532009725896357
1532009725896365
1532009725896373
1532009726396294
1532009726396313
1532009726396327
1532009726396336
1532009726396344
1532009726396353
1532009726396360
1532009726396368
1532009726896435
1532009726896770
1532009726896783
1532009726896801
1532009726896809
1532009726896817
1532009726896825
1532009726896833
1532009726896841
1532009727396316
1532009727396333
1532009727396341
1532009727396349
1532009727396357
1532009727396365
1532009727396372
1532009727396379
1532009727896471
1532009727896488
1532009727896503
1532009727896511
1532009727896518
1532009727896526
1532009727896533
1532009727896551
1532009727896559
1532009728396605
1532009728396622
1532009728396630
1532009728396638
1532009728396645
1532009728396652
1532009728396661
1532009728396667
1532009728396675
1532009728896632
1532009728896650
1532009728896666
1532009728896674
1532009728896682
1532009728896689
1532009728896696
1532009728896711
1532009729396796
1532009729396813
1532009729396823
1532009729396830
1532009729396838
1532009729396845
1532009729396856
1532009729396863
1532009729396871
1532009729896998
1532009729897011
1532009729897019
1532009729897030
1532009729897038
1532009729897051
1532009729897058
1532009729897065
1532009729897072
1532009730396799
1532009730396813
1532009730396820
1532009730396827
1532009730396834
1532009730396841
1532009730396852
1532009730396859
1532009730896830
1532009730896843
1532009730896850
1532009730896857
1532009730896864
1532009730896871
1532009730896878
1532009730896885
1532009731396934
1532009731396946
1532009731396954
1532009731396960
1532009731396980
1532009731396988
1532009731396996
1532009731397004
1532009731397014
1532009731897152
1532009731897512
1532009731897522
1532009731897529
1532009731897537
1532009731897547
1532009731897555
1532009731897562
1532009731897570
1532009732397256
1532009732397270
1532009732397277
1532009732397289
1532009732397299
1532009732397305
1532009732397312
1532009732397325
1532009732897304
1532009732897322
1532009732897331
1532009732897340
1532009732897348
1532009732897355
1532009732897362
1532009732897373
1532009733397499
1532009733397514
1532009733397521
1532009733397528
1532009733397535
1532009733397542
1532009733397553
1532009733397560
1532009733397566
1532009733897409
1532009733897421
1532009733897429
1532009733897436
1532009733897443
1532009733897451
1532009733897457
1532009733897464
1532009734397564
1532009734397608
1532009734397618
1532009734397629
1532009734397636
1532009734397643
1532009734397650
1532009734397657
1532009734397671
1532009734897632
1532009734897646
1532009734897653
1532009734897661
1532009734897668
1532009734897675
1532009734897683
1532009734897690
1532009735397783
1532009735397910
1532009735397922
1532009735397930
1532009735397938
1532009735397945
1532009735397953
1532009735397962
1532009735397969
1532009735897818
1532009735897836
1532009735897844
1532009735897852
1532009735897860
1532009735897868
1532009735897876
1532009735897884
1532009736397930
1532009736397946
1532009736397954
1532009736397962
1532009736397970
1532009736397979
1532009736397987
1532009736397994
1532009736398002
1532009736897989
1532009736898013
1532009736898022
1532009736898029
1532009736898036
1532009736898044
1532009736898052
1532009736898060
1532009737398210
1532009737398233
1532009737398242
1532009737398251
1532009737398267
1532009737398275
1532009737398283
1532009737398291
1532009737398305
1532009737898110
1532009737898127
1532009737898135
1532009737898143
1532009737898151
1532009737898159
1532009737898166
1532009737898179
1532009738398270
1532009738398593
1532009738398606
1532009738398614
1532009738398622
1532009738398634
1532009738398643
1532009738398651
1532009738398658
1532009738898874
1532009738900276
1532009738900291
1532009738900299
1532009738900307
1532009738900315
1532009738900323
1532009738900331
1532009738900338
1532009739398692
1532009739398709
1532009739398717
1532009739398735
1532009739398742
1532009739398749
1532009739398756
1532009739398763
1532009739898448
1532009739898462
1532009739898472
1532009739898480
1532009739898488
1532009739898495
1532009739898503
1532009739898510
1532009740398635
1532009740398854
1532009740398868
1532009740398876
1532009740398884
1532009740398901
1532009740398913
1532009740398921
1532009740398935
1532009740898578
1532009740898597
1532009740898606
1532009740898614
1532009740898621
1532009740898629
1532009740898637
1532009740898645
1532009741398921
1532009741398935
1532009741398942
1532009741398950
1532009741398958
1532009741398965
1532009741398973
1532009741398979
1532009741398987
1532009741899343
1532009741899902
1532009741899921
1532009741899929
1532009741899949
1532009741899956
1532009741899963
1532009741899980
1532009741899990
1532009742399274
1532009742399291
1532009742399299
1532009742399320
1532009742399333
1532009742399350
1532009742399359
1532009742399368
1532009742899453
1532009742899857
1532009742899877
1532009742899885
1532009742899893
1532009742899911
1532009742899920
1532009742899930
1532009742899938
1532009743399301
1532009743399321
1532009743399332
1532009743399340
1532009743399355
1532009743399363
1532009743399371
1532009743399379
1532009743899793
1532009743899807
1532009743899823
1532009743899833
1532009743899846
1532009743899854
1532009743899869
1532009743899882
1532009743899891
1532009744399404
1532009744399421
1532009744399430
1532009744399438
1532009744399446
1532009744399454
1532009744399466
1532009744399474
1532009744899971
1532009744899988
1532009744899997
1532009744900005
1532009744900012
1532009744900020
1532009744900028
1532009744900037
1532009744900047
1532009745399779
1532009745399800
1532009745399810
1532009745399819
1532009745399826
1532009745399838
1532009745399855
1532009745399862
1532009745899963
1532009745900186
1532009745900198
1532009745900205
1532009745900213
1532009745900219
1532009745900226
1532009745900232
1532009745900239
1532009746400087
1532009746400101
1532009746400109
1532009746400116
1532009746400123
1532009746400131
1532009746400138
1532009746400145
1532009746900312
1532009746900998
1532009746901016
1532009746901027
1532009746901036
1532009746901045
1532009746901056
1532009746901065
1532009746901072
1532009747401238
1532009747401255
1532009747401266
1532009747401275
1532009747401283
1532009747401290
1532009747401299
1532009747401308
1532009747401316
1532009747900874
1532009747900890
1532009747900900
1532009747900908
1532009747900917
1532009747900926
1532009747900935
1532009747900944
1532009748401336
1532009748401354
1532009748401363
1532009748401371
1532009748401380
1532009748401388
1532009748401401
1532009748401410
1532009748401418
1532009748901393
1532009748901412
1532009748901421
1532009748901430
1532009748901438
1532009748901445
1532009748901453
1532009748901467
1532009749400959
1532009749400979
1532009749400991
1532009749400999
1532009749401006
1532009749401018
1532009749401026
1532009749401034
1532009749901172
1532009749901189
1532009749901198
1532009749901206
1532009749901215
1532009749901222
1532009749901231
1532009749901240
1532009749901248
1532009750401397
1532009750402413
1532009750402425
1532009750402439
1532009750402447
1532009750402456
1532009750402469
1532009750402477
1532009750402487
1532009750901135
1532009750901150
1532009750901157
1532009750901164
1532009750901172
1532009750901179
1532009750901186
1532009750901196
1532009751401282
1532009751401438
1532009751401449
1532009751401457
1532009751401469
1532009751401477
1532009751401484
1532009751401492
1532009751401499
1532009751901398
1532009751901414
1532009751901422
1532009751901430
1532009751901437
1532009751901444
1532009751901451
1532009751901458
1532009752401334
1532009752401354
1532009752401369
1532009752401378
1532009752401386
1532009752401394
1532009752401409
1532009752401418
1532009752901543
1532009752901673
1532009752901686
1532009752901695
1532009752901705
1532009752901714
1532009752901723
1532009752901731
1532009752901739
1532009753401675
1532009753401695
1532009753401703
1532009753401711
1532009753401721
1532009753401728
1532009753401736
1532009753401743
1532009753901831
1532009753920378
1532009753920396
1532009753920404
1532009753920412
1532009753920420
1532009753920429
1532009753920440
1532009753920448
1532009754401759
1532009754401776
1532009754401785
1532009754401793
1532009754401801
1532009754401810
1532009754401818
1532009754401825
1532009754901907
1532009754902048
1532009754902060
1532009754902067
1532009754902080
1532009754902092
1532009754902099
1532009754902106
1532009754902121
1532009755401885
1532009755401906
1532009755401915
1532009755401922
1532009755401929
1532009755401943
1532009755401950
1532009755401958
1532009755902073
1532009755902091
1532009755902104
1532009755902113
1532009755902124
1532009755902131
1532009755902145
1532009755902152
1532009755902159
1532009756402189
1532009756402210
1532009756402219
1532009756402226
1532009756402233
1532009756402241
1532009756402253
1532009756402263
1532009756402270
1532009756902178
1532009756902194
1532009756902202
1532009756902209
1532009756902216
1532009756902223
1532009756902231
1532009756902238
1532009757402591
1532009757402604
1532009757402612
1532009757402620
1532009757402627
1532009757402634
1532009757402641
1532009757402647
1532009757402654
1532009757902272
1532009757902293
1532009757902301
1532009757902310
1532009757902323
1532009757902334
1532009757902341
1532009757902348
1532009758402479
1532009758402493
1532009758402500
1532009758402510
1532009758402518
1532009758402525
1532009758402532
1532009758402543
1532009758402550
1532009758902625
1532009758902640
1532009758902647
1532009758902660
1532009758902667
1532009758902673
1532009758902680
1532009758902686
1532009758902699
1532009759402558
1532009759402576
1532009759402584
1532009759402591
1532009759402598
1532009759402605
1532009759402613
1532009759402624
1532009759902519
1532009759902534
1532009759902542
1532009759902548
1532009759902554
1532009759902561
1532009759902568
1532009759902576
1532009760402751
1532009760402862
1532009760402873
1532009760402880
1532009760402893
1532009760402900
1532009760402907
1532009760402914
1532009760402928
1532009760902871
1532009760902887
1532009760902895
1532009760902903
1532009760902910
1532009760902916
1532009760902923
1532009760902930
1532009761403006
1532009761403025
1532009761403035
1532009761403043
1532009761403050
1532009761403057
1532009761403065
1532009761403071
1532009761403078
1532009761903065
1532009761903085
1532009761903097
1532009761903106
1532009761903113
1532009761903120
1532009761903126
1532009761903133
1532009762403147
1532009762403163
1532009762403171
1532009762403178
1532009762403186
1532009762403194
1532009762403201
1532009762403208
1532009762403215
1532009762903285
1532009762903328
1532009762903336
1532009762903344
1532009762903353
1532009762903360
1532009762903368
1532009762903375
1532009762903383
1532009763403473
1532009763403496
1532009763403505
1532009763403514
1532009763403522
1532009763403530
1532009763403538
1532009763403546
1532009763403553
1532009763903385
1532009763903398
1532009763903410
1532009763903418
1532009763903426
1532009763903433
1532009763903440
1532009763903446
1532009764403700
1532009764403716
1532009764403732
1532009764403740
1532009764403747
1532009764403754
1532009764403762
1532009764403776
1532009764403785
1532009764903591
1532009764903603
1532009764903610
1532009764903618
1532009764903624
1532009764903631
1532009764903637
1532009764903647
1532009765403681
1532009765403698
1532009765403706
1532009765403713
1532009765403721
1532009765403728
1532009765403735
1532009765403742
1532009765403750
1532009765903733
1532009765903748
1532009765903756
1532009765903764
1532009765903771
1532009765903779
1532009765903786
1532009765903794
1532009766403751
1532009766403770
1532009766403778
1532009766403787
1532009766403795
1532009766403807
1532009766403814
1532009766403833
1532009766903958
1532009766903994
1532009766904008
1532009766904017
1532009766904025
1532009766904033
1532009766904040
1532009766904048
1532009766904056
1532009767403850
1532009767403867
1532009767403875
1532009767403887
1532009767403895
1532009767403902
1532009767403909
1532009767403924
1532009767903966
1532009767904051
1532009767904065
1532009767904073
1532009767904080
1532009767904087
1532009767904099
1532009767904106
1532009767904118
1532009768404286
1532009768405277
1532009768405295
1532009768405304
1532009768405312
1532009768405319
1532009768405327
1532009768405335
1532009768405343
1532009768904437
1532009768904454
1532009768904467
1532009768904475
1532009768904485
1532009768904492
1532009768904499
1532009768904507
1532009769404455
1532009769404473
1532009769404482
1532009769404490
1532009769404497
1532009769404505
1532009769404516
1532009769404525
1532009769904650
1532009769904664
1532009769904672
1532009769904680
1532009769904688
1532009769904696
1532009769904707
1532009769904714
1532009769904722
1532009770404684
1532009770404701
1532009770404709
1532009770404717
1532009770404725
1532009770404733
1532009770404740
1532009770404748
1532009770904759
1532009770904772
1532009770904780
1532009770904797
1532009770904809
1532009770904817
1532009770904824
1532009770904832
1532009770904839
1532009771404943
1532009771405235
1532009771405250
1532009771405258
1532009771405266
1532009771405274
1532009771405283
1532009771405291
1532009771405298
1532009771904968
1532009771904983
1532009771904991
1532009771904999
1532009771905007
1532009771905015
1532009771905023
1532009771905031
1532009772405450
1532009772405466
1532009772405478
1532009772405492
1532009772405500
1532009772405508
1532009772405516
1532009772405530
1532009772405538
1532009772905340
1532009772905357
1532009772905366
1532009772905375
1532009772905384
1532009772905392
1532009772905400
1532009772905408
1532009773405142
1532009773405158
1532009773405166
1532009773405175
1532009773405183
1532009773405191
1532009773405198
1532009773405246
1532009773905278
1532009773905295
1532009773905303
1532009773905324
1532009773905332
1532009773905339
1532009773905346
1532009773905359
1532009773905366
1532009774405345
1532009774405360
1532009774405368
1532009774405376
1532009774405382
1532009774405389
1532009774405396
1532009774405403
1532009774905551
1532009774905600
1532009774905617
1532009774905626
1532009774905637
1532009774905645
1532009774905654
1532009774905661
1532009774905669
1532009775405828
1532009775406029
1532009775406043
1532009775406051
1532009775406058
1532009775406065
1532009775406075
1532009775406082
1532009775406092
1532009775906153
1532009775906390
1532009775906407
1532009775906414
1532009775906422
1532009775906429
1532009775906435
1532009775906442
1532009775906449
1532009776405790
1532009776405811
1532009776405828
1532009776405835
1532009776405842
1532009776405849
1532009776405862
1532009776405869
1532009776905800
1532009776905812
1532009776905820
1532009776905834
1532009776905841
1532009776905849
1532009776905856
1532009776905863
1532009777405991
1532009777406014
1532009777406022
1532009777406031
1532009777406039
1532009777406046
1532009777406053
1532009777406060
1532009777406066
1532009777905993
1532009777906011
1532009777906018
1532009777906026
1532009777906033
1532009777906044
1532009777906052
1532009777906063
1532009778406151
1532009778406166
1532009778406173
1532009778406187
1532009778406193
1532009778406204
1532009778406219
1532009778406227
1532009778406234
1532009778906324
1532009778909025
1532009778909041
1532009778909062
1532009778909070
1532009778909077
1532009778909084
1532009778909097
1532009778909104
1532009779406398
1532009779406414
1532009779406422
1532009779406435
1532009779406442
1532009779406449
1532009779406457
1532009779406475
1532009779906608
1532009779906862
1532009779906874
1532009779906881
1532009779906893
1532009779906905
1532009779906912
1532009779906932
1532009779906940
1532009780406699
1532009780406721
1532009780406729
1532009780406740
1532009780406748
1532009780406769
1532009780406776
1532009780406784
1532009780906442
1532009780906461
1532009780906469
1532009780906476
1532009780906483
1532009780906490
1532009780906496
1532009780906503
1532009781406638
1532009781406948
1532009781406961
1532009781406968
1532009781406976
1532009781406984
1532009781406991
1532009781406997
1532009781407005
1532009781906696
1532009781906713
1532009781906721
1532009781906729
1532009781906736
1532009781906744
1532009781906752
1532009781906760
1532009782406738
1532009782406757
1532009782406771
1532009782406779
1532009782406786
1532009782406793
1532009782406800
1532009782406807
1532009782907181
1532009782907195
1532009782907203
1532009782907211
1532009782907218
1532009782907226
1532009782907233
1532009782907240
1532009782907247
1532009783406908
1532009783406924
1532009783406932
1532009783406939
1532009783406946
1532009783406953
1532009783406960
1532009783406967
1532009783907059
1532009783907199
1532009783907212
1532009783907220
1532009783907227
1532009783907233
1532009783907240
1532009783907246
1532009783907252
1532009784407698
1532009784407717
1532009784407729
1532009784407741
1532009784407752
1532009784407764
1532009784407776
1532009784407786
1532009784407797
1532009784907596
1532009784907618
1532009784907625
1532009784907632
1532009784907641
1532009784907658
1532009784907665
1532009784907672
1532009785407427
1532009785407448
1532009785407456
1532009785407463
1532009785407470
1532009785407477
1532009785407484
1532009785407491
1532009785907559
1532009785907673
1532009785907686
1532009785907696
1532009785907702
1532009785907710
1532009785907717
1532009785907724
1532009785907731
1532009786407552
1532009786407568
1532009786407575
1532009786407587
1532009786407599
1532009786407606
1532009786407615
1532009786407622
1532009786907661
1532009786907679
1532009786907689
1532009786907696
1532009786907703
1532009786907710
1532009786907716
1532009786907723
1532009786907730
1532009787407785
1532009787407800
1532009787407808
1532009787407815
1532009787407823
1532009787407829
1532009787407836
1532009787407843
1532009787407851
1532009787907959
1532009787908066
1532009787908075
1532009787908082
1532009787908091
1532009787908111
1532009787908118
1532009787908129
1532009787908137
1532009788408194
1532009788408211
1532009788408219
1532009788408227
1532009788408234
1532009788408241
1532009788408248
1532009788408255
1532009788408262
1532009788908516
1532009788912270
1532009788912296
1532009788912313
1532009788912321
1532009788912332
1532009788912346
1532009788912354
1532009788912361
