1532009689390615
1532009689890489
1532009690390744
1532009690890721
1532009691390732
1532009691890715
1532009692390997
1532009692890988
1532009693390987
1532009693891230
1532009694391113
1532009694891349
1532009695391509
1532009695891621
1532009696391731
1532009696891628
1532009697391621
1532009697891864
1532009698391773
1532009698891997
1532009699392115
1532009699892245
1532009700392245
1532009700892488
1532009701392362
1532009701892604
1532009702392493
1532009702892634
1532009703392762
1532009703892898
1532009704392809
1532009704893020
1532009705393004
1532009705893264
1532009706393020
1532009706893450
1532009707393806
1532009707893675
1532009708393679
1532009708894220
1532009709393822
1532009709894052
1532009710393995
1532009710894186
1532009711394405
1532009711894182
1532009712394441
1532009712894692
1532009713394559
1532009713894436
1532009714394692
1532009714894667
1532009715394662
1532009715894921
1532009716394812
1532009716895066
1532009717395192
1532009717895176
1532009718395449
1532009718895630
1532009719395430
1532009719895691
1532009720395577
1532009720895855
1532009721395958
1532009721896082
1532009722396070
1532009722896111
1532009723396481
1532009723896739
1532009724396938
1532009724896759
1532009725396669
1532009725896962
1532009726396867
1532009726897395
1532009727396862
1532009727897080
1532009728397250
1532009728897291
1532009729397497
1532009729897615
1532009730397338
1532009730897374
1532009731397617
1532009731898343
1532009732397731
1532009732897834
1532009733398106
1532009733898009
1532009734398254
1532009734898129
1532009735398466
1532009735898364
1532009736398643
1532009736898534
1532009737398870
1532009737898670
1532009738399128
1532009738900765
1532009739399280
1532009739899134
1532009740399397
1532009740899256
1532009741399627
1532009741900384
1532009742399774
1532009742900375
1532009743399888
1532009743900403
1532009744399908
1532009744900668
1532009745400278
1532009745900659
1532009746400626
1532009746901598
1532009747402026
1532009747901443
1532009748402127
1532009748901995
1532009749401567
1532009749901891
1532009750403069
1532009750901694
1532009751402027
1532009751901947
1532009752401944
1532009752902265
1532009753402230
1532009753921036
1532009754402320
1532009754902569
1532009755402454
1532009755902664
1532009756402777
1532009756902662
1532009757403195
1532009757902774
1532009758403158
1532009758903292
1532009759403120
1532009759903040
1532009760403459
1532009760903417
1532009761403706
1532009761903552
1532009761948043
1532009762403784
1532009762903961
1532009763404112
1532009763903930
1532009764404325
1532009764904152
1532009765404324
1532009765904256
1532009766404358
1532009766904587
1532009767404344
1532009767904553
1532009768405887
1532009768904921
1532009769404936
1532009769905302
1532009770405198
1532009770905492
1532009771405735
1532009771905497
1532009772406107
1532009772905849
1532009773405740
1532009773905979
1532009774405878
1532009774906236
1532009775406588
1532009775906938
1532009776406386
1532009776906363
1532009777406642
1532009777906549
1532009778406920
1532009778909614
1532009779406918
1532009779907415
1532009780407234
1532009780906973
1532009781407519
1532009781907265
1532009782407260
1532009782907911
1532009783407467
1532009783907747
1532009784408458
1532009784908129
1532009785407989
1532009785908282
1532009786408133
1532009786908258
1532009787408405
1532009787908623
1532009788408912
1532009788915488
