1532009689389453
1532009689889528
1532009690389617
1532009690889695
1532009691389769
1532009691889843
1532009692389912
1532009692890012
1532009693390083
1532009693890157
1532009694390231
1532009694890306
1532009695390387
1532009695890468
1532009696390546
1532009696890620
1532009697390703
1532009697890782
1532009698390882
1532009698890959
1532009699391032
1532009699891110
1532009700391190
1532009700891281
1532009701391358
1532009701891434
1532009702391518
1532009702891594
1532009703391668
1532009703891738
1532009704391814
1532009704891924
1532009705392012
1532009705892102
1532009706392173
1532009706892265
1532009707392344
1532009707892450
1532009708392528
1532009708892604
1532009709392695
1532009709892770
1532009710392850
1532009710892931
1532009711393013
1532009711893102
1532009712393200
1532009712893282
1532009713393358
1532009713893458
1532009714393539
1532009714893611
1532009715393711
1532009715893787
1532009716393864
1532009716893953
1532009717394041
1532009717894118
1532009718394225
1532009718894305
1532009719394379
1532009719894484
1532009720394573
1532009720894648
1532009721394733
1532009721894807
1532009722394883
1532009722894978
1532009723395057
1532009723895150
1532009724395240
1532009724895327
1532009725395418
1532009725895502
1532009726395619
1532009726895700
1532009727395778
1532009727895869
1532009728395948
1532009728896032
1532009729396113
1532009729896193
1532009730396268
1532009730896345
1532009731396432
1532009731896595
1532009732396686
1532009732896759
1532009733396812
1532009733896917
1532009734397019
1532009734897098
1532009735397181
1532009735897265
1532009736397342
1532009736897417
1532009737397516
1532009737897596
1532009738397674
1532009738897756
1532009739397840
1532009739897917
1532009740398002
1532009740898077
1532009741398168
1532009741898316
1532009742398418
1532009742898532
1532009743398616
1532009743898692
1532009744398778
1532009744898856
1532009745398933
1532009745899415
1532009746399496
1532009746899629
1532009747399714
1532009747899813
1532009748399933
1532009748900018
1532009749400110
1532009749900194
1532009750400327
1532009750900411
1532009751400533
1532009751900627
1532009752400708
1532009752900824
1532009753400916
1532009753901009
1532009754401113
1532009754901219
1532009755401343
1532009755901429
1532009756401509
1532009756901583
1532009757401671
1532009757901752
1532009758401830
1532009758901913
1532009759401988
1532009759902073
1532009760402174
1532009760902266
1532009761402345
1532009761902426
1532009762402511
1532009762902602
1532009763402677
1532009763902759
1532009764402848
1532009764902929
1532009765403030
1532009765903105
1532009766403181
1532009766903261
1532009767403345
1532009767903446
1532009768403777
1532009768903857
1532009769403945
1532009769904027
1532009770404107
1532009770904182
1532009771404256
1532009771904334
1532009772404410
1532009772904490
1532009773404567
1532009773904641
1532009774404737
1532009774904818
1532009775404933
1532009775905033
1532009776405152
1532009776905237
1532009777405319
1532009777905397
1532009778405505
1532009778905586
1532009779405666
1532009779905755
1532009780405845
1532009780905920
1532009781406008
1532009781906097
1532009782406174
1532009782906325
1532009783406399
1532009783906484
1532009784406583
1532009784906665
1532009785406766
1532009785906849
1532009786406927
1532009786907025
1532009787407106
1532009787907223
1532009788407298
1532009788907541
