1532009689390035
1532009689890012
1532009690390178
1532009690890158
1532009691390174
1532009691890212
1532009692390270
1532009692890375
1532009693390417
1532009693890575
1532009694390572
1532009694890707
1532009695390820
1532009695890932
1532009696391041
1532009696891020
1532009697391081
1532009697891210
1532009698391276
1532009698891346
1532009699391483
1532009699891561
1532009700391615
1532009700891738
1532009701391839
1532009701891926
1532009702391947
1532009702891997
1532009702892110
1532009703392112
1532009703892161
1532009704392230
1532009704892375
1532009705392463
1532009705892583
1532009706392517
1532009706892816
1532009707392902
1532009707893064
1532009708393081
1532009708893575
1532009709393179
1532009709893351
1532009710393350
1532009710893541
1532009711393698
1532009711893619
1532009712393719
1532009712893929
1532009713393965
1532009713893904
1532009714394086
1532009714894059
1532009715394108
1532009715894249
1532009716394251
1532009716894379
1532009717394564
1532009717894592
1532009718394718
1532009718894929
1532009719394886
1532009719895021
1532009720395034
1532009720895152
1532009721395286
1532009721895446
1532009722395505
1532009722895531
1532009723395655
1532009723895790
1532009724395977
1532009724896126
1532009725396016
1532009725896214
1532009726396256
1532009726896705
1532009727396281
1532009727896403
1532009728396570
1532009728896573
1532009729396653
1532009729896813
1532009730396753
1532009730896802
1532009731396891
1532009731897450
1532009732397224
1532009732897238
1532009733397237
1532009733897374
1532009734397583
1532009734897585
1532009735397869
1532009735897785
1532009736397884
1532009736897887
1532009737398175
1532009737898074
1532009738398551
1532009738898208
1532009739398564
1532009739898418
1532009740398819
1532009740898540
1532009741398682
1532009741899852
1532009742399224
1532009742899823
1532009743399258
1532009743899595
1532009744399352
1532009744899852
1532009745399673
1532009745900156
1532009746400038
1532009746900874
1532009747401158
1532009747900589
1532009748401258
1532009748901309
1532009749400903
1532009749901166
1532009750402367
1532009750901105
1532009751401382
1532009751901343
1532009752401290
1532009752901638
1532009753401600
1532009753901645
1532009754401713
1532009754901974
1532009755401830
1532009755902041
1532009756402104
1532009756902147
1532009757402286
1532009757902219
1532009758402365
1532009758902541
1532009759402516
1532009759902490
1532009760402788
1532009760902821
1532009761402961
1532009761903021
1532009762403090
1532009762903304
1532009763403343
1532009763903323
1532009764403594
1532009764903516
1532009765403552
1532009765903684
1532009766403695
1532009766903962
1532009767403816
1532009767403847
1532009767903999
1532009768405238
1532009768904399
1532009769404403
1532009769904556
1532009770404620
1532009770904716
1532009771405196
1532009771904927
1532009772405362
1532009772905266
1532009773405083
1532009773405204
1532009773905229
1532009774405295
1532009774905553
1532009775405971
1532009775906346
1532009776405754
1532009776905753
1532009777405969
1532009777905932
1532009778406072
1532009778906203
1532009779406352
1532009779906816
1532009780406639
1532009780906408
1532009781406889
1532009781906650
1532009782406698
1532009782907122
1532009783406863
1532009783907172
1532009784407590
1532009784907559
1532009785407371
1532009785907636
1532009786407505
1532009786907610
1532009787407739
1532009787908014
1532009788408094
1532009788912184
