1534239805254211
1534239806254375
1534239806754471
1534239807254550
1534239807754626
1534239808254730
1534239808754857
1534239809254934
1534239810255107
1534239811255260
1534239812255434
1534239813255583
1534239813755662
1534239815255966
1534239815756069
1534239816256141
1534239816756215
1534239818256448
1534239818756521
1534239819756705
1534239821757031
1534239822757199
1534239823257306
1534239823757378
1534239824757626
1534239825257698
1534239825757776
1534239826257873
1534239828258251
1534239828758325
1534239830258593
1534239830758665
1534239831258795
1534239831758883
1534239832759038
1534239833759205
1534239834759365
1534239835259516
1534239835759589
1534239836759784
1534239840260462
1534239841760717
1534239842260875
1534239842760954
1534239843261034
1534239843761114
1534239845761463
1534239846761623
1534239847761840
1534239848761995
1534239849262156
1534239849762233
1534239851262532
1534239852262693
1534239853262848
1534239853762931
1534239854263014
1534239854763120
1534239858263795
1534239858763873
1534239859263955
1534239859764044
1534239860264119
1534239861264297
1534239862264470
1534239862764574
1534239864264839
1534239865765115
1534239866265196
1534239866765316
1534239867265395
1534239867765475
1534239868265561
1534239868765666
1534239869265743
1534239870265965
1534239870766043
1534239871266130
1534239874766892
1534239875267124
1534239876767387
1534239878267652
1534239878767725
1534239879267799
1534239879767904
1534239881768228
1534239882268323
1534239882768396
1534239883268470
1534239885768942
1534239886269017
1534239887269166
1534239887769242
1534239889769596
1534239890269675
1534239891769986
1534239892770276
1534239893270353
1534239893770452
1534239895270759
1534239895770864
1534239896271013
1534239897271162
1534239898271325
1534239900771736
1534239901271890
