1534239803255243
1534239803255397
1534239803255435
1534239803255450
1534239803255463
1534239803255899
1534239803256143
1534239803256451
1534239803256680
1534239803256882
1534239803257105
1534239803257160
1534239803257295
1534239803755213
1534239803755917
1534239803756445
1534239803757015
1534239803757092
1534239803757212
1534239803757384
1534239803757652
1534239803757772
1534239804254907
1534239804255088
1534239804255280
1534239804256138
1534239804256866
1534239804256950
1534239804257027
1534239804257109
1534239804257140
1534239804257210
1534239804258154
1534239804755323
1534239804756258
1534239804756403
1534239804756657
1534239804756826
1534239804757462
1534239804757536
1534239804757558
1534239804757605
1534239804757892
1534239804758048
1534239804758114
1534239804758286
1534239805255753
1534239805256545
1534239805257682
1534239805258182
1534239805258522
1534239805259083
1534239805259191
1534239805259239
1534239805259332
1534239805259590
1534239805259830
1534239805260005
1534239805754904
1534239805755278
1534239805756282
1534239805757242
1534239805757570
1534239805757661
1534239805757691
1534239805757774
1534239805757980
1534239805758513
1534239805758584
1534239805758609
1534239806255823
1534239806255873
1534239806256200
1534239806256321
1534239806256782
1534239806256950
1534239806257013
1534239806257130
1534239806257190
1534239806258217
1534239806258320
1534239806258640
1534239806755215
1534239806756112
1534239806756216
1534239806756792
1534239806757083
1534239806757144
1534239806757919
1534239806758133
1534239806758248
1534239806758419
1534239807255062
1534239807255509
1534239807255602
1534239807255622
1534239807255664
1534239807255707
1534239807256292
1534239807256343
1534239807256492
1534239807256737
1534239807256795
1534239807257478
1534239807257495
1534239807257506
1534239807257677
1534239807257701
1534239807257744
1534239807755460
1534239807756630
1534239807757103
1534239807757257
1534239807758101
1534239807758781
1534239807758881
1534239807758960
1534239807759510
1534239807759542
1534239807759635
1534239808255575
1534239808255946
1534239808256065
1534239808256367
1534239808256599
1534239808256989
1534239808257374
1534239808257517
1534239808257614
1534239808257897
1534239808258031
1534239808755294
1534239808756165
1534239808756454
1534239808756719
1534239808757047
1534239808757518
1534239808757584
1534239808758320
1534239808758542
1534239808759165
1534239808759239
1534239808759300
1534239808759353
1534239809255685
1534239809256402
1534239809256555
1534239809256637
1534239809256685
1534239809257030
1534239809257383
1534239809257575
1534239809257638
1534239809258049
1534239809258159
1534239809258282
1534239809258514
1534239809755760
1534239809756309
1534239809756923
1534239809757279
1534239809757719
1534239809758431
1534239809758569
1534239809758593
1534239809758991
1534239809759145
1534239809759211
1534239810256611
1534239810256763
1534239810257422
1534239810257767
1534239810258173
1534239810258240
1534239810258281
1534239810258419
1534239810258475
1534239810756631
1534239810757252
1534239810757458
1534239810757682
1534239810758451
1534239810759080
1534239810759521
1534239810759591
1534239810759643
1534239810759679
1534239810759769
1534239811256844
1534239811257250
1534239811257293
1534239811257382
1534239811257478
1534239811257892
1534239811258254
1534239811258405
1534239811258467
1534239811258593
1534239811258967
1534239811259033
1534239811756089
1534239811756112
1534239811756231
1534239811756601
1534239811756923
1534239811757565
1534239811757978
1534239811758491
1534239811758607
1534239811758856
1534239811759020
1534239811759091
1534239812256224
1534239812256543
1534239812256667
1534239812256688
1534239812257054
1534239812257348
1534239812257403
1534239812257439
1534239812258404
1534239812258581
1534239812258628
1534239812755797
1534239812755878
1534239812756474
1534239812756606
1534239812756667
1534239812757307
1534239812757728
1534239812758365
1534239812759208
1534239812759442
1534239812759480
1534239812759530
1534239813256175
1534239813256450
1534239813256627
1534239813257410
1534239813257505
1534239813257599
1534239813258248
1534239813258448
1534239813258478
1534239813258671
1534239813259118
1534239813259361
1534239813259444
1534239813756303
1534239813756505
1534239813756697
1534239813756948
1534239813757657
1534239813757941
1534239813758277
1534239813758683
1534239813759248
1534239813759363
1534239814256275
1534239814256560
1534239814256889
1534239814256899
1534239814257230
1534239814257749
1534239814258062
1534239814258618
1534239814258910
1534239814259502
1534239814259670
1534239814259917
1534239814259975
1534239814756734
1534239814756857
1534239814757126
1534239814757376
1534239814758348
1534239814759246
1534239814759399
1534239814759595
1534239814759829
1534239814759874
1534239814759927
1534239814759940
1534239815257045
1534239815257119
1534239815257303
1534239815257495
1534239815257640
1534239815257780
1534239815257801
1534239815257849
1534239815257894
1534239815258011
1534239815258067
1534239815258686
1534239815258785
1534239815258826
1534239815756929
1534239815757583
1534239815757991
1534239815758378
1534239815758896
1534239815759013
1534239815759154
1534239815759353
1534239815760185
1534239815760568
1534239815760620
1534239815760709
1534239816256746
1534239816257120
1534239816257516
1534239816257725
1534239816258003
1534239816258113
1534239816258266
1534239816258330
1534239816258398
1534239816258970
1534239816259107
1534239816259152
1534239816756932
1534239816757107
1534239816757190
1534239816757474
1534239816757600
1534239816757732
1534239816757873
1534239816758231
1534239816758811
1534239816759128
1534239816759177
1534239816759284
1534239817257000
1534239817257129
1534239817257225
1534239817257430
1534239817258455
1534239817258531
1534239817258607
1534239817259489
1534239817260003
1534239817260110
1534239817260153
1534239817260232
1534239817756782
1534239817758002
1534239817758131
1534239817758357
1534239817758723
1534239817759051
1534239817759252
1534239817759939
1534239817760001
1534239817760099
1534239818257914
1534239818258999
1534239818259102
1534239818259202
1534239818259341
1534239818259481
1534239818259888
1534239818259958
1534239818260261
1534239818260340
1534239818757954
1534239818758076
1534239818758249
1534239818758378
1534239818758965
1534239818759531
1534239818759678
1534239818760491
1534239818760586
1534239818760754
1534239818760931
1534239819257583
1534239819257672
1534239819257688
1534239819257700
1534239819258630
1534239819258724
1534239819259856
1534239819259962
1534239819259987
1534239819260187
1534239819260239
1534239819260350
1534239819757083
1534239819757569
1534239819758012
1534239819758596
1534239819758798
1534239819758812
1534239819759038
1534239819759331
1534239819759646
1534239819759805
1534239819759856
1534239820257977
1534239820258104
1534239820258320
1534239820259771
1534239820260370
1534239820260542
1534239820260848
1534239820261016
1534239820261103
1534239820261216
1534239820757911
1534239820758055
1534239820758678
1534239820759204
1534239820760023
1534239820760557
1534239820760657
1534239820760760
1534239820760849
1534239820760922
1534239821257663
1534239821257935
1534239821258098
1534239821258560
1534239821258758
1534239821259877
1534239821260117
1534239821260520
1534239821260586
1534239821260752
1534239821757733
1534239821757791
1534239821757953
1534239821758043
1534239821758307
1534239821759359
1534239821759638
1534239821759780
1534239821759914
1534239821760103
1534239821760158
1534239821760313
1534239822258223
1534239822258543
1534239822258921
1534239822259029
1534239822260068
1534239822260482
1534239822260847
1534239822261034
1534239822261125
1534239822261154
1534239822261303
1534239822757869
1534239822758291
1534239822758432
1534239822758747
1534239822758779
1534239822759172
1534239822759398
1534239822759634
1534239822759917
1534239822760584
1534239822760638
1534239822760673
1534239822761041
1534239823257731
1534239823258317
1534239823259131
1534239823259175
1534239823259414
1534239823260198
1534239823260382
1534239823261185
1534239823261233
1534239823261270
1534239823261376
1534239823758121
1534239823758541
1534239823758961
1534239823759680
1534239823759924
1534239823760086
1534239823760675
1534239823760920
1534239823761079
1534239823761424
1534239823761535
1534239824258618
1534239824258748
1534239824259101
1534239824260242
1534239824260542
1534239824260635
1534239824260816
1534239824261221
1534239824261334
1534239824758175
1534239824758333
1534239824758504
1534239824758587
1534239824758753
1534239824759115
1534239824759374
1534239824759583
1534239824759715
1534239824759812
1534239824759858
1534239824760243
1534239824760329
1534239824760509
1534239825258096
1534239825258349
1534239825258429
1534239825258804
1534239825258862
1534239825258934
1534239825259216
1534239825259279
1534239825259404
1534239825259485
1534239825259746
1534239825259882
1534239825260028
1534239825260095
1534239825260178
1534239825260845
1534239825261027
1534239825261107
1534239825758168
1534239825758691
1534239825758898
1534239825759257
1534239825759713
1534239825759975
1534239825760066
1534239825760247
1534239825760359
1534239825760466
1534239825760879
1534239825761624
1534239825761787
1534239826259150
1534239826259251
1534239826259474
1534239826259516
1534239826259873
1534239826260181
1534239826260606
1534239826260807
1534239826261365
1534239826261701
1534239826262011
1534239826262126
1534239826758402
1534239826759214
1534239826759375
1534239826759602
1534239826760687
1534239826760930
1534239826761164
1534239826761189
1534239826761197
1534239826761211
1534239826761359
1534239826762147
1534239826762225
1534239826762249
1534239826762297
1534239826762371
1534239827258915
1534239827259275
1534239827259303
1534239827259352
1534239827259916
1534239827260115
1534239827260997
1534239827261919
1534239827262268
1534239827262498
1534239827262608
1534239827262840
1534239827759078
1534239827759554
1534239827760003
1534239827760157
1534239827760799
1534239827760885
1534239827761247
1534239827761398
1534239827761489
1534239827762012
1534239827762082
1534239827762386
1534239827762625
1534239827762744
1534239828259048
1534239828259456
1534239828260124
1534239828260449
1534239828261204
1534239828261325
1534239828261433
1534239828262173
1534239828262307
1534239828262632
1534239828262688
1534239828759437
1534239828760254
1534239828760450
1534239828761135
1534239828761378
1534239828761871
1534239828762182
1534239828762404
1534239828762534
1534239828762633
1534239828762687
1534239829259218
1534239829259718
1534239829260777
1534239829260982
1534239829261731
1534239829262675
1534239829262727
1534239829262816
1534239829262912
1534239829262964
1534239829759364
1534239829759513
1534239829759713
1534239829760149
1534239829760541
1534239829760888
1534239829761278
1534239829761809
1534239829761912
1534239829762079
1534239830259303
1534239830259464
1534239830260194
1534239830260673
1534239830261013
1534239830261272
1534239830261786
1534239830262381
1534239830262471
1534239830262602
1534239830759618
1534239830759891
1534239830760110
1534239830760548
1534239830760760
1534239830761137
1534239830761371
1534239830761526
1534239830761695
1534239830761768
1534239831259853
1534239831259892
1534239831260074
1534239831260737
1534239831260889
1534239831260966
1534239831261003
1534239831261047
1534239831261617
1534239831262038
1534239831262261
1534239831262722
1534239831262870
1534239831263042
1534239831759878
1534239831760056
1534239831760130
1534239831760155
1534239831760264
1534239831761102
1534239831761327
1534239831761639
1534239831762307
1534239831762400
1534239832259532
1534239832259616
1534239832259787
1534239832259853
1534239832259942
1534239832261571
1534239832261740
1534239832262235
1534239832262822
1534239832263085
1534239832263178
1534239832263278
1534239832760329
1534239832760867
1534239832761294
1534239832761570
1534239832761587
1534239832762270
1534239832762711
1534239832762774
1534239832762898
1534239832763183
1534239832763266
1534239833259669
1534239833260699
1534239833261214
1534239833261336
1534239833262134
1534239833262676
1534239833262730
1534239833262808
1534239833263552
1534239833263631
1534239833263669
1534239833263811
1534239833760282
1534239833760727
1534239833760916
1534239833760997
1534239833761191
1534239833761465
1534239833761708
1534239833761969
1534239833762060
1534239833762261
1534239833762335
1534239833763198
1534239833763353
1534239834260328
1534239834260515
1534239834261403
1534239834261710
1534239834262310
1534239834262783
1534239834263183
1534239834263317
1534239834263467
1534239834760628
1534239834761508
1534239834761570
1534239834761586
1534239834761751
1534239834762546
1534239834762685
1534239834762706
1534239834762726
1534239834763328
1534239834763429
1534239834763471
1534239835260388
1534239835261166
1534239835261218
1534239835261442
1534239835261633
1534239835261699
1534239835262587
1534239835262895
1534239835263275
1534239835263355
1534239835263420
1534239835760433
1534239835761127
1534239835761436
1534239835761799
1534239835761949
1534239835762101
1534239835762499
1534239835762758
1534239835763020
1534239835763139
1534239835763378
1534239836260682
1534239836260885
1534239836261168
1534239836261621
1534239836261916
1534239836262394
1534239836262862
1534239836263011
1534239836263270
1534239836263534
1534239836263694
1534239836761088
1534239836761603
1534239836761824
1534239836761982
1534239836762437
1534239836762555
1534239836762861
1534239836763252
1534239836763648
1534239836764174
1534239837260663
1534239837260771
1534239837260854
1534239837260978
1534239837261179
1534239837261369
1534239837261435
1534239837261639
1534239837262254
1534239837262643
1534239837262724
1534239837263274
1534239837263703
1534239837264040
1534239837264220
1534239837761047
1534239837761902
1534239837762282
1534239837762615
1534239837762730
1534239837763802
1534239837764589
1534239837764930
1534239837765006
1534239837765091
1534239838261244
1534239838261420
1534239838262494
1534239838263421
1534239838263539
1534239838263992
1534239838264039
1534239838264219
1534239838264356
1534239838761378
1534239838761544
1534239838761679
1534239838762210
1534239838762283
1534239838762519
1534239838763037
1534239838763323
1534239838763530
1534239838763615
1534239838763675
1534239839261787
1534239839262760
1534239839263834
1534239839264747
1534239839264798
1534239839264899
1534239839265066
1534239839265259
1534239839265317
1534239839761891
1534239839762792
1534239839763588
1534239839763779
1534239839764696
1534239839764847
1534239839765713
1534239839765895
1534239839766292
1534239839766351
1534239840261873
1534239840262704
1534239840262771
1534239840262986
1534239840263866
1534239840264074
1534239840264821
1534239840264935
1534239840265177
1534239840761935
1534239840762202
1534239840762417
1534239840763220
1534239840763245
1534239840763328
1534239840763685
1534239840764448
1534239840764786
1534239840764958
1534239840765347
1534239841263510
1534239841263806
1534239841264335
1534239841264913
1534239841265468
1534239841265491
1534239841266037
1534239841266737
1534239841266927
1534239841267017
1534239841267311
1534239841762036
1534239841762346
1534239841762515
1534239841762878
1534239841763129
1534239841763674
1534239841764289
1534239841764514
1534239841764662
1534239842261900
1534239842262900
1534239842263634
1534239842263974
1534239842264593
1534239842264652
1534239842265115
1534239842265171
1534239842265301
1534239842265375
1534239842761943
1534239842762476
1534239842763453
1534239842763638
1534239842764150
1534239842764503
1534239842764568
1534239842765540
1534239842766203
1534239842766308
1534239842766481
1534239843262372
1534239843263450
1534239843263655
1534239843263776
1534239843264233
1534239843264321
1534239843264369
1534239843265102
1534239843265399
1534239843265732
1534239843265987
1534239843762014
1534239843762895
1534239843763745
1534239843764594
1534239843765073
1534239843765164
1534239843765325
1534239843765694
1534239843765817
1534239843765978
1534239843766450
1534239843766660
1534239844261877
1534239844262229
1534239844263234
1534239844264347
1534239844264577
1534239844264599
1534239844264733
1534239844265170
1534239844265248
1534239844265331
1534239844762302
1534239844762565
1534239844762725
1534239844763069
1534239844763241
1534239844763663
1534239844764816
1534239844765450
1534239844765673
1534239844766064
1534239844766112
1534239845262749
1534239845263504
1534239845264551
1534239845265530
1534239845265766
1534239845266245
1534239845266322
1534239845266416
1534239845266509
1534239845762271
1534239845762639
1534239845762888
1534239845763499
1534239845763714
1534239845764043
1534239845764547
1534239845764566
1534239845764799
1534239845764882
1534239845764964
1534239845765041
1534239846262381
1534239846262554
1534239846262986
1534239846263027
1534239846263142
1534239846264179
1534239846264697
1534239846265069
1534239846265119
1534239846265830
1534239846266148
1534239846266291
1534239846266307
1534239846266704
1534239846762422
1534239846762442
1534239846763126
1534239846763549
1534239846763881
1534239846764179
1534239846764654
1534239846765010
1534239846765145
1534239846765250
1534239846765453
1534239847262508
1534239847263203
1534239847263750
1534239847264263
1534239847264762
1534239847265265
1534239847265467
1534239847265903
1534239847266143
1534239847266248
1534239847763305
1534239847763810
1534239847764212
1534239847764638
1534239847764941
1534239847764987
1534239847765051
1534239847765322
1534239847765339
1534239847765396
1534239848263308
1534239848263595
1534239848264588
1534239848265406
1534239848266350
1534239848266401
1534239848266907
1534239848267152
1534239848267263
1534239848763341
1534239848763403
1534239848763875
1534239848764140
1534239848764368
1534239848764784
1534239848765118
1534239848765368
1534239848765450
1534239849263972
1534239849264923
1534239849265855
1534239849265943
1534239849266057
1534239849266548
1534239849267146
1534239849267290
1534239849267346
1534239849267503
1534239849268042
1534239849268166
1534239849763173
1534239849764446
1534239849764527
1534239849764904
1534239849765099
1534239849765952
1534239849766067
1534239849766118
1534239849766652
1534239849766715
1534239849766899
1534239850263084
1534239850263348
1534239850263433
1534239850264235
1534239850265210
1534239850265379
1534239850265748
1534239850266228
1534239850266414
1534239850266781
1534239850266926
1534239850266946
1534239850267227
1534239850763602
1534239850764430
1534239850764853
1534239850765597
1534239850765654
1534239850765883
1534239850766526
1534239850766563
1534239850767261
1534239850767464
1534239851263359
1534239851263680
1534239851264266
1534239851264527
1534239851264944
1534239851265354
1534239851265570
1534239851265758
1534239851265831
1534239851265858
1534239851265939
1534239851763542
1534239851763617
1534239851763751
1534239851764719
1534239851764819
1534239851765735
1534239851766153
1534239851767079
1534239851767725
1534239851767897
1534239851768037
1534239851768162
1534239852263588
1534239852264540
1534239852265526
1534239852266084
1534239852266190
1534239852266657
1534239852266803
1534239852267048
1534239852267077
1534239852267114
1534239852267185
1534239852267257
1534239852763852
1534239852764085
1534239852765099
1534239852765160
1534239852765277
1534239852765763
1534239852765863
1534239852766287
1534239852766349
1534239852766557
1534239852767170
1534239853263578
1534239853264050
1534239853265032
1534239853265596
1534239853265899
1534239853266095
1534239853266290
1534239853266531
1534239853266892
1534239853267154
1534239853764450
1534239853764979
1534239853765190
1534239853765614
1534239853766279
1534239853766433
1534239853766644
1534239853767146
1534239853767266
1534239853767622
1534239854264888
1534239854265072
1534239854265124
1534239854265331
1534239854265641
1534239854266148
1534239854266269
1534239854266363
1534239854266419
1534239854763830
1534239854764280
1534239854764399
1534239854764440
1534239854764904
1534239854765174
1534239854765252
1534239854765340
1534239854766414
1534239854766480
1534239854767285
1534239854767429
1534239854767497
1534239854767669
1534239854767734
1534239855264741
1534239855265752
1534239855266597
1534239855266750
1534239855267325
1534239855267438
1534239855267710
1534239855267969
1534239855268210
1534239855268284
1534239855268728
1534239855269006
1534239855764885
1534239855765441
1534239855765660
1534239855766456
1534239855766615
1534239855768067
1534239855768464
1534239855768915
1534239855769028
1534239855769102
1534239856264468
1534239856265309
1534239856266306
1534239856266428
1534239856267404
1534239856267929
1534239856268032
1534239856268107
1534239856268231
1534239856764658
1534239856764993
1534239856765653
1534239856765863
1534239856765948
1534239856766691
1534239856766762
1534239856766870
1534239856767502
1534239856767589
1534239856768615
1534239856768700
1534239857265117
1534239857266097
1534239857266895
1534239857266964
1534239857267805
1534239857267910
1534239857268802
1534239857268851
1534239857269153
1534239857269246
1534239857765214
1534239857765765
1534239857765919
1534239857766594
1534239857767542
1534239857767811
1534239857768426
1534239857769059
1534239857769313
1534239857769515
1534239858264575
1534239858265483
1534239858265901
1534239858266454
1534239858267098
1534239858267310
1534239858267727
1534239858268072
1534239858268272
1534239858268401
1534239858268474
1534239858268573
1534239858765627
1534239858765818
1534239858766824
1534239858767286
1534239858767768
1534239858768103
1534239858768377
1534239858768583
1534239858768656
1534239859265495
1534239859266557
1534239859266928
1534239859267109
1534239859267246
1534239859267454
1534239859267715
1534239859267814
1534239859268043
1534239859764617
1534239859764993
1534239859765097
1534239859765176
1534239859765750
1534239859765795
1534239859766374
1534239859766747
1534239859767118
1534239859767253
1534239859767335
1534239859767395
1534239860265822
1534239860266542
1534239860266889
1534239860267072
1534239860267814
1534239860268293
1534239860268384
1534239860268490
1534239860268584
1534239860765901
1534239860766653
1534239860766730
1534239860766890
1534239860767607
1534239860767915
1534239860768035
1534239860768657
1534239860768852
1534239860769082
1534239861265784
1534239861266643
1534239861267317
1534239861267428
1534239861267994
1534239861268362
1534239861268457
1534239861269007
1534239861269091
1534239861269224
1534239861765293
1534239861766410
1534239861767342
1534239861767944
1534239861768075
1534239861768225
1534239861768952
1534239861769410
1534239861769656
1534239862265969
1534239862266471
1534239862266775
1534239862267075
1534239862267327
1534239862267551
1534239862267813
1534239862267867
1534239862268003
1534239862766352
1534239862766860
1534239862767059
1534239862767313
1534239862767656
1534239862767925
1534239862768046
1534239862768121
1534239862768237
1534239863265681
1534239863266608
1534239863266815
1534239863267648
1534239863267841
1534239863268591
1534239863269202
1534239863269308
1534239863269414
1534239863269468
1534239863765612
1534239863765945
1534239863766122
1534239863766917
1534239863766955
1534239863767674
1534239863768053
1534239863769059
1534239863769317
1534239863769478
1534239863769654
1534239864265807
1534239864265954
1534239864266188
1534239864266381
1534239864266958
1534239864267201
1534239864267719
1534239864268041
1534239864268259
1534239864268358
1534239864765580
1534239864765816
1534239864765873
1534239864765909
1534239864765925
1534239864765954
1534239864766926
1534239864767617
1534239864767828
1534239864768090
1534239864768369
1534239864768806
1534239864768833
1534239864768952
1534239864769074
1534239865265974
1534239865266043
1534239865266627
1534239865266981
1534239865267660
1534239865267841
1534239865267859
1534239865267976
1534239865268055
1534239865268209
1534239865268278
1534239865268294
1534239865766436
1534239865767134
1534239865767494
1534239865767872
1534239865768266
1534239865768643
1534239865768851
1534239865769004
1534239865769074
1534239866266138
1534239866266447
1534239866266829
1534239866267127
1534239866267575
1534239866267971
1534239866268218
1534239866268400
1534239866268622
1534239866268729
1534239866766140
1534239866766612
1534239866767345
1534239866767806
1534239866768225
1534239866768477
1534239866768559
1534239866768691
1534239866768886
1534239866768975
1534239867266966
1534239867267798
1534239867268023
1534239867268942
1534239867269380
1534239867269430
1534239867269811
1534239867269942
1534239867270140
1534239867767632
1534239867767726
1534239867768023
1534239867768855
1534239867768885
1534239867768970
1534239867769102
1534239867769275
1534239867769406
1534239867769794
1534239867770282
1534239868266086
1534239868266943
1534239868267152
1534239868268172
1534239868268472
1534239868269097
1534239868269542
1534239868269630
1534239868269796
1534239868269991
1534239868270062
1534239868766423
1534239868766576
1534239868766968
1534239868767288
1534239868767360
1534239868767367
1534239868768124
1534239868768151
1534239868768637
1534239868768991
1534239868769015
1534239868769290
1534239868769438
1534239869267317
1534239869267417
1534239869267518
1534239869267836
1534239869268316
1534239869268814
1534239869268839
1534239869268899
1534239869269078
1534239869269693
1534239869269712
1534239869269855
1534239869767229
1534239869767433
1534239869767573
1534239869768475
1534239869769454
1534239869770267
1534239869770321
1534239869770653
1534239869770911
1534239869771048
1534239870266570
1534239870266733
1534239870266762
1534239870267871
1534239870268442
1534239870268793
1534239870269044
1534239870269156
1534239870269282
1534239870269643
1534239870269947
1534239870767655
1534239870768587
1534239870769359
1534239870769537
1534239870769729
1534239870769885
1534239870770488
1534239870770622
1534239870770735
1534239871267596
1534239871268526
1534239871269084
1534239871269282
1534239871269542
1534239871269644
1534239871269992
1534239871270362
1534239871270509
1534239871767821
1534239871768045
1534239871768877
1534239871769122
1534239871769677
1534239871770331
1534239871770378
1534239871770708
1534239871770886
1534239871771346
1534239871771424
1534239871771508
1534239872266928
1534239872267388
1534239872267960
1534239872268535
1534239872269611
1534239872270388
1534239872270542
1534239872270693
1534239872270911
1534239872271013
1534239872767878
1534239872769906
1534239872770880
1534239872771512
1534239872771861
1534239872772079
1534239872772352
1534239872772464
1534239872772535
1534239872772623
1534239873267656
1534239873267925
1534239873268724
1534239873268743
1534239873268893
1534239873269072
1534239873270129
1534239873270753
1534239873271025
1534239873271297
1534239873271342
1534239873767582
1534239873767839
1534239873768273
1534239873768806
1534239873769067
1534239873769124
1534239873770531
1534239873770651
1534239873770823
1534239873770886
1534239874268335
1534239874269259
1534239874269609
1534239874270589
1534239874271296
1534239874271702
1534239874271817
1534239874271950
1534239874272035
1534239874768234
1534239874768267
1534239874769305
1534239874769500
1534239874770190
1534239874771216
1534239874771250
1534239874771335
1534239874771410
1534239874771775
1534239874772044
1534239874772395
1534239875267914
1534239875268631
1534239875268785
1534239875269101
1534239875269657
1534239875270177
1534239875270527
1534239875270560
1534239875271048
1534239875271472
1534239875271733
1534239875767774
1534239875767961
1534239875768275
1534239875768286
1534239875768456
1534239875768909
1534239875769237
1534239875769747
1534239875769895
1534239875770383
1534239875770676
1534239875771226
1534239875771492
1534239876268371
1534239876268637
1534239876268924
1534239876270077
1534239876270551
1534239876270668
1534239876270806
1534239876270842
1534239876271579
1534239876271696
1534239876271718
1534239876271751
1534239876768352
1534239876768820
1534239876769161
1534239876769297
1534239876769613
1534239876769833
1534239876770447
1534239876770822
1534239876770989
1534239876771219
1534239877268292
1534239877268451
1534239877269459
1534239877270401
1534239877270752
1534239877270879
1534239877271042
1534239877271554
1534239877271662
1534239877271708
1534239877271784
1534239877272409
1534239877272516
1534239877768872
1534239877769856
1534239877770828
1534239877771017
1534239877771666
1534239877772253
1534239877772356
1534239877772489
1534239877772586
1534239878269761
1534239878270678
1534239878270952
1534239878271522
1534239878271716
1534239878271995
1534239878272154
1534239878272500
1534239878272769
1534239878768210
1534239878768582
1534239878769476
1534239878769640
1534239878770081
1534239878770978
1534239878771404
1534239878771574
1534239878771746
1534239878772053
1534239879269106
1534239879269584
1534239879269894
1534239879270404
1534239879271164
1534239879271896
1534239879272715
1534239879272866
1534239879272886
1534239879272898
1534239879272932
1534239879768745
1534239879769448
1534239879769605
1534239879770254
1534239879770818
1534239879770845
1534239879771260
1534239879771469
1534239879771673
1534239879771775
1534239880268798
1534239880268860
1534239880268897
1534239880269952
1534239880270248
1534239880270463
1534239880270731
1534239880270790
1534239880271465
1534239880271548
1534239880271631
1534239880271673
1534239880273103
1534239880273332
1534239880769265
1534239880769631
1534239880769913
1534239880770815
1534239880771349
1534239880771609
1534239880771925
1534239880772277
1534239880772526
1534239880772643
1534239880772681
1534239881269089
1534239881269222
1534239881269318
1534239881269389
1534239881269955
1534239881270986
1534239881271061
1534239881271886
1534239881272045
1534239881272551
1534239881272822
1534239881273480
1534239881769521
1534239881770219
1534239881771006
1534239881771142
1534239881771326
1534239881771523
1534239881771833
1534239881772086
1534239881772326
1534239882269016
1534239882269907
1534239882270376
1534239882270674
1534239882271225
1534239882271495
1534239882271936
1534239882272385
1534239882272463
1534239882272528
1534239882769797
1534239882770468
1534239882770880
1534239882771230
1534239882771515
1534239882771961
1534239882772308
1534239882772409
1534239882772709
1534239882773116
1534239883269364
1534239883270091
1534239883270570
1534239883270827
1534239883270851
1534239883271061
1534239883271373
1534239883272256
1534239883272426
1534239883272479
1534239883272667
1534239883769698
1534239883769901
1534239883770837
1534239883770994
1534239883771946
1534239883772123
1534239883772842
1534239883773054
1534239883773108
1534239883773185
1534239884269347
1534239884269724
1534239884269954
1534239884270819
1534239884271259
1534239884271694
1534239884271978
1534239884272520
1534239884272770
1534239884273096
1534239884769743
1534239884770032
1534239884770100
1534239884770387
1534239884771212
1534239884771275
1534239884772106
1534239884772685
1534239884772824
1534239884773489
1534239884773640
1534239884773773
1534239885269411
1534239885270724
1534239885271137
1534239885271213
1534239885271531
1534239885271687
1534239885271752
1534239885272786
1534239885272807
1534239885272830
1534239885272925
1534239885273225
1534239885273620
1534239885769668
1534239885769783
1534239885769989
1534239885770604
1534239885770708
1534239885770852
1534239885771083
1534239885771396
1534239885771681
1534239885771803
1534239885771853
1534239885772248
1534239886269934
1534239886270162
1534239886270674
1534239886270990
1534239886271444
1534239886271737
1534239886271861
1534239886272006
1534239886272092
1534239886770010
1534239886770965
1534239886771174
1534239886772099
1534239886772237
1534239886772663
1534239886773066
1534239886773389
1534239886773484
1534239886773618
1534239887269668
1534239887270135
1534239887270477
1534239887271388
1534239887272190
1534239887272347
1534239887273284
1534239887273380
1534239887273709
1534239887273866
1534239887273988
1534239887770195
1534239887770272
1534239887770547
1534239887770631
1534239887770860
1534239887770995
1534239887771064
1534239887771255
1534239887771318
1534239887771825
1534239887771892
1534239887772673
1534239887773164
1534239887773385
1534239887773469
1534239887773687
1534239888270876
1534239888271939
1534239888273030
1534239888273148
1534239888273744
1534239888274359
1534239888274457
1534239888274531
1534239888274624
1534239888770530
1534239888771073
1534239888771222
1534239888772004
1534239888772382
1534239888773096
1534239888773763
1534239888773931
1534239888774094
1534239888774210
1534239889270155
1534239889270234
1534239889270967
1534239889271120
1534239889271205
1534239889271926
1534239889272113
1534239889272627
1534239889273001
1534239889273195
1534239889273451
1534239889273542
1534239889273890
1534239889770108
1534239889770770
1534239889771094
1534239889771337
1534239889771480
1534239889771773
1534239889772155
1534239889772318
1534239889772442
1534239889772528
1534239889772837
1534239889773034
1534239889773164
1534239889773212
1534239890270460
1534239890270540
1534239890270938
1534239890271306
1534239890271619
1534239890271903
1534239890272132
1534239890272556
1534239890272760
1534239890272972
1534239890273076
1534239890273379
1534239890273708
1534239890771262
1534239890772234
1534239890773378
1534239890773470
1534239890773638
1534239890773784
1534239890773886
1534239890774521
1534239890774621
1534239890774690
1534239890774740
1534239891270738
1534239891271788
1534239891271815
1534239891271890
1534239891272301
1534239891272876
1534239891273016
1534239891273607
1534239891273994
1534239891274206
1534239891274248
1534239891274312
1534239891770833
1534239891772121
1534239891772559
1534239891772583
1534239891773011
1534239891773394
1534239891773692
1534239891774233
1534239891774359
1534239891774975
1534239891775154
1534239892271175
1534239892271447
1534239892271880
1534239892272242
1534239892272565
1534239892272863
1534239892273314
1534239892273540
1534239892274014
1534239892274225
1534239892771536
1534239892772440
1534239892772974
1534239892773180
1534239892773533
1534239892773783
1534239892774094
1534239892774416
1534239892774479
1534239893270913
1534239893271447
1534239893272318
1534239893272401
1534239893272496
1534239893273195
1534239893273451
1534239893274023
1534239893274222
1534239893274509
1534239893274525
1534239893274704
1534239893274944
1534239893275041
1534239893771079
1534239893771824
1534239893772109
1534239893772570
1534239893772796
1534239893773149
1534239893773259
1534239893773356
1534239893773459
1534239893773522
1534239894271555
1534239894272590
1534239894272619
1534239894273743
1534239894273876
1534239894273969
1534239894274624
1534239894274802
1534239894275535
1534239894275878
1534239894771552
1534239894772351
1534239894772503
1534239894772591
1534239894773285
1534239894773414
1534239894774285
1534239894775291
1534239894775929
1534239894775977
1534239894776091
1534239894776114
1534239894776178
1534239895271954
1534239895272028
1534239895273092
1534239895273194
1534239895273213
1534239895273307
1534239895273825
1534239895274315
1534239895274598
1534239895274765
1534239895274872
1534239895771729
1534239895772508
1534239895773006
1534239895773494
1534239895773591
1534239895773696
1534239895774516
1534239895774824
1534239895774848
1534239895775024
1534239895775134
1534239895775270
1534239896272381
1534239896273237
1534239896273522
1534239896274213
1534239896274521
1534239896274537
1534239896274640
1534239896274784
1534239896274863
1534239896275182
1534239896275440
1534239896275513
1534239896275590
1534239896772095
1534239896772459
1534239896772717
1534239896773478
1534239896773753
1534239896774914
1534239896775277
1534239896775462
1534239896775652
1534239897272356
1534239897272456
1534239897272471
1534239897273102
1534239897273648
1534239897274355
1534239897274859
1534239897275205
1534239897275331
1534239897275487
1534239897275596
1534239897771940
1534239897772315
1534239897772467
1534239897773690
1534239897773971
1534239897774397
1534239897774565
1534239897774836
1534239897774992
1534239897775598
1534239897775782
1534239897775856
1534239898272037
1534239898272209
1534239898272435
1534239898273190
1534239898273265
1534239898273313
1534239898273778
1534239898273881
1534239898273979
1534239898273995
1534239898274088
1534239898274130
1534239898274396
1534239898274508
1534239898773009
1534239898773102
1534239898773453
1534239898773630
1534239898774700
1534239898775267
1534239898775568
1534239898775642
1534239898775750
1534239898776179
1534239898776306
1534239899272451
1534239899272912
1534239899273902
1534239899274694
1534239899274849
1534239899275020
1534239899275145
1534239899275191
1534239899275639
1534239899275730
1534239899772316
1534239899773107
1534239899773220
1534239899773467
1534239899773762
1534239899773831
1534239899774001
1534239899774068
1534239899775178
1534239899775295
1534239899775951
1534239899776061
1534239899776216
1534239899776835
1534239900272451
1534239900272754
1534239900273007
1534239900273618
1534239900274197
1534239900274955
1534239900275332
1534239900275464
1534239900275728
1534239900772990
1534239900773523
1534239900774204
1534239900774272
1534239900774400
1534239900774866
1534239900775503
1534239900775700
1534239900775947
1534239900776055
1534239901272798
1534239901273178
1534239901273452
1534239901273677
1534239901274055
1534239901274294
1534239901274678
1534239901274990
1534239901275265
1534239901275449
1534239901275617
1534239901275637
1534239901275770
1534239901772305
1534239901772562
1534239901772978
1534239901773155
1534239901774211
1534239901774302
1534239901774376
1534239901774444
1534239901775215
1534239901775398
1534239901775556
1534239901776122
1534239901776391
1534239901776785
1534239902272719
1534239902273033
1534239902273089
1534239902274044
1534239902274518
1534239902274825
1534239902275548
1534239902276075
1534239902276385
1534239902276995
1534239902277042
