1534239803255492
1534239803256540
1534239803256947
1534239803257323
1534239803257348
1534239803257358
1534239803755997
1534239803757050
1534239803757311
1534239803757732
1534239803757883
1534239803757895
1534239804255314
1534239804257457
1534239804257497
1534239804257540
1534239804258184
1534239804258197
1534239804756300
1534239804756745
1534239804757577
1534239804758086
1534239804758371
1534239804758388
1534239805257890
1534239805258674
1534239805259268
1534239805259894
1534239805260023
1534239805260035
1534239805756384
1534239805757606
1534239805757802
1534239805758741
1534239805758768
1534239805758778
1534239806255904
1534239806256371
1534239806257042
1534239806258668
1534239806258693
1534239806258701
1534239806756246
1534239806757150
1534239806758069
1534239806758359
1534239806758500
1534239806758512
1534239807255637
1534239807256400
1534239807256830
1534239807257717
1534239807257767
1534239807257779
1534239807757200
1534239807758187
1534239807759090
1534239807759654
1534239807759683
1534239807759695
1534239808256129
1534239808256869
1534239808257552
1534239808258074
1534239808258100
1534239808258109
1534239808756573
1534239808757548
1534239808758585
1534239808759266
1534239808759368
1534239808759381
1534239809256612
1534239809257505
1534239809258199
1534239809258426
1534239809258537
1534239809258548
1534239809756955
1534239809758003
1534239809758741
1534239809759176
1534239809759227
1534239809759240
1534239810256903
1534239810257877
1534239810258293
1534239810258516
1534239810258537
1534239810258549
1534239810757490
1534239810758563
1534239810759553
1534239810759732
1534239810759792
1534239810759804
1534239811257725
1534239811257783
1534239811258290
1534239811258714
1534239811259064
1534239811259078
1534239811756662
1534239811758030
1534239811758754
1534239811759051
1534239811759106
1534239811759116
1534239812256589
1534239812257555
1534239812257598
1534239812258654
1534239812258679
1534239812258690
1534239812756982
1534239812757805
1534239812759256
1534239812759561
1534239812759590
1534239812759599
1534239813256689
1534239813257535
1534239813258502
1534239813259402
1534239813259459
1534239813259469
1534239813756767
1534239813757771
1534239813758536
1534239813759332
1534239813759381
1534239813759391
1534239814257412
1534239814258469
1534239814259621
1534239814259998
1534239814260020
1534239814260028
1534239814757248
1534239814759307
1534239814759747
1534239814759901
1534239814759963
1534239814759982
1534239815257382
1534239815257746
1534239815257942
1534239815258830
1534239815258861
1534239815258872
1534239815758105
1534239815758935
1534239815759191
1534239815760667
1534239815760727
1534239815760762
1534239816257196
1534239816258031
1534239816258461
1534239816259149
1534239816259181
1534239816259196
1534239816757370
1534239816757996
1534239816758940
1534239816759205
1534239816759318
1534239816759332
1534239817257525
1534239817258573
1534239817260037
1534239817260249
1534239817260268
1534239817758409
1534239817759448
1534239817759487
1534239817760138
1534239817760165
1534239817760176
1534239818259054
1534239818259232
1534239818259510
1534239818260297
1534239818260358
1534239818260371
1534239818758672
1534239818758725
1534239818760556
1534239818760909
1534239818760948
1534239818760963
1534239819257717
1534239819258812
1534239819260046
1534239819260300
1534239819260421
1534239819260432
1534239819758481
1534239819758841
1534239819759674
1534239819759840
1534239819759877
1534239819759890
1534239820259055
1534239820260626
1534239820260878
1534239820261162
1534239820261232
1534239820261243
1534239820758189
1534239820759474
1534239820760711
1534239820760881
1534239820760947
1534239820760959
1534239821258253
1534239821258841
1534239821260444
1534239821260613
1534239821260769
1534239821260780
1534239821758100
1534239821758794
1534239821759909
1534239821759961
1534239821760351
1534239821760365
1534239822258977
1534239822260244
1534239822260944
1534239822261184
1534239822261402
1534239822758497
1534239822759329
1534239822760213
1534239822760734
1534239822761067
1534239822761081
1534239823259851
1534239823260667
1534239823261574
1534239823261629
1534239823261648
1534239823759030
1534239823760030
1534239823760988
1534239823761488
1534239823761550
1534239823761562
1534239824258863
1534239824260506
1534239824260682
1534239824261254
1534239824261351
1534239824261362
1534239824758953
1534239824759545
1534239824760052
1534239824760690
1534239824760721
1534239824760732
1534239825258454
1534239825259352
1534239825259939
1534239825261065
1534239825261128
1534239825261144
1534239825759094
1534239825760030
1534239825760426
1534239825761743
1534239825761807
1534239825761822
1534239826259610
1534239826260632
1534239826261537
1534239826262065
1534239826262142
1534239826262151
1534239826759506
1534239826761014
1534239826761264
1534239826762269
1534239826762385
1534239826762397
1534239827259399
1534239827261086
1534239827262305
1534239827262695
1534239827262863
1534239827262875
1534239827760079
1534239827761333
1534239827762179
1534239827762532
1534239827762766
1534239827762778
1534239828260348
1534239828261235
1534239828262145
1534239828262659
1534239828262707
1534239828262717
1534239828760506
1534239828761412
1534239828762384
1534239828762684
1534239828762708
1534239828762731
1534239829260850
1534239829261761
1534239829262987
1534239829263020
1534239829263035
1534239829263043
1534239829759598
1534239829760732
1534239829761571
1534239829762184
1534239829762211
1534239829762220
1534239830260668
1534239830261419
1534239830261898
1534239830262514
1534239830262636
1534239830262645
1534239830759968
1534239830760931
1534239830761428
1534239830761723
1534239830761786
1534239830761796
1534239831260598
1534239831260971
1534239831262096
1534239831262964
1534239831263148
1534239831263160
1534239831760089
1534239831760569
1534239831761627
1534239831762339
1534239831762416
1534239831762427
1534239832260194
1534239832261886
1534239832263142
1534239832263207
1534239832263305
1534239832263331
1534239832761519
1534239832762451
1534239832762803
1534239832763240
1534239832763286
1534239832763297
1534239833261265
1534239833262886
1534239833262928
1534239833263729
1534239833263828
1534239833263839
1534239833760962
1534239833761586
1534239833762012
1534239833763264
1534239833763369
1534239833763380
1534239834260801
1534239834261852
1534239834262834
1534239834263501
1534239834263522
1534239834263531
1534239834761610
1534239834762610
1534239834762754
1534239834763565
1534239834763587
1534239834763596
1534239835261402
1534239835261754
1534239835262650
1534239835263376
1534239835263492
1534239835263506
1534239835761483
1534239835762091
1534239835762832
1534239835763246
1534239835763437
1534239835763450
1534239836261363
1534239836262596
1534239836263146
1534239836263560
1534239836263710
1534239836263720
1534239836761934
1534239836762527
1534239836762890
1534239836764144
1534239836764192
1534239836764201
1534239837260811
1534239837261803
1534239837263492
1534239837264103
1534239837264276
1534239837264290
1534239837762543
1534239837763722
1534239837764891
1534239837765040
1534239837765110
1534239837765122
1534239838261466
1534239838263478
1534239838264069
1534239838264266
1534239838264374
1534239838264385
1534239838761580
1534239838762254
1534239838763432
1534239838763645
1534239838763695
1534239838763709
1534239839262979
1534239839264959
1534239839265008
1534239839265364
1534239839265396
1534239839265409
1534239839763672
1534239839764767
1534239839766057
1534239839766329
1534239839766369
1534239839766382
1534239840262819
1534239840263019
1534239840264117
1534239840264964
1534239840265197
1534239840265208
1534239840762241
1534239840763270
1534239840764496
1534239840765177
1534239840765408
1534239840765420
1534239841263850
1534239841265354
1534239841266085
1534239841267061
1534239841267344
1534239841267361
1534239841762447
1534239841762967
1534239841763713
1534239841764542
1534239841764680
1534239841764692
1534239842263706
1534239842264735
1534239842265244
1534239842265328
1534239842265400
1534239842265413
1534239842763537
1534239842764182
1534239842764613
1534239842766381
1534239842766510
1534239842766527
1534239843263840
1534239843263893
1534239843264571
1534239843266024
1534239843266050
1534239843266070
1534239843764417
1534239843765259
1534239843765355
1534239843766556
1534239843766678
1534239843766690
1534239844263403
1534239844264679
1534239844265199
1534239844265357
1534239844265376
1534239844763131
1534239844763728
1534239844765525
1534239844766127
1534239844766157
1534239844766169
1534239845263558
1534239845265646
1534239845266292
1534239845266462
1534239845266526
1534239845266537
1534239845762963
1534239845763797
1534239845764623
1534239845764939
1534239845765189
1534239845765203
1534239846263062
1534239846264281
1534239846265152
1534239846266326
1534239846266728
1534239846266743
1534239846763741
1534239846764333
1534239846765095
1534239846765303
1534239846765471
1534239846765483
1534239847264077
1534239847265117
1534239847265715
1534239847266194
1534239847266318
1534239847266333
1534239847763943
1534239847764847
1534239847765168
1534239847765501
1534239847765523
1534239847765530
1534239848263890
1534239848265469
1534239848266563
1534239848267190
1534239848267282
1534239848267295
1534239848763458
1534239848764358
1534239848764880
1534239848765418
1534239848765482
1534239848765496
1534239849266048
1534239849266095
1534239849267181
1534239849267880
1534239849268189
1534239849268203
1534239849764657
1534239849765362
1534239849766203
1534239849766792
1534239849766917
1534239849766931
1534239850263674
1534239850265446
1534239850266428
1534239850266968
1534239850267257
1534239850267273
1534239850764642
1534239850765819
1534239850767346
1534239850767511
1534239850767534
1534239850767546
1534239851264345
1534239851265070
1534239851265629
1534239851265904
1534239851265991
1534239851266005
1534239851763892
1534239851766627
1534239851767797
1534239851768067
1534239851768199
1534239851768211
1534239852265954
1534239852266286
1534239852267016
1534239852267147
1534239852267280
1534239852267292
1534239852764158
1534239852765190
1534239852765914
1534239852766747
1534239852767196
1534239852767211
1534239853265117
1534239853266014
1534239853266421
1534239853267101
1534239853267173
1534239853267184
1534239853765016
1534239853765825
1534239853766530
1534239853767295
1534239853767650
1534239853767668
1534239854265166
1534239854265494
1534239854266338
1534239854266458
1534239854266482
1534239854266492
1534239854764989
1534239854765881
1534239854766805
1534239854767950
1534239854767979
1534239854767992
1534239855265788
1534239855267265
1534239855268126
1534239855268824
1534239855269025
1534239855269040
1534239855765903
1534239855767019
1534239855768827
1534239855769065
1534239855769118
1534239855769129
1534239856265587
1534239856266493
1534239856267974
1534239856268166
1534239856268249
1534239856268261
1534239856765177
1534239856765989
1534239856766898
1534239856768650
1534239856768717
1534239856768729
1534239857267314
1534239857267858
1534239857268838
1534239857269286
1534239857269308
1534239857269318
1534239857766181
1534239857767681
1534239857768657
1534239857769372
1534239857769540
1534239857769554
1534239858266954
1534239858267664
1534239858268143
1534239858268502
1534239858268590
1534239858268602
1534239858769273
1534239858769324
1534239858769368
1534239858769409
1534239858769430
1534239858769443
1534239859266863
1534239859267150
1534239859267504
1534239859267850
1534239859268063
1534239859268076
1534239859765134
1534239859765815
1534239859766870
1534239859767434
1534239859767467
1534239859767478
1534239860266613
1534239860267167
1534239860268331
1534239860268526
1534239860268603
1534239860268616
1534239860766818
1534239860768070
1534239860768108
1534239860768931
1534239860769101
1534239860769113
1534239861267496
1534239861268136
1534239861268560
1534239861269198
1534239861269288
1534239861269303
1534239861766940
1534239861767981
1534239861768452
1534239861769444
1534239861769682
1534239861769695
1534239862266661
1534239862267168
1534239862267635
1534239862268031
1534239862268055
1534239862766963
1534239862767552
1534239862768003
1534239862768165
1534239862768256
1534239862768267
1534239863266881
1534239863268562
1534239863269272
1534239863269525
1534239863269551
1534239863269561
1534239863766193
1534239863767883
1534239863769103
1534239863769621
1534239863769672
1534239863769682
1534239864266293
1534239864267113
1534239864268217
1534239864268571
1534239864268594
1534239864268604
1534239864766007
1534239864767712
1534239864768682
1534239864768984
1534239864769093
1534239864769106
1534239865266676
1534239865267720
1534239865268051
1534239865268426
1534239865268458
1534239865767409
1534239865767949
1534239865768788
1534239865769038
1534239865769098
1534239865769112
1534239866267068
1534239866267758
1534239866268320
1534239866268655
1534239866268747
1534239866268760
1534239866767387
1534239866768294
1534239866768638
1534239866768940
1534239866768995
1534239866769009
1534239867267987
1534239867268979
1534239867269469
1534239867269981
1534239867270167
1534239867270181
1534239867768260
1534239867769073
1534239867769354
1534239867769825
1534239867770305
1534239867770319
1534239868268509
1534239868269132
1534239868269878
1534239868270027
1534239868270082
1534239868270094
1534239868767471
1534239868767509
1534239868768779
1534239868769463
1534239868769488
1534239868769499
1534239869268137
1534239869268178
1534239869268859
1534239869269798
1534239869269901
1534239869269914
1534239869767610
1534239869769563
1534239869770737
1534239869771074
1534239869771099
1534239869771109
1534239870267961
1534239870268908
1534239870269217
1534239870269792
1534239870270008
1534239870270024
1534239870769070
1534239870769782
1534239870770047
1534239870770663
1534239870770755
1534239870770767
1534239871268799
1534239871269396
1534239871269721
1534239871270418
1534239871270574
1534239871270587
1534239871769039
1534239871770111
1534239871770878
1534239871770932
1534239871771645
1534239871771660
1534239872268243
1534239872269939
1534239872270734
1534239872271052
1534239872271077
1534239872271087
1534239872770079
1534239872771596
1534239872772257
1534239872772571
1534239872772642
1534239872772655
1534239873268800
1534239873269264
1534239873270877
1534239873271445
1534239873271478
1534239873768354
1534239873769595
1534239873770645
1534239873770871
1534239873770912
1534239873770927
1534239874269483
1534239874270781
1534239874271761
1534239874271983
1534239874272055
1534239874272068
1534239874769845
1534239874770412
1534239874771452
1534239874771855
1534239874772450
1534239874772464
1534239875269063
1534239875269972
1534239875270812
1534239875271549
1534239875271790
1534239875271805
1534239875768531
1534239875770733
1534239875770784
1534239875771286
1534239875771526
1534239875771539
1534239876269733
1534239876270591
1534239876270937
1534239876271738
1534239876271775
1534239876271789
1534239876769257
1534239876769673
1534239876770677
1534239876771020
1534239876771240
1534239876771256
1534239877269523
1534239877270877
1534239877271601
1534239877272472
1534239877272534
1534239877272545
1534239877770278
1534239877771351
1534239877772301
1534239877772541
1534239877772608
1534239877772638
1534239878270754
1534239878271559
1534239878272025
1534239878272531
1534239878272788
1534239878272802
1534239878769755
1534239878770335
1534239878771450
1534239878771878
1534239878772074
1534239878772086
1534239879270238
1534239879270474
1534239879271967
1534239879272918
1534239879272947
1534239879769562
1534239879770431
1534239879771451
1534239879771837
1534239879771862
1534239879771873
1534239880270028
1534239880270562
1534239880271600
1534239880273136
1534239880273390
1534239880273406
1534239880769945
1534239880771670
1534239880772364
1534239880772778
1534239880772805
1534239880772815
1534239881270514
1534239881271581
1534239881272118
1534239881273116
1534239881273496
1534239881273510
1534239881770285
1534239881771225
1534239881771675
1534239881772252
1534239881772376
1534239881772389
1534239882270422
1534239882271402
1534239882271966
1534239882272498
1534239882272544
1534239882272556
1534239882770591
1534239882771358
1534239882772495
1534239882772832
1534239882773178
1534239882773192
1534239883270681
1534239883271211
1534239883272296
1534239883272532
1534239883272721
1534239883272732
1534239883770932
1534239883772026
1534239883772956
1534239883773147
1534239883773211
1534239883773224
1534239884269912
1534239884271162
1534239884271919
1534239884272881
1534239884273135
1534239884273149
1534239884770483
1534239884772301
1534239884772855
1534239884773669
1534239884773794
1534239884773807
1534239885271398
1534239885271588
1534239885272849
1534239885273643
1534239885273666
1534239885273673
1534239885770028
1534239885770964
1534239885771564
1534239885772272
1534239885772295
1534239885772304
1534239886270342
1534239886271152
1534239886271802
1534239886272052
1534239886272127
1534239886272139
1534239886771205
1534239886772267
1534239886773304
1534239886773577
1534239886773660
1534239886773676
1534239887271489
1534239887272395
1534239887273444
1534239887273917
1534239887274008
1534239887274021
1534239887770581
1534239887771097
1534239887771919
1534239887773499
1534239887773838
1534239887773851
1534239888272002
1534239888273246
1534239888274403
1534239888274581
1534239888274646
1534239888274658
1534239888771424
1534239888772506
1534239888773874
1534239888774149
1534239888774268
1534239888774285
1534239889271155
1534239889272247
1534239889273136
1534239889273590
1534239889273920
1534239889273932
1534239889771272
1534239889771568
1534239889772387
1534239889773137
1534239889773228
1534239889773240
1534239890271510
1534239890272105
1534239890272811
1534239890273436
1534239890273735
1534239890273749
1534239890772350
1534239890773536
1534239890773848
1534239890774736
1534239890774765
1534239890774786
1534239891272043
1534239891273044
1534239891274545
1534239891274586
1534239891274606
1534239891772958
1534239891773496
1534239891774610
1534239891775022
1534239891775175
1534239891775194
1534239892271539
1534239892272777
1534239892273504
1534239892274052
1534239892274249
1534239892274268
1534239892773183
1534239892773231
1534239892774236
1534239892774451
1534239892774896
1534239892774912
1534239893272439
1534239893272527
1534239893274155
1534239893275097
1534239893275124
1534239893275134
1534239893772447
1534239893772941
1534239893773330
1534239893773499
1534239893773546
1534239893773558
1534239894272765
1534239894274055
1534239894274880
1534239894275898
1534239894275924
1534239894772556
1534239894774453
1534239894775974
1534239894776139
1534239894776196
1534239894776207
1534239895273157
1534239895273340
1534239895274369
1534239895274841
1534239895274934
1534239895274947
1534239895773383
1534239895773757
1534239895774870
1534239895775210
1534239895775289
1534239895775301
1534239896273322
1534239896274327
1534239896274678
1534239896275561
1534239896275607
1534239896275618
1534239896772872
1534239896773797
1534239896775304
1534239896775739
1534239896775762
1534239896775771
1534239897273784
1534239897274522
1534239897275322
1534239897275543
1534239897275665
1534239897275677
1534239897772849
1534239897774096
1534239897774666
1534239897775844
1534239897775873
1534239897775884
1534239898272484
1534239898273298
1534239898274027
1534239898274549
1534239898274577
1534239898274587
1534239898773484
1534239898775040
1534239898775624
1534239898776254
1534239898776324
1534239898776335
1534239899273062
1534239899274882
1534239899275399
1534239899275675
1534239899275764
1534239899275782
1534239899773272
1534239899774064
1534239899775331
1534239899776252
1534239899776893
1534239899776906
1534239900272835
1534239900273664
1534239900275169
1534239900275632
1534239900275812
1534239900275828
1534239900773750
1534239900774441
1534239900775537
1534239900776062
1534239900776097
1534239900776108
1534239901273776
1534239901274784
1534239901275789
1534239901275840
1534239901275868
1534239901275882
1534239901773022
1534239901774377
1534239901775431
1534239901776477
1534239901776810
1534239901776826
1534239902273139
1534239902275138
1534239902276309
1534239902277111
1534239902277140
1534239902277150
