1534239805260296
1534239806258130
1534239806758048
1534239807257859
1534239807758818
1534239808258559
1534239808758421
1534239809258475
1534239810258859
1534239811259315
1534239812258873
1534239813258999
1534239813759166
1534239815260118
1534239815760314
1534239816259268
1534239816759554
1534239817759908
1534239818260612
1534239818760487
1534239819760283
1534239821760510
1534239822760689
1534239823261508
1534239823760612
1534239824761183
1534239825260292
1534239825761244
1534239826261786
1534239828261870
1534239828762452
1534239830262368
1534239830762254
1534239831262616
1534239831761919
1534239832763555
1534239833763179
1534239834763296
1534239835263240
1534239835763352
1534239836763882
1534239840264798
1534239841764742
1534239842265933
1534239842765507
1534239843266136
1534239843766676
1534239845765408
1534239846765688
1534239847766044
1534239848765725
1534239849267847
1534239849767022
1534239851266424
1534239852267809
1534239853267301
1534239853767481
1534239854267288
1534239854766591
1534239858268973
1534239858770739
1534239859268646
1534239859767607
1534239860268212
1534239861269254
1534239862268598
1534239862768990
1534239864268891
1534239865769547
1534239866269278
1534239866769299
1534239867269716
1534239867770339
1534239868270461
1534239868769693
1534239869270489
1534239870270009
1534239870771072
1534239871270951
1534239874771717
1534239875271305
1534239876771422
1534239878272693
1534239878771918
1534239879272751
1534239879772040
1534239881772288
1534239882272331
1534239882773070
1534239883272748
1534239885772839
1534239886272582
1534239887273149
1534239887773047
1534239889773452
1534239890273398
1534239891775055
1534239892774874
1534239893274561
1534239893775257
1534239895275511
1534239895775759
1534239896275151
1534239897275758
1534239898274928
1534239900776044
1534239901275651
