1534168833982340
1534168834982492
1534168836982809
1534168837482890
1534168838983092
1534168839483164
1534168839983233
1534168840483299
1534168840983370
1534168841483441
1534168841983509
1534168842483591
1534168843483732
1534168843983801
1534168844483883
1534168844983956
1534168845984099
1534168846484185
1534168846984253
1534168847484320
1534168847984394
1534168848484462
1534168849484602
1534168849984669
1534168850484749
1534168850984817
1534168851484888
1534168852485040
1534168852985118
1534168853485190
1534168853985259
1534168854485341
1534168854985409
1534168855485482
1534168855985549
1534168856485621
1534168856985702
1534168857485771
1534168857985857
1534168858485942
1534168860986298
1534168862986566
1534168863486643
1534168863986709
1534168864986851
1534168865486921
1534168866487081
1534168866987147
1534168867487215
1534168867987300
1534168868487377
1534168869987580
1534168870487659
1534168870987749
1534168872487965
1534168873488104
1534168873988171
1534168874488247
1534168875488382
1534168875988445
1534168876988598
1534168877488671
1534168877988743
1534168879488978
1534168881489298
1534168881989384
1534168882989527
1534168883489591
1534168883989667
1534168884489737
1534168884989804
1534168885489881
1534168887490177
1534168888990426
1534168889490505
1534168890990727
1534168891990881
1534168892490951
1534168892991048
1534168893991190
1534168894491259
1534168894991335
1534168895991467
1534168897491672
1534168897991737
1534168899992074
1534168900992220
1534168901992359
1534168904492729
1534168905992953
1534168906493020
1534168906993121
1534168907993261
1534168908493341
1534168908993426
1534168909493497
1534168910993712
1534168911993872
1534168912994021
1534168913494094
1534168914994309
1534168915494375
1534168916494518
1534168916994564
1534168917994716
1534168918494784
1534168919494918
1534168920495088
1534168920995156
1534168921995300
1534168922495371
1534168923495518
1534168924995718
1534168925495801
1534168925995873
1534168926495975
1534168926996040
1534168927496106
1534168927996191
1534168928996356
1534168929496425
1534168930496574
1534168931496718
1534168931996784
1534168932496865
