1534168833482769
1534168833483121
1534168833483227
1534168833483289
1534168833982996
1534168833983110
1534168833983189
1534168834482969
1534168834483175
1534168834983050
1534168834983106
1534168835483010
1534168835483129
1534168835483189
1534168835983276
1534168835983423
1534168836483248
1534168836483383
1534168836483500
1534168836983576
1534168836983721
1534168837484097
1534168837484183
1534168837983688
1534168837983739
1534168838483667
1534168838483741
1534168838983682
1534168838983843
1534168839483717
1534168839483896
1534168839983673
1534168839983755
1534168839983869
1534168840484116
1534168840484144
1534168840484202
1534168840983950
1534168840984064
1534168840984314
1534168840984393
1534168841484227
1534168841484277
1534168841984756
1534168841984843
1534168842484124
1534168842484232
1534168842984083
1534168842984260
1534168842984372
1534168843484306
1534168843484397
1534168843484473
1534168843984397
1534168843984479
1534168844484474
1534168844484616
1534168844484724
1534168844984740
1534168844984815
1534168845484370
1534168845484643
1534168845484752
1534168845984900
1534168845985008
1534168846484718
1534168846484768
1534168846485088
1534168846485186
1534168846985096
1534168846985177
1534168847484728
1534168847484883
1534168847484977
1534168847985311
1534168847985396
1534168848484825
1534168848484867
1534168848484969
1534168848484997
1534168848485011
1534168848985374
1534168848985435
1534168849484994
1534168849485052
1534168849485361
1534168849485382
1534168849985651
1534168849985756
1534168850485376
1534168850485389
1534168850485542
1534168850485610
1534168850985870
1534168850985913
1534168851485345
1534168851485617
1534168851485725
1534168851985925
1534168851986016
1534168852485817
1534168852485906
1534168852985797
1534168852985862
1534168852985887
1534168852985947
1534168853485716
1534168853485939
1534168853985779
1534168853986036
1534168853986098
1534168854485879
1534168854485968
1534168854486013
1534168854985900
1534168854985976
1534168854986044
1534168854986099
1534168855486089
1534168855486287
1534168855986337
1534168855986515
1534168855986632
1534168856486274
1534168856486324
1534168856986424
1534168856986465
1534168857486298
1534168857486492
1534168857986547
1534168857986570
1534168857986592
1534168857986667
1534168857986768
1534168858486643
1534168858486753
1534168858486848
1534168858986588
1534168858986707
1534168858986779
1534168859486488
1534168859486577
1534168859486660
1534168859986905
1534168859986932
1534168859986938
1534168860486762
1534168860486778
1534168860486830
1534168860486854
1534168860986886
1534168860987041
1534168861486796
1534168861486845
1534168861487119
1534168861986931
1534168861986998
1534168861987014
1534168861987146
1534168862487149
1534168862487268
1534168862987050
1534168862987178
1534168862987299
1534168862987389
1534168863487088
1534168863487226
1534168863487256
1534168863987135
1534168863987254
1534168863987506
1534168864487286
1534168864487379
1534168864487763
1534168864487827
1534168864987376
1534168864987471
1534168864987833
1534168864987882
1534168865487422
1534168865487435
1534168865487494
1534168865987597
1534168865987678
1534168865987846
1534168866488021
1534168866488092
1534168866987625
1534168866987964
1534168866988080
1534168867487771
1534168867487912
1534168867488009
1534168867988075
1534168867988154
1534168868487836
1534168868487886
1534168868487900
1534168868488339
1534168868488396
1534168868987878
1534168868987931
1534168868988106
1534168869488173
1534168869488292
1534168869488410
1534168869988304
1534168869988398
1534168870488024
1534168870488095
1534168870488217
1534168870488383
1534168870988574
1534168870988913
1534168870989011
1534168871488537
1534168871488651
1534168871988293
1534168871988434
1534168871988844
1534168871988861
1534168872488390
1534168872488465
1534168872488684
1534168872488744
1534168872988917
1534168872989113
1534168872989194
1534168873488491
1534168873488603
1534168873488661
1534168873488750
1534168873488995
1534168873988710
1534168873988959
1534168873989101
1534168874488838
1534168874488851
1534168874489093
1534168874988811
1534168874988989
1534168874989070
1534168875488874
1534168875489000
1534168875489118
1534168875988870
1534168875988900
1534168875989020
1534168875989099
1534168876489312
1534168876489413
1534168876989274
1534168876989448
1534168876989529
1534168877489143
1534168877489314
1534168877489418
1534168877989290
1534168877989466
1534168877989491
1534168877989526
1534168878489452
1534168878489516
1534168878489614
1534168878989461
1534168878989531
1534168878989641
1534168879489798
1534168879489859
1534168879489951
1534168879989457
1534168879989672
1534168879989910
1534168880489676
1534168880489827
1534168880489911
1534168880989870
1534168880989978
1534168881489772
1534168881490042
1534168881490209
1534168881989945
1534168881990015
1534168881990093
1534168882490267
1534168882490420
1534168882990050
1534168882990236
1534168882990366
1534168883490364
1534168883490434
1534168883990156
1534168883990265
1534168883990394
1534168884490129
1534168884490234
1534168884490504
1534168884490549
1534168884990557
1534168884990707
1534168884990841
1534168885490559
1534168885490635
1534168885490751
1534168885990489
1534168885990606
1534168885990725
1534168886490536
1534168886490598
1534168886490809
1534168886990551
1534168886990715
1534168886990780
1534168887490783
1534168887490894
1534168887990971
1534168887991012
1534168888490710
1534168888490827
1534168888490887
1534168888490988
1534168888990886
1534168888990910
1534168888991004
1534168889491353
1534168889491483
1534168889991158
1534168889991264
1534168889991343
1534168890491292
1534168890491482
1534168890491582
1534168890991304
1534168890991421
1534168891491705
1534168891492018
1534168891991806
1534168891991870
1534168892491479
1534168892491616
1534168892991734
1534168892991835
1534168893491734
1534168893491789
1534168893991683
1534168893991804
1534168894492030
1534168894492113
1534168894492141
1534168894492234
1534168894991710
1534168894991963
1534168894992185
1534168894992276
1534168895491936
1534168895492080
1534168895492110
1534168895492194
1534168895991816
1534168895991880
1534168895992297
1534168895992349
1534168896492241
1534168896492299
1534168896992227
1534168896992293
1534168897492582
1534168897492631
1534168897992222
1534168897992707
1534168897992778
1534168898492667
1534168898492689
1534168898492705
1534168898492753
1534168898992521
1534168898992680
1534168899493088
1534168899493160
1534168899992817
1534168899992902
1534168899992942
1534168900492589
1534168900492881
1534168900492924
1534168900992836
1534168900992942
1534168900993063
1534168901492979
1534168901493062
1534168901493123
1534168901993271
1534168901993318
1534168901993430
1534168902493483
1534168902493502
1534168902493564
1534168902993303
1534168902993363
1534168903493577
1534168903493659
1534168903993263
1534168903993397
1534168903993424
1534168903993494
1534168904493668
1534168904493729
1534168904993509
1534168904993568
1534168905493545
1534168905493733
1534168905493815
1534168905993748
1534168905993852
1534168906493430
1534168906493624
1534168906493673
1534168906993530
1534168906993708
1534168907494228
1534168907494267
1534168907993875
1534168907994044
1534168907994174
1534168908494011
1534168908494126
1534168908993971
1534168908994169
1534168908994247
1534168909494020
1534168909494140
1534168909494163
1534168909494218
1534168909994015
1534168909994085
1534168909994326
1534168909994648
1534168910494487
1534168910494577
1534168910994197
1534168910994345
1534168910994429
1534168911494410
1534168911494473
1534168911494492
1534168911494505
1534168911994259
1534168911994468
1534168911994582
1534168912494455
1534168912494467
1534168912494658
1534168912994579
1534168912994709
1534168912994789
1534168913494609
1534168913494712
1534168913994887
1534168913994990
1534168913995013
1534168913995083
1534168914494599
1534168914494783
1534168914494923
1534168914994901
1534168914995041
1534168914995065
1534168914995136
1534168915494926
1534168915494996
1534168915495108
1534168915994994
1534168915995064
1534168915995275
1534168916495000
1534168916495110
1534168916495223
1534168916995004
1534168916995067
1534168916995465
1534168916995535
1534168917494994
1534168917495369
1534168917495453
1534168917995405
1534168917995494
1534168918495286
1534168918495435
1534168918495638
1534168918995818
1534168918995934
1534168919495954
1534168919496033
1534168919996069
1534168919996129
1534168920495491
1534168920495599
1534168920495745
1534168920495846
1534168920995700
1534168920996005
1534168920996047
1534168921495835
1534168921495948
1534168921496049
1534168921995801
1534168921996022
1534168922496578
1534168922496674
1534168922996320
1534168922996380
1534168922996494
1534168923496346
1534168923496357
1534168923496370
1534168923496485
1534168923996287
1534168923996393
1534168924496223
1534168924496366
1534168924996371
1534168924996509
1534168924996671
1534168925496327
1534168925496673
1534168925496771
1534168925996850
1534168925996929
1534168926496531
1534168926496694
1534168926996637
1534168926996741
1534168927496778
1534168927496876
1534168927996745
1534168927996846
1534168928496687
1534168928496763
1534168928497263
1534168928497336
1534168928997065
1534168928997130
1534168928997212
1534168929497037
1534168929497143
1534168929497226
1534168929997001
1534168929997097
1534168929997440
1534168929997491
1534168930497162
1534168930497410
1534168930497523
1534168930997365
1534168930997418
1534168931497563
1534168931497673
1534168931997478
1534168931997553
1534168931997654
1534168932497334
1534168932497442
1534168932497529
