1534168833983566
1534168834983574
1534168836984107
1534168837484547
1534168838984190
1534168839484225
1534168839984248
1534168840484588
1534168840984545
1534168841485005
1534168841985205
1534168842484820
1534168843484914
1534168843984867
1534168844485047
1534168844985204
1534168845985416
1534168846485450
1534168846985593
1534168847485356
1534168847985790
1534168848485512
1534168849485815
1534168849986138
1534168850485950
1534168850986360
1534168851486046
1534168852486290
1534168852986324
1534168853486238
1534168853986629
1534168854486450
1534168854986822
1534168855486581
1534168855986975
1534168856486836
1534168856986940
1534168857487055
1534168857987508
1534168858487401
1534168860987432
1534168862987845
1534168863487660
1534168863987836
1534168864987978
1534168865487925
1534168866488487
1534168866988430
1534168867488387
1534168867988678
1534168868488620
1534168869988797
1534168870488705
1534168870989354
1534168872489202
1534168873489206
1534168873989456
1534168874489392
1534168874989429
1534168875489504
1534168875989941
1534168876489814
1534168876989935
1534168877489841
1534168877989911
1534168879490282
1534168881490804
1534168881990436
1534168882490764
1534168882990754
1534168883491053
1534168883990732
1534168884490739
1534168884991188
1534168885491106
1534168886991252
1534168887491256
1534168888991429
1534168889491840
1534168889991583
1534168890491940
1534168890991804
1534168891992371
1534168892492028
1534168892992286
1534168893992173
1534168894492597
1534168894992505
1534168895992377
1534168897493260
1534168897993188
1534168899493554
1534168899993337
1534168900993443
1534168901993710
1534168904494124
1534168905494214
1534168905994199
1534168906494180
1534168906994087
1534168907494894
1534168907994497
1534168908494547
1534168908994825
1534168909494686
1534168910994818
1534168911994913
1534168912995171
1534168913495142
1534168914995513
1534168915495446
1534168916495614
1534168916995642
1534168917995880
1534168918495949
1534168918996279
1534168919496470
1534168920496120
1534168920996182
1534168921996467
1534168922497002
1534168923496800
1534168924496726
1534168924997043
1534168925497128
1534168925997347
1534168926497098
1534168926997090
1534168927497302
1534168927997589
1534168928997643
1534168929497633
1534168930497904
1534168930997834
1534168931498066
1534168931997981
1534168932497923
