1532015965556883
1532015966056959
1532015966557031
1532015967057115
1532015967557188
1532015968057260
1532015968557330
1532015969057417
1532015969557491
1532015970057570
1532015970557663
1532015971057737
1532015971557808
1532015972057887
1532015972557960
1532015973058032
1532015973558103
1532015974058176
1532015974558245
1532015975058322
1532015975558393
1532015976058465
1532015976558535
1532015977058620
1532015977558711
1532015978058789
1532015978558858
1532015979058931
1532015979559003
1532015980559159
1532015981059230
1532015981559302
1532015982059384
1532015982559479
1532015983059555
1532015983559626
1532015984059711
1532015984559780
1532015985059855
1532015985559929
1532015986060004
1532015986560083
1532015987060156
1532015987560231
1532015988060304
1532015988560372
1532015989060444
1532015989560518
1532015990060594
1532015990560711
1532015991060785
1532015991560865
1532015992060941
1532015992561059
1532015993061140
1532015993561236
1532015994061324
1532015994561398
1532015995061468
1532015995561538
1532015996061610
1532015996561684
1532015997061808
1532015997561887
1532015998061965
1532015998562038
1532015999062119
1532015999562194
1532016000062270
1532016000562350
1532016001062436
1532016001562517
1532016002062598
1532016002562688
1532016003062763
1532016003562837
1532016004062910
1532016004562987
1532016005063075
1532016006063243
1532016006563319
1532016007063392
1532016007563469
1532016008063574
1532016008563654
1532016009063724
1532016010063871
1532016010563972
1532016011064047
1532016011564132
1532016012064210
1532016012564290
1532016013064369
1532016013564449
1532016014064527
1532016014564603
1532016015064689
1532016015564762
1532016016064837
1532016016564917
1532016017065013
1532016017565096
1532016018065170
1532016018565259
1532016019065339
1532016019565421
1532016020065499
1532016020565573
1532016021065652
1532016021565729
1532016022065810
1532016022565882
1532016023065960
1532016023566035
1532016024066112
1532016024566191
1532016025066265
1532016025566340
1532016026066419
1532016026566494
1532016027066580
1532016027566657
1532016028066738
1532016028566822
1532016029066926
1532016029567000
1532016030067077
1532016030567155
1532016031067232
1532016031567311
1532016032067386
1532016032567460
1532016033567612
1532016034067696
1532016034567773
1532016035067853
1532016035567930
1532016036068018
1532016036568098
1532016037068179
1532016038068376
1532016038568451
1532016039068521
1532016039568614
1532016040068709
1532016040568789
1532016041068864
1532016041568960
1532016042069036
1532016042569118
1532016043069196
1532016043569271
1532016044069351
1532016044569489
1532016045069568
1532016045569647
1532016046069763
1532016046569839
1532016047069913
1532016047569983
1532016048070059
1532016048570135
1532016049570286
1532016050070371
1532016050570481
1532016051070562
1532016051570642
1532016052070725
1532016052570805
1532016053070982
1532016053571058
1532016054071138
1532016054571215
1532016055071289
1532016055571365
1532016056071442
1532016056571535
1532016057071609
1532016057571686
1532016058071762
1532016058571865
1532016059071947
1532016059572027
1532016060072108
1532016060572186
1532016061072276
1532016061572359
1532016062072442
1532016062572524
1532016063072602
1532016064072755
1532016064572836
1532016065072914
