1532015965557402
1532015965557451
1532015966057502
1532015966057529
1532015966557447
1532015966557464
1532015967057481
1532015967057504
1532015967557574
1532015967557599
1532015968057643
1532015968057665
1532015968557701
1532015968557722
1532015969057817
1532015969057840
1532015969557907
1532015969557926
1532015970057929
1532015970057962
1532015970558103
1532015970558138
1532015971058107
1532015971058124
1532015971558171
1532015971558196
1532015972058210
1532015972058234
1532015972558308
1532015972558327
1532015973058403
1532015973058428
1532015973558461
1532015973558478
1532015974058473
1532015974058496
1532015974558594
1532015974558611
1532015975058643
1532015975058661
1532015975558722
1532015975558742
1532015976058777
1532015976058795
1532015976558889
1532015976558909
1532015977059109
1532015977059135
1532015977559067
1532015977559087
1532015978059109
1532015978059128
1532015978559219
1532015978559237
1532015979059296
1532015979059315
1532015979559367
1532015979559387
1532015980059424
1532015980059442
1532015980559456
1532015980559477
1532015981059567
1532015981059585
1532015981559640
1532015981559662
1532015982059746
1532015982059764
1532015982559849
1532015982559868
1532015983059938
1532015983059959
1532015983559967
1532015983559985
1532015984060048
1532015984060066
1532015984560142
1532015984560160
1532015985060203
1532015985060223
1532015985560286
1532015985560316
1532015986060401
1532015986060421
1532015986560471
1532015986560490
1532015987060542
1532015987060564
1532015987560577
1532015987560596
1532015988060667
1532015988060694
1532015988560694
1532015988560711
1532015989060827
1532015989060848
1532015989560893
1532015989560916
1532015990060995
1532015990061015
1532015990561189
1532015990561217
1532015991061249
1532015991061270
1532015991561380
1532015991561403
1532015992061334
1532015992061356
1532015992561499
1532015992561520
1532015993061573
1532015993061594
1532015993561712
1532015993561734
1532015994061763
1532015994061787
1532015994561868
1532015994561894
1532015995061838
1532015995061863
1532015995561935
1532015995561962
1532015996062009
1532015996062030
1532015996562091
1532015996562121
1532015997062835
1532015997062862
1532015997562431
1532015997562452
1532015998062348
1532015998062382
1532015998562437
1532015998562463
1532015999062564
1532015999062587
1532015999562518
1532015999562541
1532016000062679
1532016000062701
1532016000562762
1532016000562793
1532016001062811
1532016001062833
1532016001562945
1532016001562968
1532016002063057
1532016002063085
1532016002563376
1532016002563402
1532016003063227
1532016003063251
1532016003563229
1532016003563250
1532016004063299
1532016004063323
1532016004563403
1532016004563429
1532016005063459
1532016005063485
1532016005563566
1532016005563589
1532016005563679
1532016006063678
1532016006063700
1532016006563728
1532016006563748
1532016007063851
1532016007063882
1532016007563857
1532016007563878
1532016008063920
1532016008063944
1532016008564057
1532016008564086
1532016009064153
1532016009064173
1532016009564186
1532016009564206
1532016010064227
1532016010064246
1532016010564466
1532016010564491
1532016011064485
1532016011064506
1532016011564617
1532016011564641
1532016012064809
1532016012064840
1532016012564651
1532016012564672
1532016013064782
1532016013064802
1532016013564912
1532016013564934
1532016014064949
1532016014064970
1532016014565042
1532016014565064
1532016015065136
1532016015065158
1532016015565231
1532016015565260
1532016016065325
1532016016065347
1532016016565384
1532016016565408
1532016017065397
1532016017065419
1532016017565524
1532016017565546
1532016018065575
1532016018065606
1532016018565658
1532016018565681
1532016019065768
1532016019065795
1532016019565854
1532016019565880
1532016020066032
1532016020066053
1532016020566032
1532016020566061
1532016021066047
1532016021066068
1532016021566138
1532016021566160
1532016022066348
1532016022066386
1532016022566343
1532016022566373
1532016023066402
1532016023066431
1532016023566422
1532016023566442
1532016024066526
1532016024066548
1532016024566669
1532016024566690
1532016025066677
1532016025066697
1532016025566787
1532016025566815
1532016026066853
1532016026066878
1532016026066948
1532016026566886
1532016026566907
1532016027067029
1532016027067050
1532016027567255
1532016027567280
1532016028067260
1532016028067285
1532016028567276
1532016028567298
1532016029067372
1532016029067391
1532016029567417
1532016029567437
1532016030067441
1532016030067463
1532016030567544
1532016030567569
1532016031067586
1532016031067611
1532016031567791
1532016031567817
1532016032067808
1532016032067829
1532016032567930
1532016032567951
1532016033068090
1532016033068109
1532016033568036
1532016033568059
1532016034068135
1532016034068157
1532016034568141
1532016034568164
1532016035068263
1532016035068284
1532016035568404
1532016035568430
1532016036068502
1532016036068526
1532016036568554
1532016036568574
1532016037068595
1532016037068618
1532016037568744
1532016037568771
1532016038068813
1532016038068836
1532016038568952
1532016038568975
1532016039068906
1532016039068929
1532016039569061
1532016039569086
1532016040069216
1532016040069245
1532016040569209
1532016040569234
1532016041069312
1532016041069335
1532016041569367
1532016041569388
1532016042069458
1532016042069481
1532016042569610
1532016042569631
1532016043069703
1532016043069725
1532016043569737
1532016043569761
1532016044069798
1532016044069820
1532016044569988
1532016044570007
1532016045070005
1532016045070035
1532016045570081
1532016045570104
1532016046070157
1532016046070178
1532016046570246
1532016046570267
1532016047070374
1532016047070401
1532016047570380
1532016047570404
1532016048070489
1532016048070512
1532016048570537
1532016048570559
1532016049070583
1532016049070605
1532016049570715
1532016049570736
1532016050070747
1532016050070767
1532016050570805
1532016050570828
1532016051070951
1532016051070972
1532016051571051
1532016051571074
1532016052071295
1532016052071319
1532016052571350
1532016052571374
1532016053072679
1532016053072720
1532016053571509
1532016053571531
1532016054071544
1532016054071567
1532016054571661
1532016054571687
1532016055071706
1532016055071725
1532016055571832
1532016055571860
1532016056071958
1532016056071980
1532016056571927
1532016056571950
1532016057072010
1532016057072033
1532016057572108
1532016057572128
1532016058072271
1532016058072291
1532016058572236
1532016058572265
1532016059072422
1532016059072440
1532016059572471
1532016059572493
1532016060072537
1532016060072557
1532016060572621
1532016060572647
1532016061072774
1532016061072797
1532016061572863
1532016061572888
1532016062072921
1532016062072944
1532016062572973
1532016062572995
1532016063073053
1532016063073073
1532016063573120
1532016063573145
1532016064073175
1532016064073200
1532016064573260
1532016064573285
1532016065073402
1532016065073423
