1532015965558112
1532015966058340
1532015966558022
1532015967058043
1532015967558452
1532015968058301
1532015968558533
1532015969058580
1532015969558814
1532015970058484
1532015970558896
1532015971058730
1532015971558954
1532015972058802
1532015972559040
1532015973059265
1532015973559115
1532015974059148
1532015974559377
1532015975059224
1532015975559459
1532015976059313
1532015976559723
1532015977059781
1532015977559614
1532015978059660
1532015978560071
1532015979060104
1532015979560146
1532015980560033
1532015981060277
1532015981560304
1532015982060534
1532015982560582
1532015983060604
1532015983560643
1532015984060881
1532015984560915
1532015985060765
1532015985561178
1532015986061218
1532015986561073
1532015987061302
1532015987561147
1532015988061394
1532015988561230
1532015989061644
1532015989561495
1532015990061727
1532015990561980
1532015991062023
1532015991562233
1532015992061886
1532015992562334
1532015993062378
1532015993562594
1532015994062442
1532015994562666
1532015995062509
1532015995562738
1532015996062613
1532015996562844
1532015997063530
1532015997563102
1532015998062949
1532015998563361
1532015999063399
1532015999563236
1532016000063462
1532016000563529
1532016001063400
1532016001563775
1532016002064003
1532016002564051
1532016003063928
1532016003563939
1532016004064143
1532016004564203
1532016005064060
1532016006064324
1532016006564358
1532016007064604
1532016007564456
1532016008064686
1532016008564892
1532016009064932
1532016010064823
1532016010565235
1532016011065084
1532016011565514
1532016012065565
1532016012565205
1532016013065628
1532016013565686
1532016014065533
1532016014565929
1532016015065976
1532016015566030
1532016016066072
1532016016566094
1532016017066123
1532016017566363
1532016018066248
1532016018566427
1532016019066678
1532016019566510
1532016020066947
1532016020566605
1532016021066613
1532016021567037
1532016022067109
1532016022566931
1532016023066979
1532016023567017
1532016024067435
1532016024567459
1532016025067318
1532016025567578
1532016026067501
1532016026567468
1532016027067849
1532016027568088
1532016028067947
1532016028567974
1532016029068204
1532016029568041
1532016030068068
1532016030568327
1532016031068153
1532016031568566
1532016032068439
1532016032568688
1532016033568743
1532016034068796
1532016034568799
1532016035069050
1532016035569273
1532016036069326
1532016036569163
1532016037069186
1532016038069480
1532016038569735
1532016039069549
1532016039569977
1532016040070006
1532016040569863
1532016041070123
1532016041569943
1532016042070381
1532016042570403
1532016043070620
1532016043570306
1532016044070511
1532016044570725
1532016045071009
1532016045570817
1532016046070850
1532016046571079
1532016047071131
1532016047570973
1532016048071387
1532016048571254
1532016049571508
1532016050071364
1532016050571378
1532016051071795
1532016051571856
1532016052072110
1532016052571965
1532016053073534
1532016053572194
1532016054072249
1532016054572461
1532016055072339
1532016055572786
1532016056072812
1532016056572629
1532016057072657
1532016057572709
1532016058073184
1532016058572784
1532016059073191
1532016059573233
1532016060073113
1532016060573506
1532016061073566
1532016061573778
1532016062073630
1532016062573709
1532016063073725
1532016064073777
1532016064574017
1532016065074244
