1532015597282862
1532015597783353
1532015598283458
1532015598783536
1532015599283608
1532015599783682
1532015600283965
1532015600784039
1532015601284117
1532015601784193
1532015602284280
1532015602784391
1532015603284463
1532015603784542
1532015604284624
1532015604784715
1532015605284796
1532015605784872
1532015606284947
1532015606785036
1532015607285119
1532015607785192
1532015608285269
1532015608785349
1532015609285429
1532015609785510
1532015610285587
1532015610785665
1532015611285746
1532015611785827
1532015612285901
1532015612785978
1532015613286065
1532015613786129
1532015614286218
1532015614786293
1532015615286369
1532015615786448
1532015616286521
1532015616786621
1532015617286702
1532015617786803
1532015618286880
1532015618786969
1532015619287049
1532015619787133
1532015620287209
1532015620787289
1532015621287367
1532015621787448
1532015622287528
1532015622787618
1532015623287695
1532015623787794
1532015624287896
1532015624787976
1532015625288058
1532015625788139
1532015626288222
1532015626788301
1532015627288389
1532015627788465
1532015628288563
1532015628788644
1532015629288730
1532015629788805
1532015630288885
1532015630788958
1532015631289036
1532015631789121
1532015632289196
1532015632789272
1532015633289351
1532015633789438
1532015634289630
1532015634789716
1532015635289792
1532015635789878
1532015636289951
1532015636790030
1532015637290112
1532015637790188
1532015638290272
1532015638790349
1532015639290455
1532015639790529
1532015640290620
1532015640790696
1532015641290772
1532015641790846
1532015642290927
1532015642791036
1532015643291120
1532015643791221
1532015644291315
1532015644791395
1532015645291520
1532015645791599
1532015646291678
1532015646791887
1532015647291976
1532015647792072
1532015648292157
1532015648792235
1532015649292312
1532015649792395
1532015650292476
1532015650792563
1532015651292667
1532015651792754
1532015652292831
1532015652792911
1532015653292985
1532015653793069
1532015654293146
1532015654793230
1532015655293307
1532015655793386
1532015656293468
1532015656793544
1532015657293625
1532015657793699
1532015658293794
1532015658793879
1532015659293991
1532015659794131
1532015660294216
1532015660794292
1532015661294368
1532015661794441
1532015662294532
1532015662794610
1532015663294684
1532015663794802
1532015664294955
1532015664795040
1532015665295121
1532015665795198
1532015666295275
1532015666795350
1532015667295422
1532015667795503
1532015668295575
1532015668795656
1532015669295786
1532015669795865
1532015670295957
1532015670796031
1532015671296123
1532015671796198
1532015672296273
1532015672796355
1532015673296448
1532015673796526
1532015674296602
1532015674796690
1532015675296765
1532015675796846
1532015676296930
1532015676797005
1532015677297087
1532015677797161
1532015678297247
1532015678797332
1532015679297428
1532015679797506
1532015680297598
1532015680797678
1532015681297765
1532015681797838
1532015682297924
1532015682797998
1532015683298073
1532015683798142
1532015684298231
1532015684798318
1532015685298398
1532015685798490
1532015686298568
1532015686798645
1532015687298722
1532015687798797
1532015688298879
1532015688799006
1532015689299084
1532015689799159
1532015690299240
1532015690799318
1532015691299398
1532015691799472
1532015692299554
1532015692799651
1532015693299740
1532015693799820
1532015694299903
1532015694799982
1532015695300104
1532015695800180
1532015696300257
1532015696800600
