1532015597283512
1532015597283533
1532015597283542
1532015597283549
1532015597283555
1532015597283561
1532015597783995
1532015597786984
1532015597787039
1532015597787068
1532015597787094
1532015597787129
1532015597787152
1532015598283969
1532015598283984
1532015598283991
1532015598283998
1532015598284005
1532015598284013
1532015598784085
1532015598784099
1532015598784106
1532015598784113
1532015598784120
1532015598784127
1532015598784134
1532015599284078
1532015599284091
1532015599284097
1532015599284104
1532015599284112
1532015599284119
1532015599784158
1532015599784172
1532015599784179
1532015599784185
1532015599784191
1532015599784199
1532015599784207
1532015600284351
1532015600285466
1532015600285481
1532015600285490
1532015600285500
1532015600285508
1532015600285516
1532015600784487
1532015600784503
1532015600784511
1532015600784517
1532015600784525
1532015600784531
1532015601284549
1532015601284590
1532015601284604
1532015601284612
1532015601284625
1532015601284637
1532015601284644
1532015601784714
1532015601784737
1532015601784745
1532015601784752
1532015601784759
1532015601784766
1532015601784773
1532015602284778
1532015602284793
1532015602284803
1532015602284811
1532015602284818
1532015602284824
1532015602784914
1532015602784929
1532015602784936
1532015602784944
1532015602784951
1532015602784959
1532015602784966
1532015603284942
1532015603284956
1532015603284973
1532015603284981
1532015603284989
1532015603284999
1532015603785029
1532015603785050
1532015603785057
1532015603785064
1532015603785076
1532015603785083
1532015603785091
1532015604285122
1532015604285137
1532015604285145
1532015604285154
1532015604285161
1532015604285174
1532015604285181
1532015604785174
1532015604785194
1532015604785202
1532015604785209
1532015604785217
1532015604785224
1532015605285254
1532015605285269
1532015605285277
1532015605285284
1532015605285291
1532015605285298
1532015605285310
1532015605785357
1532015605785371
1532015605785389
1532015605785401
1532015605785408
1532015605785423
1532015605785431
1532015606285393
1532015606285408
1532015606285422
1532015606285430
1532015606285438
1532015606285444
1532015606785550
1532015606785569
1532015606785588
1532015606785598
1532015606785607
1532015606785615
1532015606785630
1532015607285620
1532015607285636
1532015607285652
1532015607285664
1532015607285674
1532015607285682
1532015607785709
1532015607785734
1532015607785742
1532015607785751
1532015607785767
1532015607785775
1532015607785784
1532015608285802
1532015608285821
1532015608285831
1532015608285841
1532015608285850
1532015608285858
1532015608285866
1532015608785810
1532015608785830
1532015608785840
1532015608785848
1532015608785857
1532015608785865
1532015609285870
1532015609285889
1532015609285899
1532015609285908
1532015609285916
1532015609285926
1532015609786046
1532015609786201
1532015609786215
1532015609786230
1532015609786241
1532015609786250
1532015609786258
1532015610286191
1532015610286212
1532015610286222
1532015610286231
1532015610286240
1532015610286248
1532015610786170
1532015610786188
1532015610786198
1532015610786206
1532015610786214
1532015610786222
1532015611286221
1532015611286240
1532015611286256
1532015611286264
1532015611286273
1532015611286283
1532015611786231
1532015611786250
1532015611786259
1532015611786267
1532015611786276
1532015611786284
1532015612286310
1532015612286324
1532015612286331
1532015612286339
1532015612286353
1532015612286361
1532015612286390
1532015612786516
1532015612786532
1532015612786557
1532015612786565
1532015612786572
1532015612786580
1532015612786592
1532015613286547
1532015613286567
1532015613286581
1532015613286590
1532015613286597
1532015613286605
1532015613786574
1532015613786588
1532015613786596
1532015613786608
1532015613786616
1532015613786624
1532015614286675
1532015614286694
1532015614286713
1532015614286722
1532015614286734
1532015614286743
1532015614286757
1532015614786754
1532015614786772
1532015614786780
1532015614786789
1532015614786796
1532015614786804
1532015615286834
1532015615286850
1532015615286857
1532015615286865
1532015615286872
1532015615286879
1532015615286887
1532015615786926
1532015615786948
1532015615786956
1532015615786964
1532015615786976
1532015615786983
1532015615786990
1532015616286975
1532015616286991
1532015616286999
1532015616287009
1532015616287016
1532015616287026
1532015616787069
1532015616787086
1532015616787094
1532015616787106
1532015616787114
1532015616787121
1532015616787128
1532015617287197
1532015617287217
1532015617287225
1532015617287234
1532015617287242
1532015617287255
1532015617287263
1532015617787332
1532015617787424
1532015617787435
1532015617787442
1532015617787449
1532015617787456
1532015617787463
1532015618287379
1532015618287400
1532015618287407
1532015618287416
1532015618287423
1532015618287430
1532015618787583
1532015618787601
1532015618787610
1532015618787618
1532015618787626
1532015618787633
1532015618787640
1532015619287663
1532015619288939
1532015619288948
1532015619288956
1532015619288964
1532015619288971
1532015619288979
1532015619787567
1532015619787586
1532015619787598
1532015619787607
1532015619787615
1532015619787622
1532015620287699
1532015620287720
1532015620287731
1532015620287740
1532015620287748
1532015620287756
1532015620287765
1532015620787714
1532015620787733
1532015620787741
1532015620787749
1532015620787756
1532015620787764
1532015621287839
1532015621287858
1532015621287866
1532015621287875
1532015621287887
1532015621287894
1532015621287901
1532015621788110
1532015621788132
1532015621788141
1532015621788149
1532015621788156
1532015621788169
1532015621788178
1532015622288025
1532015622288044
1532015622288052
1532015622288066
1532015622288073
1532015622288080
1532015622788204
1532015622788326
1532015622788348
1532015622788358
1532015622788367
1532015622788552
1532015622788566
1532015623288200
1532015623288218
1532015623288228
1532015623288236
1532015623288249
1532015623288257
1532015623788336
1532015623788431
1532015623788444
1532015623788452
1532015623788463
1532015623788472
1532015623788479
1532015624288536
1532015624289095
1532015624289121
1532015624289143
1532015624289162
1532015624289177
1532015624289202
1532015624788614
1532015624788633
1532015624788643
1532015624788652
1532015624788660
1532015624788668
1532015625288555
1532015625288574
1532015625288583
1532015625288592
1532015625288600
1532015625288607
1532015625788686
1532015625788707
1532015625788717
1532015625788726
1532015625788748
1532015625788757
1532015625788771
1532015626288864
1532015626289095
1532015626289106
1532015626289115
1532015626289124
1532015626289133
1532015626289141
1532015626788902
1532015626789022
1532015626789040
1532015626789048
1532015626789060
1532015626789072
1532015627288916
1532015627288935
1532015627288945
1532015627288953
1532015627288961
1532015627288970
1532015627788953
1532015627788976
1532015627788984
1532015627788992
1532015627789000
1532015627789008
1532015628289096
1532015628289112
1532015628289120
1532015628289135
1532015628289143
1532015628289150
1532015628289158
1532015628789269
1532015628789515
1532015628789531
1532015628789546
1532015628789555
1532015628789565
1532015628789573
1532015629289347
1532015629289367
1532015629289383
1532015629289397
1532015629289405
1532015629289414
1532015629789302
1532015629789328
1532015629789338
1532015629789358
1532015629789366
1532015629789374
1532015630289480
1532015630289501
1532015630289511
1532015630289519
1532015630289528
1532015630289536
1532015630289543
1532015630789454
1532015630789469
1532015630789477
1532015630789486
1532015630789493
1532015630789501
1532015631289538
1532015631289553
1532015631289560
1532015631289568
1532015631289575
1532015631289582
1532015631289589
1532015631789654
1532015631789668
1532015631789676
1532015631789683
1532015631789691
1532015631789699
1532015631789706
1532015632289717
1532015632289732
1532015632289740
1532015632289747
1532015632289755
1532015632289768
1532015632289776
1532015632789809
1532015632789823
1532015632789831
1532015632789844
1532015632789856
1532015632789864
1532015632789872
1532015633289809
1532015633289825
1532015633289833
1532015633289846
1532015633289854
1532015633289861
1532015633789913
1532015633789930
1532015633789938
1532015633789947
1532015633789963
1532015633789974
1532015633789983
1532015634290045
1532015634290335
1532015634290345
1532015634290352
1532015634290360
1532015634290367
1532015634290375
1532015634790275
1532015634790296
1532015634790311
1532015634790320
1532015634790328
1532015634790337
1532015635290333
1532015635290349
1532015635290358
1532015635290370
1532015635290380
1532015635290393
1532015635790299
1532015635790317
1532015635790325
1532015635790340
1532015635790349
1532015635790358
1532015636290372
1532015636290394
1532015636290403
1532015636290411
1532015636290428
1532015636290441
1532015636290449
1532015636790477
1532015636790497
1532015636790505
1532015636790520
1532015636790527
1532015636790535
1532015636790553
1532015637290547
1532015637290562
1532015637290570
1532015637290583
1532015637290591
1532015637290599
1532015637790658
1532015637790675
1532015637790690
1532015637790698
1532015637790706
1532015637790720
1532015637790742
1532015638290792
1532015638290807
1532015638290820
1532015638290828
1532015638290836
1532015638290844
1532015638290851
1532015638790866
1532015638790883
1532015638790891
1532015638790899
1532015638790907
1532015638790915
1532015639290912
1532015639290929
1532015639290937
1532015639290946
1532015639290958
1532015639290966
1532015639790974
1532015639790994
1532015639791002
1532015639791011
1532015639791019
1532015639791027
1532015640291194
1532015640291210
1532015640291218
1532015640291226
1532015640291235
1532015640291244
1532015640291252
1532015640791163
1532015640791179
1532015640791193
1532015640791200
1532015640791208
1532015640791216
1532015641291244
1532015641291259
1532015641291268
1532015641291282
1532015641291290
1532015641291298
1532015641291305
1532015641791343
1532015641791363
1532015641791370
1532015641791378
1532015641791386
1532015641791393
1532015641791401
1532015642291500
1532015642291515
1532015642291524
1532015642291532
1532015642291539
1532015642291547
1532015642291555
1532015642791783
1532015642791964
1532015642791980
1532015642791991
1532015642792001
1532015642792010
1532015642792019
1532015643291818
1532015643291839
1532015643291849
1532015643291859
1532015643291867
1532015643291877
1532015643791821
1532015643791839
1532015643791849
1532015643791858
1532015643791867
1532015643791875
1532015644291961
1532015644291979
1532015644291988
1532015644291998
1532015644292013
1532015644292022
1532015644292037
1532015644792047
1532015644792070
1532015644792081
1532015644792090
1532015644792099
1532015644792109
1532015645292263
1532015645292282
1532015645292292
1532015645292303
1532015645292313
1532015645292323
1532015645292334
1532015645792373
1532015645792392
1532015645792402
1532015645792411
1532015645792420
1532015645792430
1532015645792440
1532015646292253
1532015646292268
1532015646292284
1532015646292293
1532015646292307
1532015646292317
1532015646793764
1532015646794359
1532015646794376
1532015646794388
1532015646794398
1532015646794409
1532015646794418
1532015647292477
1532015647292495
1532015647292503
1532015647292512
1532015647292521
1532015647292533
1532015647792649
1532015647792663
1532015647792679
1532015647792688
1532015647792696
1532015647792705
1532015647792720
1532015648292792
1532015648292809
1532015648292819
1532015648292835
1532015648292843
1532015648292853
1532015648292862
1532015648792821
1532015648792837
1532015648792845
1532015648792854
1532015648792862
1532015648792870
1532015649292811
1532015649292828
1532015649292836
1532015649292844
1532015649292852
1532015649292860
1532015649792941
1532015649792962
1532015649792971
1532015649792980
1532015649792988
1532015649792996
1532015649793005
1532015650293036
1532015650293056
1532015650293065
1532015650293073
1532015650293082
1532015650293090
1532015650293098
1532015650793058
1532015650793073
1532015650793082
1532015650793091
1532015650793199
1532015650793217
1532015651293084
1532015651293105
1532015651293115
1532015651293123
1532015651293132
1532015651293141
1532015651793220
1532015651793355
1532015651793367
1532015651793375
1532015651793385
1532015651793393
1532015651793401
1532015652293296
1532015652293311
1532015652293320
1532015652293338
1532015652293347
1532015652293355
1532015652793417
1532015652793432
1532015652793443
1532015652793454
1532015652793465
1532015652793472
1532015652793480
1532015653293462
1532015653293484
1532015653293491
1532015653293501
1532015653293508
1532015653293515
1532015653793608
1532015653793623
1532015653793630
1532015653793638
1532015653793645
1532015653793652
1532015653793659
1532015654293663
1532015654293687
1532015654293696
1532015654293714
1532015654293723
1532015654293730
1532015654794118
1532015654794138
1532015654794145
1532015654794154
1532015654794161
1532015654794168
1532015654794175
1532015655293771
1532015655293790
1532015655293798
1532015655293807
1532015655293814
1532015655293821
1532015655794371
1532015655794388
1532015655794395
1532015655794407
1532015655794415
1532015655794422
1532015655794430
1532015656293884
1532015656293897
1532015656293914
1532015656293921
1532015656293928
1532015656293935
1532015656794216
1532015656794470
1532015656794482
1532015656794489
1532015656794502
1532015656794509
1532015656794516
1532015657294057
1532015657294076
1532015657294084
1532015657294092
1532015657294099
1532015657294113
1532015657794211
1532015657794532
1532015657794542
1532015657794550
1532015657794559
1532015657794566
1532015657794573
1532015658294247
1532015658294262
1532015658294270
1532015658294279
1532015658294287
1532015658294297
1532015658794417
1532015658794790
1532015658794801
1532015658794809
1532015658794822
1532015658794829
1532015658794837
1532015659294995
1532015659295281
1532015659295326
1532015659295343
1532015659295358
1532015659295370
1532015659295385
1532015659794940
1532015659794957
1532015659794972
1532015659794979
1532015659794987
1532015659794995
1532015660294773
1532015660294794
1532015660294811
1532015660294820
1532015660294828
1532015660294836
1532015660794756
1532015660794775
1532015660794784
1532015660794792
1532015660794799
1532015660794807
1532015661294907
1532015661295001
1532015661295012
1532015661295025
1532015661295033
1532015661295041
1532015661295049
1532015661794895
1532015661794914
1532015661794922
1532015661794931
1532015661794938
1532015661794945
1532015662295068
1532015662295082
1532015662295091
1532015662295098
1532015662295106
1532015662295114
1532015662295126
1532015662795182
1532015662795196
1532015662795205
1532015662795213
1532015662795221
1532015662795228
1532015662795235
1532015663295092
1532015663295109
1532015663295117
1532015663295125
1532015663295132
1532015663295138
1532015663795270
1532015663795283
1532015663795291
1532015663795301
1532015663795308
1532015663795315
1532015663795322
1532015664295492
1532015664296159
1532015664296171
1532015664296179
1532015664296186
1532015664296198
1532015664296205
1532015664795526
1532015664795540
1532015664795548
1532015664795559
1532015664795567
1532015664795574
1532015665295561
1532015665295575
1532015665295592
1532015665295601
1532015665295607
1532015665295615
1532015665795745
1532015665795764
1532015665795771
1532015665795780
1532015665795787
1532015665795793
1532015665795801
1532015666295876
1532015666296015
1532015666296026
1532015666296035
1532015666296057
1532015666296066
1532015666296074
1532015666795763
1532015666795781
1532015666795790
1532015666795806
1532015666795815
1532015666795822
1532015667295858
1532015667295873
1532015667295881
1532015667295888
1532015667295895
1532015667295901
1532015667295908
1532015667795919
1532015667795938
1532015667795945
1532015667795958
1532015667795965
1532015667795972
1532015667795978
1532015668296045
1532015668296066
1532015668296073
1532015668296091
1532015668296099
1532015668296106
1532015668296122
1532015668796138
1532015668796158
1532015668796166
1532015668796175
1532015668796182
1532015668796189
1532015668796245
1532015669296365
1532015669297138
1532015669297152
1532015669297160
1532015669297216
1532015669297226
1532015669297233
1532015669796437
1532015669796457
1532015669796465
1532015669796472
1532015669796479
1532015669796486
1532015670296471
1532015670296486
1532015670296493
1532015670296505
1532015670296513
1532015670296521
1532015670796497
1532015670796513
1532015670796538
1532015670796545
1532015670796552
1532015670796559
1532015671296634
1532015671296653
1532015671296661
1532015671296676
1532015671296688
1532015671296696
1532015671296709
1532015671796703
1532015671796722
1532015671796731
1532015671796739
1532015671796746
1532015671796753
1532015672296777
1532015672296793
1532015672296801
1532015672296809
1532015672296817
1532015672296828
1532015672296836
1532015672796885
1532015672796900
1532015672796907
1532015672796916
1532015672796928
1532015672796936
1532015672796942
1532015673296911
1532015673296929
1532015673296937
1532015673296946
1532015673296956
1532015673296964
1532015673797124
1532015673797140
1532015673797155
1532015673797164
1532015673797172
1532015673797180
1532015673797197
1532015674297005
1532015674297017
1532015674297024
1532015674297034
1532015674297041
1532015674297047
1532015674797192
1532015674797205
1532015674797213
1532015674797222
1532015674797229
1532015674797236
1532015674797243
1532015675297311
1532015675297434
1532015675297447
1532015675297455
1532015675297464
1532015675297472
1532015675297480
1532015675797410
1532015675797429
1532015675797438
1532015675797446
1532015675797454
1532015675797462
1532015676297519
1532015676297535
1532015676297544
1532015676297553
1532015676297568
1532015676297576
1532015676297585
1532015676797583
1532015676797672
1532015676797688
1532015676797696
1532015676797704
1532015676797712
1532015677297672
1532015677297695
1532015677297713
1532015677297722
1532015677297731
1532015677297739
1532015677797702
1532015677797717
1532015677797725
1532015677797744
1532015677797752
1532015677797761
1532015678297736
1532015678297750
1532015678297759
1532015678297777
1532015678297790
1532015678297798
1532015678797941
1532015678797954
1532015678797972
1532015678797980
1532015678798001
1532015678798024
1532015678798032
1532015679298089
1532015679298111
1532015679298127
1532015679298136
1532015679298148
1532015679298156
1532015679298171
1532015679798057
1532015679798074
1532015679798082
1532015679798096
1532015679798116
1532015679798132
1532015680298204
1532015680298225
1532015680298242
1532015680298251
1532015680298259
1532015680298267
1532015680298281
1532015680798247
1532015680798264
1532015680798273
1532015680798282
1532015680798290
1532015680798299
1532015681298292
1532015681298309
1532015681298321
1532015681298330
1532015681298337
1532015681298345
1532015681798406
1532015681798421
1532015681798429
1532015681798439
1532015681798446
1532015681798460
1532015681798468
1532015682298427
1532015682298447
1532015682298456
1532015682298476
1532015682298484
1532015682298492
1532015682798541
1532015682798560
1532015682798569
1532015682798578
1532015682798586
1532015682798594
1532015682798603
1532015683298587
1532015683298602
1532015683298610
1532015683298618
1532015683298626
1532015683298633
1532015683798589
1532015683798612
1532015683798620
1532015683798628
1532015683798636
1532015683798645
1532015684298738
1532015684298824
1532015684298844
1532015684298858
1532015684298867
1532015684298882
1532015684298891
1532015684798964
1532015684798980
1532015684798989
1532015684799004
1532015684799013
1532015684799021
1532015684799029
1532015685298964
1532015685298979
1532015685298989
1532015685298999
1532015685299008
1532015685299016
1532015685799115
1532015685799133
1532015685799141
1532015685799150
1532015685799160
1532015685799168
1532015685799176
1532015686299185
1532015686299211
1532015686299231
1532015686299243
1532015686299255
1532015686299270
1532015686799274
1532015686799293
1532015686799302
1532015686799317
1532015686799331
1532015686799343
1532015687299184
1532015687299204
1532015687299213
1532015687299220
1532015687299229
1532015687299237
1532015687799329
1532015687799345
1532015687799355
1532015687799367
1532015687799379
1532015687799388
1532015687799397
1532015688299437
1532015688299451
1532015688299460
1532015688299469
1532015688299477
1532015688299485
1532015688299494
1532015688799466
1532015688799485
1532015688799493
1532015688799503
1532015688799512
1532015688799519
1532015689299598
1532015689299616
1532015689299625
1532015689299635
1532015689299661
1532015689299669
1532015689299677
1532015689799643
1532015689799659
1532015689799667
1532015689799675
1532015689799682
1532015689799690
1532015690299775
1532015690299789
1532015690299796
1532015690299804
1532015690299811
1532015690299818
1532015690299825
1532015690799811
1532015690799828
1532015690799836
1532015690799844
1532015690799851
1532015690799858
1532015691299953
1532015691299967
1532015691299975
1532015691299984
1532015691299992
1532015691299999
1532015691300007
1532015691800016
1532015691800030
1532015691800038
1532015691800046
1532015691800053
1532015691800061
1532015692300119
1532015692300135
1532015692300145
1532015692300154
1532015692300161
1532015692300168
1532015692300176
1532015692800184
1532015692800199
1532015692800207
1532015692800221
1532015692800229
1532015692800237
1532015693300287
1532015693300307
1532015693300316
1532015693300326
1532015693300334
1532015693300343
1532015693300351
1532015693800487
1532015693800504
1532015693800516
1532015693800526
1532015693800535
1532015693800544
1532015693800552
1532015694300448
1532015694300464
1532015694300473
1532015694300483
1532015694300492
1532015694300500
1532015694800585
1532015694800601
1532015694800610
1532015694800619
1532015694800627
1532015694800635
1532015694800644
1532015695300808
1532015695300829
1532015695300838
1532015695300846
1532015695300854
1532015695300862
1532015695300870
1532015695800796
1532015695800812
1532015695800821
1532015695800830
1532015695800843
1532015695800851
1532015696300841
1532015696300857
1532015696300866
1532015696300875
1532015696300883
1532015696300891
1532015696801396
1532015696804380
1532015696804396
1532015696804405
1532015696804415
1532015696804426
1532015696804433
