1532015597284081
1532015597788252
1532015598284555
1532015598784783
1532015599284626
1532015599784852
1532015600286176
1532015600785126
1532015601285353
1532015601785405
1532015602285431
1532015602785689
1532015603285500
1532015603785731
1532015604285974
1532015604785798
1532015605286024
1532015605786087
1532015606285962
1532015606786377
1532015607286266
1532015607786471
1532015608286750
1532015608786381
1532015609286643
1532015609786800
1532015610286848
1532015610786720
1532015611286892
1532015611786764
1532015612287184
1532015612787220
1532015613287111
1532015613787137
1532015614287495
1532015614787334
1532015615287576
1532015615787644
1532015616287640
1532015616787888
1532015617287909
1532015617788142
1532015618288023
1532015618788423
1532015619290052
1532015619788111
1532015620288532
1532015620788384
1532015621288616
1532015621788848
1532015622288696
1532015622788986
1532015623288804
1532015623789282
1532015624291028
1532015624789315
1532015625289161
1532015625789632
1532015626289852
1532015626789462
1532015627289503
1532015627789518
1532015628289919
1532015628790198
1532015629290064
1532015629789874
1532015630290280
1532015630790123
1532015631290348
1532015631790393
1532015632290430
1532015632790649
1532015633290529
1532015633790745
1532015634290984
1532015634790815
1532015635290871
1532015635790882
1532015636291102
1532015636791317
1532015637291210
1532015637791402
1532015638291622
1532015638791528
1532015639291536
1532015639791549
1532015640291980
1532015640791841
1532015641292042
1532015641792089
1532015642292332
1532015642792602
1532015643292427
1532015643792461
1532015644292742
1532015644792746
1532015645293217
1532015645793247
1532015646292863
1532015646795040
1532015647293081
1532015647793615
1532015648293562
1532015648793667
1532015649293435
1532015649793834
1532015650293876
1532015650793964
1532015651293618
1532015651794061
1532015652293896
1532015652794326
1532015653294118
1532015653794386
1532015654294190
1532015654794878
1532015655294303
1532015655795101
1532015656294545
1532015656795148
1532015657294595
1532015657795085
1532015658294892
1532015658795314
1532015659296308
1532015659795581
1532015660295430
1532015660795285
1532015661295712
1532015661795554
1532015662295776
1532015662796000
1532015663295627
1532015663796085
1532015664296710
1532015664796151
1532015665296168
1532015665796599
1532015666296737
1532015666796314
1532015667296688
1532015667796753
1532015668296787
1532015668796866
1532015669297701
1532015669797087
1532015670297117
1532015670797153
1532015671297409
1532015671797263
1532015672297520
1532015672797694
1532015673297588
1532015673797969
1532015674297615
1532015674798047
1532015675298139
1532015675797966
1532015676298386
1532015676798217
1532015677298289
1532015677798308
1532015678298384
1532015678798779
1532015679298837
1532015679798661
1532015680299070
1532015680798887
1532015681298948
1532015681799167
1532015682299027
1532015682799298
1532015683299116
1532015683799167
1532015684299615
1532015684799799
1532015685299651
1532015685799851
1532015686299769
1532015686799975
1532015687299805
1532015687800222
1532015688300237
1532015688800121
1532015689300349
1532015689800190
1532015690300591
1532015690800412
1532015691300710
1532015691800722
1532015692300963
1532015692800792
1532015693301038
1532015693801236
1532015694301138
1532015694801349
1532015695301560
1532015695801408
1532015696301491
1532015696809520
