1534167752360797
1534167752860857
1534167753360925
1534167753860991
1534167754361062
1534167754861128
1534167755361198
1534167755861270
1534167756361338
1534167756861414
1534167757361487
1534167757861549
1534167758361612
1534167758861684
1534167759361748
1534167759861816
1534167760361897
1534167760861975
1534167761362043
1534167761862110
1534167762362180
1534167762862253
1534167763362321
1534167763862397
1534167764362465
1534167764862534
1534167765362615
1534167765862655
1534167766362727
1534167767362871
1534167767862940
1534167768363025
1534167768863092
1534167769363159
1534167769863230
1534167770363297
1534167770863378
1534167771863521
1534167772363588
1534167772863655
1534167773363726
1534167773863788
1534167774363847
1534167774863914
1534167775363983
1534167775864055
1534167776364122
1534167776864188
1534167777364264
1534167777864332
1534167778364401
1534167779364535
1534167779864606
1534167780364674
1534167780864740
1534167781364817
1534167781864886
1534167782364949
1534167782865010
1534167783365085
1534167783865148
1534167784365218
1534167784865291
1534167785365359
1534167785865433
1534167786365498
1534167786865561
1534167787365620
1534167787865689
1534167788365764
1534167788865835
1534167789365903
1534167789865979
1534167790366048
1534167790866122
1534167791366191
1534167791866278
1534167792366351
1534167792866428
1534167793366501
1534167793866578
1534167794366660
1534167794866728
1534167795366800
1534167795866871
1534167796366937
1534167796867005
1534167797367079
1534167797867144
1534167798367218
1534167798867283
1534167799367347
1534167799867419
1534167800367485
1534167800867546
1534167801367606
1534167801867685
1534167802367744
1534167802867810
1534167803367878
1534167803867945
1534167804368008
1534167804868074
1534167805368140
1534167805868209
1534167806368283
1534167806868345
1534167807368407
1534167807868482
1534167808368549
1534167808868617
1534167809368689
1534167809868762
1534167810368830
1534167810868906
1534167811368972
1534167811869039
1534167812369114
1534167812869183
1534167813369254
1534167814369389
1534167814869476
1534167815369544
1534167816369681
1534167816869748
1534167817369823
1534167818369961
1534167818870032
1534167819370104
1534167819870180
1534167820370256
1534167820870330
1534167821870460
1534167822870605
1534167823370658
1534167823870733
1534167824370802
1534167824870891
1534167825370959
1534167825871026
1534167826371101
1534167827371244
1534167827871313
1534167828371383
1534167828871453
1534167829871606
1534167830371669
1534167830871730
1534167831371790
1534167831871859
1534167832371929
1534167832871996
1534167833372074
1534167833872136
1534167834372196
1534167835372325
1534167836372464
1534167836872536
1534167837372605
1534167837872671
1534167838372747
1534167838872809
1534167839372868
1534167840372998
1534167840873068
1534167841373128
1534167841873190
1534167842373251
1534167842873316
1534167843373384
1534167843873455
1534167844373517
1534167844873578
1534167845373651
1534167845873713
1534167846373783
1534167846873843
1534167847373903
1534167847873969
1534167848374036
1534167848874101
1534167849374164
1534167849874232
1534167850374304
1534167850874372
