1534167751865419
1534167751865542
1534167751865660
1534167752361241
1534167752361482
1534167752361605
1534167752861499
1534167752861651
1534167752861678
1534167752861750
1534167753361680
1534167753361772
1534167753361889
1534167753861816
1534167753861877
1534167753861943
1534167754361705
1534167754361723
1534167754361804
1534167754361913
1534167754861622
1534167754861798
1534167754861939
1534167755362043
1534167755362065
1534167755362180
1534167755362279
1534167755862221
1534167755862312
1534167755862369
1534167756362039
1534167756362123
1534167756362230
1534167756862119
1534167756862202
1534167756862385
1534167757362106
1534167757362196
1534167757362308
1534167757862114
1534167757862299
1534167757862370
1534167758362167
1534167758362333
1534167758362483
1534167758362597
1534167758862150
1534167758862232
1534167758862523
1534167759362371
1534167759362498
1534167759362578
1534167759362673
1534167759862688
1534167759862768
1534167759862884
1534167760362896
1534167760362969
1534167760363002
1534167760363029
1534167760862409
1534167760862668
1534167760862823
1534167761362652
1534167761362859
1534167761362961
1534167761862761
1534167761862921
1534167761863056
1534167762362799
1534167762362935
1534167762363049
1534167762862880
1534167762863045
1534167762863133
1534167763362780
1534167763362955
1534167763363114
1534167763863390
1534167763863435
1534167763863452
1534167763863481
1534167764363286
1534167764363378
1534167764363474
1534167764863081
1534167764863267
1534167764863382
1534167765363223
1534167765363257
1534167765363360
1534167765363418
1534167765863029
1534167765863520
1534167765863736
1534167766363325
1534167766363523
1534167766363612
1534167766863482
1534167766863556
1534167766863677
1534167767363405
1534167767363557
1534167767363643
1534167767863541
1534167767863660
1534167767863798
1534167767863815
1534167768363650
1534167768363787
1534167768363804
1534167768363896
1534167768863727
1534167768863911
1534167768863989
1534167769363714
1534167769363808
1534167769363855
1534167769363963
1534167769864110
1534167769864202
1534167769864296
1534167770363969
1534167770364107
1534167770364155
1534167770864050
1534167770864082
1534167770864164
1534167770864270
1534167771364016
1534167771364184
1534167771364285
1534167771864351
1534167771864437
1534167771864490
1534167772364311
1534167772364427
1534167772364608
1534167772864217
1534167772864331
1534167772864407
1534167773364238
1534167773364366
1534167773364500
1534167773864298
1534167773864456
1534167773864564
1534167774364230
1534167774364571
1534167774364662
1534167774864612
1534167774864757
1534167774864829
1534167775364669
1534167775364751
1534167775364769
1534167775364821
1534167775864981
1534167775865032
1534167775865100
1534167776364785
1534167776364943
1534167776364966
1534167776365055
1534167776864761
1534167776864969
1534167776865082
1534167777364906
1534167777365041
1534167777365165
1534167777864953
1534167777865143
1534167777865191
1534167778365038
1534167778365070
1534167778365197
1534167778365303
1534167778865313
1534167778865395
1534167778865452
1534167779365066
1534167779365257
1534167779365401
1534167779365538
1534167779865420
1534167779865485
1534167779865564
1534167780365567
1534167780365626
1534167780365665
1534167780865441
1534167780865610
1534167780865678
1534167781365383
1534167781365456
1534167781365544
1534167781865416
1534167781865596
1534167781865708
1534167781865800
1534167782365546
1534167782365647
1534167782365726
1534167782365766
1534167782865546
1534167782865711
1534167782865860
1534167783365593
1534167783365784
1534167783365894
1534167783865696
1534167783865743
1534167783865863
1534167784365730
1534167784365825
1534167784365890
1534167784866127
1534167784866207
1534167784866292
1534167785365864
1534167785366126
1534167785366292
1534167785866143
1534167785866236
1534167785866280
1534167786366101
1534167786366248
1534167786366450
1534167786366469
1534167786866100
1534167786866317
1534167786866459
1534167787366190
1534167787366472
1534167787366500
1534167787366530
1534167787366554
1534167787866388
1534167787866543
1534167787866616
1534167788366415
1534167788366529
1534167788366623
1534167788866462
1534167788866580
1534167788866757
1534167789366849
1534167789366933
1534167789367011
1534167789866686
1534167789866726
1534167789866734
1534167789866746
1534167789866868
1534167790366829
1534167790366923
1534167790367004
1534167790866825
1534167790867005
1534167790867087
1534167791367151
1534167791367184
1534167791367227
1534167791367255
1534167791367297
1534167791866838
1534167791866916
1534167791866972
1534167791867037
1534167792367003
1534167792367144
1534167792367228
1534167792867122
1534167792867226
1534167792867323
1534167793367048
1534167793367280
1534167793367444
1534167793867247
1534167793867424
1534167793867512
1534167794367410
1534167794367527
1534167794367625
1534167794867540
1534167794867594
1534167794867639
1534167795367571
1534167795367636
1534167795367732
1534167795867561
1534167795867693
1534167795867758
1534167796367422
1534167796367451
1534167796367537
1534167796367560
1534167796367628
1534167796867779
1534167796867900
1534167796867969
1534167797367820
1534167797367916
1534167797368015
1534167797867660
1534167797867877
1534167797868103
1534167798367801
1534167798367876
1534167798368021
1534167798368137
1534167798867932
1534167798868046
1534167798868165
1534167799367924
1534167799368053
1534167799368138
1534167799868281
1534167799868353
1534167799868392
1534167800368122
1534167800368251
1534167800368339
1534167800868073
1534167800868233
1534167800868364
1534167801368170
1534167801368289
1534167801368365
1534167801868359
1534167801868387
1534167801868444
1534167801868491
1534167802368271
1534167802368350
1534167802368458
1534167802368573
1534167802868408
1534167802868570
1534167802868675
1534167803368335
1534167803368459
1534167803368601
1534167803868424
1534167803868459
1534167803868521
1534167803868598
1534167804368691
1534167804368802
1534167804368857
1534167804868592
1534167804868737
1534167804868940
1534167805368663
1534167805368759
1534167805368819
1534167805868809
1534167805868855
1534167805868885
1534167805869009
1534167806368905
1534167806369022
1534167806369140
1534167806868905
1534167806869054
1534167806869192
1534167807369031
1534167807369163
1534167807369186
1534167807369260
1534167807869097
1534167807869172
1534167807869223
1534167808369134
1534167808369301
1534167808369469
1534167808869290
1534167808869426
1534167808869512
1534167809369282
1534167809369464
1534167809369595
1534167809869382
1534167809869522
1534167809869647
1534167809869748
1534167810369455
1534167810369602
1534167810369691
1534167810869462
1534167810869572
1534167810869654
1534167811369638
1534167811369767
1534167811369871
1534167811869967
1534167811870048
1534167811870123
1534167812369780
1534167812369922
1534167812370020
1534167812869781
1534167812869811
1534167812869970
1534167812870099
1534167813369820
1534167813369930
1534167813370142
1534167813869893
1534167813870063
1534167813870176
1534167813870195
1534167814369829
1534167814370229
1534167814370348
1534167814870113
1534167814870266
1534167814870411
1534167815370270
1534167815370361
1534167815370477
1534167815870255
1534167815870349
1534167815870498
1534167816370230
1534167816370417
1534167816370510
1534167816870406
1534167816870518
1534167816870649
1534167817370329
1534167817370361
1534167817370497
1534167817370593
1534167817870495
1534167817870640
1534167817870760
1534167817870776
1534167818370498
1534167818370756
1534167818370863
1534167818870967
1534167818871057
1534167818871116
1534167819370673
1534167819370794
1534167819370830
1534167819370932
1534167819871016
1534167819871135
1534167819871195
1534167820370698
1534167820370803
1534167820370934
1534167820371088
1534167820870705
1534167820870827
1534167820871073
1534167820871355
1534167821370813
1534167821371122
1534167821371214
1534167821871034
1534167821871193
1534167821871218
1534167821871224
1534167821871238
1534167822371345
1534167822371587
1534167822371785
1534167822871046
1534167822871133
1534167822871197
1534167823371249
1534167823371481
1534167823371554
1534167823871098
1534167823871424
1534167823871535
1534167824371398
1534167824371581
1534167824371683
1534167824871458
1534167824871646
1534167824871802
1534167824871855
1534167825371697
1534167825371729
1534167825371800
1534167825371856
1534167825871783
1534167825871878
1534167825871963
1534167826371762
1534167826371896
1534167826371987
1534167826871798
1534167826871971
1534167826872086
1534167827371891
1534167827372019
1534167827372105
1534167827372120
1534167827372183
1534167827872079
1534167827872201
1534167827872312
1534167828371955
1534167828372090
1534167828372226
1534167828871807
1534167828872234
1534167828872300
1534167828872316
1534167829372152
1534167829372357
1534167829372484
1534167829872118
1534167829872305
1534167829872400
1534167830372056
1534167830372305
1534167830372360
1534167830872210
1534167830872272
1534167830872468
1534167830872595
1534167830872624
1534167830872692
1534167831372451
1534167831372577
1534167831372663
1534167831872495
1534167831872632
1534167831872702
1534167831872735
1534167832372643
1534167832372731
1534167832372801
1534167832872635
1534167832872778
1534167832872921
1534167833372867
1534167833373012
1534167833373113
1534167833872722
1534167833872880
1534167833872952
1534167834372719
1534167834372823
1534167834372848
1534167834372930
1534167834872929
1534167834872959
1534167834873045
1534167834873194
1534167835372716
1534167835372931
1534167835373078
1534167835873449
1534167835873511
1534167835873565
1534167836373120
1534167836373143
1534167836373328
1534167836373476
1534167836873090
1534167836873223
1534167836873420
1534167837373438
1534167837373488
1534167837373584
1534167837873507
1534167837873595
1534167837873683
1534167838373206
1534167838373539
1534167838373639
1534167838873360
1534167838873472
1534167838873625
1534167838873643
1534167839373285
1534167839373437
1534167839373606
1534167839873853
1534167839873917
1534167839873966
1534167840373587
1534167840373748
1534167840373852
1534167840873642
1534167840873784
1534167840873857
1534167841373659
1534167841373817
1534167841373885
1534167841873802
1534167841873948
1534167841874032
1534167842373864
1534167842373974
1534167842374052
1534167842873812
1534167842873886
1534167842873964
1534167843373952
1534167843374051
1534167843374208
1534167843874382
1534167843874428
1534167843874486
1534167844373965
1534167844374125
1534167844374336
1534167844374439
1534167844874121
1534167844874271
1534167844874416
1534167845374194
1534167845374320
1534167845374397
1534167845374425
1534167845874302
1534167845874444
1534167845874498
1534167846374364
1534167846374464
1534167846374712
1534167846874300
1534167846874403
1534167846874541
1534167847374326
1534167847374456
1534167847374600
1534167847874763
1534167847874847
1534167847874912
1534167848374669
1534167848374888
1534167848374974
1534167848375000
1534167848375062
1534167848874703
1534167848874836
1534167848874930
1534167848875101
1534167849374840
1534167849374970
1534167849375115
1534167849874867
1534167849874977
1534167849875107
1534167850374857
1534167850374885
1534167850375076
1534167850375104
1534167850375208
1534167850875031
1534167850875119
1534167850875207
