1534167752361772
1534167752862071
1534167753362262
1534167753862436
1534167754362277
1534167754862189
1534167755362749
1534167755862691
1534167756362750
1534167756862830
1534167757362620
1534167757862669
1534167758362740
1534167758862790
1534167759362959
1534167759863394
1534167760363588
1534167760863132
1534167761363315
1534167761863258
1534167762363346
1534167762863390
1534167763363358
1534167763864111
1534167764363826
1534167764863850
1534167765364047
1534167765863770
1534167766363800
1534167767364025
1534167767864090
1534167768364259
1534167768864220
1534167769364372
1534167769864982
1534167770364510
1534167770864591
1534167771865047
1534167772364857
1534167772864786
1534167773364742
1534167773864798
1534167774364878
1534167774865157
1534167775365219
1534167775865652
1534167776365359
1534167776865381
1534167777365448
1534167777865526
1534167778365581
1534167779365712
1534167779865877
1534167780366302
1534167780865978
1534167781366040
1534167781866002
1534167782366156
1534167782866143
1534167783366178
1534167783866326
1534167784366356
1534167784866702
1534167785366544
1534167785866808
1534167786366669
1534167786866701
1534167787366771
1534167787866923
1534167788367367
1534167788867069
1534167789367495
1534167789867279
1534167790367349
1534167790867403
1534167791367839
1534167791867577
1534167792367566
1534167792867663
1534167793367625
1534167793867772
1534167794367945
1534167794868249
1534167795368056
1534167795868261
1534167796367991
1534167796868484
1534167797368412
1534167797868267
1534167798368397
1534167798868494
1534167799368397
1534167799868954
1534167800368637
1534167800868589
1534167801368746
1534167801868816
1534167802368866
1534167802868946
1534167803369054
1534167803869421
1534167804369237
1534167804869286
1534167805369508
1534167805869444
1534167806369464
1534167806869522
1534167807369576
1534167807869672
1534167808369746
1534167808869767
1534167809369946
1534167809869893
1534167810369935
1534167810869991
1534167811370339
1534167811870608
1534167812370297
1534167812870351
1534167813370449
1534167814370473
1534167814870612
1534167815370796
1534167816370880
1534167816870944
1534167817370893
1534167818371051
1534167818871721
1534167819371487
1534167819871546
1534167820371384
1534167820871305
1534167821371405
1534167821871651
1534167822871699
1534167823371850
1534167823871924
1534167824371955
1534167824872052
1534167825372219
1534167825872275
1534167826372333
1534167827372417
1534167827872636
1534167828372544
1534167828872433
1534167829872721
1534167830372899
1534167830872858
1534167831373021
1534167831872979
1534167832373163
1534167832873212
1534167833373403
1534167833873212
1534167834373390
1534167835373304
1534167836373655
1534167836873664
1534167837374133
1534167837874034
1534167838373767
1534167838873916
1534167839373908
1534167839875661
1534167840374187
1534167840874254
1534167841374183
1534167841874372
1534167842374310
1534167842874376
1534167843374543
1534167843875106
1534167844374602
1534167844874622
1534167845374685
1534167845874873
1534167846374918
1534167846875084
1534167847374922
1534167847875326
1534167848375173
1534167848875335
1534167849375396
1534167849875453
1534167850375489
1534167850875684
