1534167947782904
1534167948282974
1534167948783039
1534167949283103
1534167949783179
1534167950283250
1534167950783313
1534167951783445
1534167952283517
1534167952783581
1534167953283650
1534167953783723
1534167954283795
1534167954783866
1534167955283939
1534167955784011
1534167956284081
1534167956784154
1534167957284229
1534167957784290
1534167958284358
1534167958784436
1534167959284507
1534167959784579
1534167960284649
1534167960784738
1534167961784872
1534167962284943
1534167962785010
1534167963285087
1534167964285227
1534167964785296
1534167965285363
1534167965785448
1534167966285524
1534167966785595
1534167967285662
1534167967785741
1534167968285811
1534167968785881
1534167969285950
1534167969786049
1534167970286115
1534167970786186
1534167971286254
1534167971786321
1534167972286389
1534167972786459
1534167973286481
1534167973786548
1534167974286626
1534167974786695
1534167975286764
1534167975786831
1534167976286892
1534167976786961
1534167977287033
1534167977787100
1534167978787255
1534167979787392
1534167981287600
1534167981787668
1534167982787816
1534167983287886
1534167983787955
1534167984288023
1534167984788092
1534167986288303
1534167986788374
1534167987288456
1534167987788519
1534167988288580
1534167989288712
1534167989788786
1534167990288848
1534167990788912
1534167992289112
1534167992789176
1534167993289239
1534167993789307
1534167994289377
1534167994789463
1534167995289528
1534167995789596
1534167996289664
1534167996789732
1534167998289945
1534167999290084
1534167999790152
1534168000290233
1534168000790298
1534168001290366
1534168001790433
1534168002290504
1534168002790573
1534168003290649
1534168003790718
1534168004290790
1534168004790858
1534168005290931
1534168005791003
1534168006291081
1534168006791155
1534168007291224
1534168007791301
1534168008291362
1534168008791428
1534168009291491
1534168009791556
1534168010291621
1534168010791682
1534168011291744
1534168012291896
1534168012791970
1534168013292035
1534168013792097
1534168014292158
1534168014792226
1534168015292303
1534168016292438
1534168017292572
1534168017792643
1534168018792787
1534168019792916
1534168020793040
1534168021293101
1534168021793162
1534168022293222
1534168022793291
1534168023793426
1534168024293494
1534168024793558
1534168025293623
1534168025793685
1534168026293771
1534168027293894
1534168027793956
1534168028294018
1534168028794085
1534168030294286
1534168030794355
1534168031294424
1534168031794483
1534168032294551
1534168032794623
1534168033294691
1534168033794781
1534168034294855
1534168035294996
1534168035795064
1534168036295137
1534168037295273
1534168037795341
1534168038295408
1534168038795489
1534168039295556
1534168039795624
1534168040795758
1534168041295823
1534168041795893
1534168042295962
1534168042796031
1534168043296096
1534168043796158
1534168044296226
1534168045796440
