1534167947283766
1534167947284131
1534167947284294
1534167947284432
1534167947284574
1534167947783598
1534167947783862
1534167947783967
1534167947783995
1534167947784073
1534167947784097
1534167947784166
1534167948283539
1534167948283705
1534167948283917
1534167948284117
1534167948284265
1534167948783682
1534167948783848
1534167948784131
1534167948784232
1534167948784316
1534167949283515
1534167949283712
1534167949284197
1534167949284264
1534167949284368
1534167949783942
1534167949783977
1534167949784095
1534167949784241
1534167949784361
1534167949784456
1534167950283887
1534167950284033
1534167950284217
1534167950284341
1534167950284412
1534167950783856
1534167950784027
1534167950784171
1534167950784319
1534167950784444
1534167951284022
1534167951284209
1534167951284356
1534167951284451
1534167951284563
1534167951784098
1534167951784303
1534167951784451
1534167951784598
1534167951784776
1534167952284153
1534167952284398
1534167952284559
1534167952284690
1534167952284781
1534167952784124
1534167952784443
1534167952784571
1534167952784591
1534167952784736
1534167952784840
1534167953284281
1534167953284649
1534167953284830
1534167953284970
1534167953285046
1534167953784289
1534167953784418
1534167953784727
1534167953784897
1534167953785027
1534167954284508
1534167954284650
1534167954285124
1534167954285208
1534167954285280
1534167954784638
1534167954784826
1534167954784988
1534167954785103
1534167954785208
1534167955284660
1534167955284916
1534167955285095
1534167955285192
1534167955285285
1534167955784593
1534167955784757
1534167955784856
1534167955785315
1534167955785392
1534167956284735
1534167956284875
1534167956285045
1534167956285180
1534167956285299
1534167956784562
1534167956784813
1534167956784869
1534167956784923
1534167956785158
1534167956785281
1534167956785353
1534167957285450
1534167957285534
1534167957285604
1534167957285663
1534167957285732
1534167957784789
1534167957785113
1534167957785341
1534167957785384
1534167957785491
1534167957785576
1534167958285151
1534167958285282
1534167958285388
1534167958285460
1534167958285541
1534167958785637
1534167958785741
1534167958785838
1534167958785938
1534167958786005
1534167959285039
1534167959285146
1534167959285494
1534167959285610
1534167959285724
1534167959785341
1534167959785553
1534167959785686
1534167959785730
1534167959785795
1534167960285836
1534167960285920
1534167960285978
1534167960286041
1534167960286106
1534167960785818
1534167960785868
1534167960785932
1534167960785989
1534167960786086
1534167961285185
1534167961285307
1534167961285468
1534167961285616
1534167961285694
1534167961285860
1534167961785653
1534167961785837
1534167961785935
1534167961786032
1534167961786104
1534167962285677
1534167962285858
1534167962286021
1534167962286173
1534167962286195
1534167962286232
1534167962786231
1534167962786447
1534167962786604
1534167962786717
1534167962786744
1534167962786813
1534167963285748
1534167963285960
1534167963286085
1534167963286186
1534167963286289
1534167963785911
1534167963786013
1534167963786185
1534167963786353
1534167963786524
1534167963786568
1534167964285601
1534167964286082
1534167964286316
1534167964286431
1534167964286481
1534167964785870
1534167964786088
1534167964786295
1534167964786504
1534167964786576
1534167965286029
1534167965286235
1534167965286500
1534167965286586
1534167965286694
1534167965786157
1534167965786341
1534167965786535
1534167965786704
1534167965786801
1534167966286078
1534167966286484
1534167966286597
1534167966286677
1534167966286798
1534167966786573
1534167966786660
1534167966786736
1534167966786846
1534167966786991
1534167967286037
1534167967286121
1534167967286494
1534167967286568
1534167967286636
1534167967286992
1534167967287054
1534167967786490
1534167967786708
1534167967786792
1534167967786896
1534167967787032
1534167968286573
1534167968286721
1534167968286882
1534167968286901
1534167968287065
1534167968287137
1534167968786368
1534167968786830
1534167968787035
1534167968787199
1534167968787281
1534167969286397
1534167969286684
1534167969286872
1534167969286971
1534167969287079
1534167969786715
1534167969786909
1534167969787157
1534167969787275
1534167969787318
1534167970286722
1534167970287014
1534167970287171
1534167970287279
1534167970287300
1534167970287363
1534167970787041
1534167970787236
1534167970787379
1534167970787456
1534167970787502
1534167971286778
1534167971286862
1534167971287395
1534167971287463
1534167971287639
1534167971786930
1534167971787120
1534167971787234
1534167971787474
1534167971787541
1534167972287059
1534167972287091
1534167972287278
1534167972287447
1534167972287550
1534167972287567
1534167972287626
1534167972787065
1534167972787370
1534167972787473
1534167972787614
1534167972787696
1534167973287419
1534167973287501
1534167973287542
1534167973287558
1534167973287608
1534167973287655
1534167973787394
1534167973787611
1534167973787728
1534167973787825
1534167973787866
1534167974287354
1534167974287377
1534167974287571
1534167974287689
1534167974287860
1534167974287931
1534167974787619
1534167974787804
1534167974787934
1534167974788035
1534167974788100
1534167975287781
1534167975287852
1534167975287918
1534167975287978
1534167975288034
1534167975787427
1534167975787880
1534167975788043
1534167975788118
1534167975788183
1534167976287378
1534167976287669
1534167976287811
1534167976287917
1534167976287963
1534167976788012
1534167976788133
1534167976788261
1534167976788361
1534167976788440
1534167977288414
1534167977288461
1534167977288535
1534167977288604
1534167977288652
1534167977787941
1534167977788125
1534167977788273
1534167977788376
1534167977788461
1534167978287939
1534167978288187
1534167978288425
1534167978288523
1534167978288591
1534167978788029
1534167978788061
1534167978788263
1534167978788419
1534167978788544
1534167978788642
1534167979288159
1534167979288293
1534167979288352
1534167979288397
1534167979288427
1534167979788027
1534167979788262
1534167979788388
1534167979788520
1534167979788618
1534167980288681
1534167980288745
1534167980288818
1534167980288887
1534167980288928
1534167980788051
1534167980788335
1534167980788538
1534167980788663
1534167980788810
1534167981288248
1534167981288768
1534167981288893
1534167981288993
1534167981289015
1534167981289024
1534167981788140
1534167981788367
1534167981788860
1534167981788978
1534167981789056
1534167982288306
1534167982288792
1534167982288983
1534167982289108
1534167982289200
1534167982788718
1534167982788886
1534167982788934
1534167982789079
1534167982789333
1534167982789401
1534167983288594
1534167983288765
1534167983288950
1534167983289100
1534167983289225
1534167983788546
1534167983788830
1534167983788977
1534167983789117
1534167983789141
1534167983789184
1534167984288931
1534167984289153
1534167984289248
1534167984289325
1534167984289406
1534167984788877
1534167984789065
1534167984789182
1534167984789287
1534167984789361
1534167985288712
1534167985288923
1534167985289238
1534167985289314
1534167985289393
1534167985788894
1534167985789222
1534167985789292
1534167985789404
1534167985789491
1534167986289028
1534167986289221
1534167986289375
1534167986289493
1534167986289572
1534167986789632
1534167986789726
1534167986789782
1534167986789837
1534167986789897
1534167987289187
1534167987289221
1534167987289363
1534167987289618
1534167987289741
1534167987289809
1534167987789093
1534167987789288
1534167987789451
1534167987789632
1534167987789701
1534167988289250
1534167988289411
1534167988289532
1534167988289676
1534167988289690
1534167988289787
1534167988789289
1534167988789537
1534167988789705
1534167988789830
1534167988789917
1534167989289420
1534167989289520
1534167989289609
1534167989289769
1534167989289877
1534167989789598
1534167989789718
1534167989789967
1534167989790091
1534167989790151
1534167990289251
1534167990289439
1534167990289462
1534167990289529
1534167990289888
1534167990290082
1534167990290177
1534167990789631
1534167990789835
1534167990789921
1534167990790036
1534167990790091
1534167991289647
1534167991289839
1534167991289972
1534167991289994
1534167991290106
1534167991290180
1534167991789625
1534167991789744
1534167991790062
1534167991790149
1534167991790227
1534167992289778
1534167992289810
1534167992289815
1534167992289830
1534167992289886
1534167992290287
1534167992290295
1534167992290313
1534167992290347
1534167992789660
1534167992789887
1534167992789901
1534167992790104
1534167992790209
1534167992790332
1534167993289849
1534167993290058
1534167993290174
1534167993290304
1534167993290391
1534167993789892
1534167993789907
1534167993790114
1534167993790202
1534167993790299
1534167993790403
1534167994289784
1534167994290220
1534167994290319
1534167994290348
1534167994290405
1534167994290457
1534167994790261
1534167994790326
1534167994790490
1534167994790520
1534167994790574
1534167994790597
1534167994790680
1534167995290123
1534167995290202
1534167995290321
1534167995290425
1534167995290499
1534167995790220
1534167995790250
1534167995790321
1534167995790428
1534167995790529
1534167995790591
1534167996290317
1534167996290478
1534167996290675
1534167996290752
1534167996290922
1534167996790281
1534167996790344
1534167996790398
1534167996790872
1534167996790936
1534167997290180
1534167998674558
1534167998674765
1534167998675289
1534167998675399
1534167998675543
1534167998675898
1534167998676099
1534167998676272
1534167998676537
1534167998676799
1534167998676931
1534167998677142
1534167998677179
1534167998791153
1534167998791256
1534167998791370
1534167998791422
1534167998791501
1534167999290809
1534167999291012
1534167999291143
1534167999291217
1534167999291265
1534167999790733
1534167999791153
1534167999791315
1534167999791440
1534167999791493
1534168000290866
1534168000290899
1534168000291005
1534168000291083
1534168000291149
1534168000291246
1534168000291311
1534168000790788
1534168000790908
1534168000790951
1534168000790991
1534168000791288
1534168000791360
1534168000791421
1534168001291184
1534168001291315
1534168001291331
1534168001291579
1534168001291725
1534168001291789
1534168001791095
1534168001791338
1534168001791642
1534168001791744
1534168001791817
1534168002291005
1534168002291295
1534168002291445
1534168002291675
1534168002291717
1534168002791164
1534168002791263
1534168002791295
1534168002791551
1534168002791653
1534168002791720
1534168002791757
1534168003291235
1534168003291405
1534168003291774
1534168003291940
1534168003292033
1534168003791425
1534168003791655
1534168003791847
1534168003791936
1534168003791987
1534168004291517
1534168004291697
1534168004291851
1534168004291948
1534168004292052
1534168004791470
1534168004791668
1534168004791798
1534168004791918
1534168004792038
1534168005291451
1534168005291844
1534168005291952
1534168005292032
1534168005292102
1534168005791806
1534168005792029
1534168005792128
1534168005792218
1534168005792290
1534168006291973
1534168006292192
1534168006292247
1534168006292283
1534168006292360
1534168006792109
1534168006792208
1534168006792322
1534168006792415
1534168006792537
1534168007292350
1534168007292422
1534168007292520
1534168007292608
1534168007292673
1534168007791813
1534168007792326
1534168007792494
1534168007792598
1534168007792682
1534168008291977
1534168008292126
1534168008292379
1534168008292476
1534168008292545
1534168008792099
1534168008792349
1534168008792511
1534168008792633
1534168008792721
1534168009292124
1534168009292302
1534168009292527
1534168009292621
1534168009292672
1534168009792284
1534168009792508
1534168009792659
1534168009792755
1534168009792831
1534168010292243
1534168010292399
1534168010292422
1534168010292609
1534168010292772
1534168010292869
1534168010792701
1534168010792770
1534168010792892
1534168010792975
1534168010793019
1534168011292404
1534168011292650
1534168011292770
1534168011292875
1534168011292899
1534168011292955
1534168011792693
1534168011792797
1534168011792877
1534168011792998
1534168011793061
1534168012292539
1534168012293084
1534168012293162
1534168012293211
1534168012293306
1534168012792651
1534168012793031
1534168012793129
1534168012793202
1534168012793262
1534168013292697
1534168013292879
1534168013293039
1534168013293149
1534168013293227
1534168013792694
1534168013792948
1534168013793124
1534168013793272
1534168013793299
1534168013793344
1534168014292771
1534168014292942
1534168014293100
1534168014293257
1534168014293341
1534168014793366
1534168014793432
1534168014793467
1534168014793593
1534168014793681
1534168015293156
1534168015293346
1534168015293474
1534168015293563
1534168015293615
1534168015792922
1534168015793161
1534168015793354
1534168015793525
1534168015793702
1534168016293090
1534168016293341
1534168016293489
1534168016293577
1534168016293670
1534168016793144
1534168016793452
1534168016793608
1534168016793677
1534168016793759
1534168017293187
1534168017293378
1534168017293605
1534168017293735
1534168017293837
1534168017793177
1534168017793484
1534168017793631
1534168017793741
1534168017793806
1534168018293507
1534168018293652
1534168018293677
1534168018293769
1534168018293869
1534168018293951
1534168018793633
1534168018793786
1534168018793945
1534168018794062
1534168018794129
1534168019293354
1534168019293456
1534168019293545
1534168019293877
1534168019294004
1534168019793578
1534168019793747
1534168019793935
1534168019794031
1534168019794108
1534168020293501
1534168020293707
1534168020293875
1534168020294014
1534168020294097
1534168020793856
1534168020793994
1534168020794088
1534168020794169
1534168020794203
1534168021293757
1534168021293963
1534168021294097
1534168021294219
1534168021294290
1534168021793626
1534168021793751
1534168021793810
1534168021793881
1534168021794196
1534168021794240
1534168021794305
1534168022293948
1534168022294102
1534168022294173
1534168022294359
1534168022294430
1534168022794338
1534168022794415
1534168022794470
1534168022794541
1534168022794588
1534168023293901
1534168023294236
1534168023294353
1534168023294493
1534168023294612
1534168023794085
1534168023794243
1534168023794359
1534168023794438
1534168023794553
1534168024294235
1534168024294486
1534168024294591
1534168024294687
1534168024294768
1534168024794187
1534168024794376
1534168024794480
1534168024794630
1534168024794719
1534168024794762
1534168025294241
1534168025294406
1534168025294620
1534168025294725
1534168025294794
1534168025794086
1534168025794215
1534168025794279
1534168025794900
1534168025794946
1534168025794982
1534168026294365
1534168026294581
1534168026294704
1534168026294737
1534168026294886
1534168026794458
1534168026794662
1534168026794836
1534168026794967
1534168026795028
1534168027294296
1534168027294687
1534168027294848
1534168027295030
1534168027295066
1534168027295090
1534168027295096
1534168027794473
1534168027794702
1534168027794790
1534168027794939
1534168027795019
1534168028294827
1534168028294851
1534168028294939
1534168028295067
1534168028295161
1534168028295235
1534168028794544
1534168028795087
1534168028795147
1534168028795233
1534168028795293
1534168029294550
1534168029294983
1534168029295124
1534168029295219
1534168029295294
1534168029794817
1534168029794927
1534168029795092
1534168029795198
1534168029795245
1534168030295046
1534168030295225
1534168030295312
1534168030295428
1534168030295494
1534168030794783
1534168030794963
1534168030795077
1534168030795139
1534168030795250
1534168030795403
1534168030795473
1534168031294884
1534168031295091
1534168031295257
1534168031295457
1534168031295593
1534168031295663
1534168031795027
1534168031795179
1534168031795444
1534168031795609
1534168031795696
1534168032295072
1534168032295170
1534168032295243
1534168032295271
1534168032295323
1534168032295826
1534168032295942
1534168032296065
1534168032795227
1534168032795354
1534168032795571
1534168032795647
1534168032795771
1534168033295214
1534168033295235
1534168033295314
1534168033295783
1534168033295878
1534168033295991
1534168033296012
1534168033296018
1534168033795419
1534168033795605
1534168033795850
1534168033795936
1534168033796020
1534168034295406
1534168034295688
1534168034295879
1534168034295955
1534168034296042
1534168034795856
1534168034795976
1534168034796095
1534168034796150
1534168034796320
1534168034796389
1534168035295590
1534168035295629
1534168035295854
1534168035296059
1534168035296085
1534168035296231
1534168035296312
1534168035795452
1534168035795934
1534168035796025
1534168035796148
1534168035796232
1534168036295536
1534168036296109
1534168036296203
1534168036296296
1534168036296374
1534168036796016
1534168036796253
1534168036796408
1534168036796431
1534168036796522
1534168036796627
1534168037296310
1534168037296439
1534168037296559
1534168037296688
1534168037296756
1534168037795888
1534168037795982
1534168037796080
1534168037796152
1534168037796360
1534168037796437
1534168037796507
1534168038296290
1534168038296487
1534168038296582
1534168038296687
1534168038296791
1534168038296875
1534168038796079
1534168038796445
1534168038796638
1534168038796823
1534168038796897
1534168039296109
1534168039296308
1534168039296474
1534168039296627
1534168039296703
1534168039796261
1534168039796467
1534168039796616
1534168039796668
1534168039796733
1534168040296196
1534168040296457
1534168040296776
1534168040296892
1534168040296968
1534168040796380
1534168040796624
1534168040796796
1534168040796903
1534168040796967
1534168041296407
1534168041296649
1534168041296799
1534168041296937
1534168041297018
1534168041297098
1534168041796832
1534168041796942
1534168041797035
1534168041797122
1534168041797220
1534168042296969
1534168042297145
1534168042297244
1534168042297322
1534168042297360
1534168042796759
1534168042796815
1534168042797004
1534168042797132
1534168042797237
1534168043296911
1534168043296939
1534168043297041
1534168043297171
1534168043297289
1534168043297379
1534168043796730
1534168043796827
1534168043796957
1534168043797087
1534168043797205
1534168043797276
1534168044296953
1534168044296986
1534168044297120
1534168044297326
1534168044297433
1534168044297512
1534168044796922
1534168044797102
1534168044797286
1534168044797484
1534168044797511
1534168044797551
1534168045296843
1534168045296993
1534168045297193
1534168045297382
1534168045297512
1534168045797182
1534168045797212
1534168045797383
1534168045797510
1534168045797602
1534168045797707
1534168046297212
1534168046297359
1534168046297573
1534168046297687
1534168046297788
