1534167947784266
1534167948284242
1534167948784368
1534167949284275
1534167949784582
1534167950284558
1534167950784613
1534167951287669
1534167951784820
1534167952284882
1534167952784911
1534167953285030
1534167953785227
1534167954285222
1534167954785537
1534167955285332
1534167955785209
1534167956285476
1534167956785870
1534167957285962
1534167957785593
1534167958286086
1534167958786198
1534167959285752
1534167959785923
1534167960286318
1534167960786610
1534167961786233
1534167962286341
1534167962786870
1534167963286653
1534167964287022
1534167964786652
1534167965286820
1534167965786875
1534167966287141
1534167966787123
1534167967286608
1534167967787210
1534167968287259
1534167968787226
1534167969287237
1534167969787484
1534167970287860
1534167970787707
1534167971287665
1534167971787624
1534167972287717
1534167972787921
1534167973288340
1534167973788014
1534167974287977
1534167974788255
1534167975288571
1534167975788120
1534167976288112
1534167976788508
1534167977288943
1534167977788571
1534167978788743
1534167979788723
1534167981288887
1534167981789049
1534167982789251
1534167983289276
1534167983789305
1534167984289513
1534167984789813
1534167986289681
1534167986790411
1534167987289852
1534167987789792
1534167988289913
1534167989289972
1534167989304345
1534167989790265
1534167990290178
1534167990790210
1534167992290838
1534167992790379
1534167993290492
1534167993790536
1534167994290370
1534167994790891
1534167995290877
1534167995791096
1534167996291026
1534167996791067
1534167998677824
1534167998791705
1534167999291483
1534167999791480
1534168000291514
1534168000791963
1534168001291825
1534168001791888
1534168002291757
1534168002792029
1534168003292010
1534168003792088
1534168004292152
1534168004792150
1534168005292228
1534168005792413
1534168006292600
1534168006792742
1534168007293065
1534168007792487
1534168008292679
1534168008792774
1534168009292789
1534168009792942
1534168010292905
1534168010793221
1534168011292996
1534168012293281
1534168012793453
1534168013293371
1534168013793399
1534168014293451
1534168014793940
1534168015293765
1534168016293693
1534168017293914
1534168017793891
1534168018794217
1534168019794229
1534168020794449
1534168021294470
1534168021794236
1534168022294608
1534168022794985
1534168023794729
1534168024294851
1534168024794861
1534168025294878
1534168025795478
1534168026294968
1534168027295002
1534168027795208
1534168028295393
1534168028795844
1534168029795485
1534168030295807
1534168030795529
1534168031295626
1534168031795732
1534168032296054
1534168032795894
1534168033295908
1534168033796149
1534168034296123
1534168035296334
1534168035796178
1534168036296354
1534168037296959
1534168037796789
1534168038297026
1534168038796922
1534168039296971
1534168039797365
1534168040797063
1534168041297122
1534168041797717
1534168042297553
1534168042797369
1534168043297485
1534168043797465
1534168044297651
1534168045797861
