1532002365655679
1532002366155788
1532002366655895
1532002367156008
1532002367656105
1532002368156183
1532002369156359
1532002369656454
1532002370156611
1532002370656759
1532002371156845
1532002371656946
1532002372157087
1532002372657189
1532002373157308
1532002373657389
1532002374157464
1532002374657545
1532002375157660
1532002375657743
1532002376157937
1532002376658028
1532002377158123
1532002377658222
1532002378158320
1532002378658445
1532002379158538
1532002379658647
1532002380158730
1532002380658810
1532002381158887
1532002381658961
1532002382159040
1532002382659123
1532002383159225
1532002383659347
1532002384159483
1532002384659608
1532002385159764
1532002385659859
1532002386159961
1532002386660046
1532002387660250
1532002388160329
1532002388660423
1532002389160520
1532002389660635
1532002390160733
1532002390660865
1532002391160981
1532002391661095
1532002392161193
1532002392661294
1532002393161387
1532002393661556
1532002394161659
1532002394661784
1532002395161867
1532002395661960
1532002396162036
1532002396662129
1532002397162226
1532002397662308
1532002398162450
1532002398662649
1532002399162762
1532002399662872
1532002400162958
1532002400663075
1532002401163195
1532002401663282
1532002402163380
1532002402663470
1532002403163550
1532002403663631
1532002404163732
1532002404663816
1532002405163935
1532002405664029
1532002406164134
1532002406664243
1532002407164331
1532002407664426
1532002408164520
1532002408664620
1532002409164719
1532002409664816
1532002410164902
1532002410664991
1532002411165126
1532002411665327
1532002412165464
1532002412665560
1532002413165642
1532002413665889
1532002414166014
1532002414666256
1532002415166339
1532002415666444
1532002416166631
1532002416666721
1532002417166913
1532002417667095
1532002418167192
1532002418667464
1532002419167594
1532002419667735
1532002420167850
1532002420668156
1532002421168416
1532002421668537
1532002422168650
1532002422668760
1532002423169006
1532002423669103
1532002424169191
1532002424669296
1532002425169389
1532002425669502
1532002426169592
1532002426669676
1532002427169766
1532002427669918
1532002428170002
1532002428670091
1532002429170171
1532002429670284
1532002430170381
1532002430670485
1532002431170849
1532002431671064
1532002432171152
1532002433171359
1532002433671451
1532002434171535
1532002434671612
1532002435171705
1532002435671797
1532002436171889
1532002436672201
1532002437172695
1532002437672810
1532002438172952
1532002438673042
1532002439173130
1532002439673263
1532002440173347
1532002440673447
1532002441173757
1532002441673858
1532002442173950
1532002442674069
1532002443174185
1532002443674328
1532002444174429
1532002444674540
1532002445174617
1532002445674734
1532002446174836
1532002446674946
1532002447175139
1532002447675237
1532002448175328
1532002448675469
1532002449175659
1532002449675747
1532002450175849
1532002450675938
1532002451176029
1532002451676122
1532002452176204
1532002452676285
1532002453176376
1532002453676549
1532002454176632
1532002454676762
1532002455176849
1532002455676935
1532002456177048
1532002456677176
1532002457177273
1532002457677383
1532002458177484
1532002458677604
1532002459177695
1532002459677783
1532002460677937
1532002461178022
1532002461678164
1532002462178292
1532002462678514
1532002463178606
1532002463678714
1532002464179275
