1534236105252820
1534236105752894
1534236106252969
1534236106753042
1534236107253118
1534236107753192
1534236108253265
1534236108753360
1534236109253435
1534236109753528
1534236110253603
1534236110753677
1534236111253754
1534236111753826
1534236112253905
1534236112753981
1534236113254063
1534236113754136
1534236114254204
1534236114754274
1534236115254350
1534236115754446
1534236116254517
1534236116754591
1534236117254665
1534236117754742
1534236118254814
1534236118754884
1534236119254977
1534236119755047
1534236120255120
1534236120755193
1534236121255265
1534236121755342
1534236122255419
1534236122755502
1534236123255580
1534236123755669
1534236124255745
1534236124755817
1534236125255886
1534236125755970
1534236126256044
1534236126756118
1534236127256223
1534236127756293
1534236128256369
1534236128756441
1534236129256511
1534236129756579
1534236130256648
1534236130756724
1534236131256798
1534236131756878
1534236132256961
1534236132757037
1534236133257122
1534236133757203
1534236134257289
1534236134757369
1534236135257443
1534236135757518
1534236136257592
1534236136757674
1534236137257751
1534236137757818
1534236138257892
1534236138757966
1534236139258038
1534236139758115
1534236140258189
1534236140758268
1534236141258346
1534236141758421
1534236142258494
1534236142758568
1534236143258643
1534236143758717
1534236144258807
1534236144758888
1534236145258974
1534236145759048
1534236146259149
1534236146759225
1534236147259304
1534236147759383
1534236148259474
1534236148759546
1534236149259624
1534236149759706
1534236150259778
1534236150759852
1534236151259933
1534236151760022
1534236152260093
1534236152760194
1534236153260279
1534236153760360
1534236154260436
1534236154760512
1534236155260586
1534236155760659
1534236156260732
1534236156760806
1534236157260881
1534236157760952
1534236158261033
1534236158761112
1534236159261187
1534236159761265
1534236160261337
1534236160761413
1534236161261484
1534236161761556
1534236162261634
1534236162761704
1534236163261815
1534236163761888
1534236164261963
1534236164762035
1534236165262105
1534236165762179
1534236166262247
1534236166762363
1534236167262436
1534236167762510
1534236168262584
1534236168762661
1534236169262744
1534236169762814
1534236170262893
1534236170762987
1534236171263063
1534236171763141
1534236172263215
1534236172763285
1534236173263363
1534236173763436
1534236174263505
1534236174763600
1534236175263675
1534236175763749
1534236176263827
1534236176763899
1534236177263975
1534236177764072
1534236178264151
1534236178764231
1534236179264307
1534236179764386
1534236180264466
1534236180764544
1534236181264625
1534236181764704
1534236182264785
1534236182764871
1534236183264959
1534236183765034
1534236184265112
1534236184765199
1534236185265278
1534236185765356
1534236186265441
1534236186765523
1534236187265609
1534236187765713
1534236188265791
1534236188765864
1534236189265938
1534236189766019
1534236190266102
1534236190766182
1534236191266261
1534236191766341
1534236192266420
1534236192766504
1534236193266591
1534236193766668
1534236194266745
1534236194766826
1534236195266898
1534236195766977
1534236196267050
1534236196767123
1534236197267214
1534236197767301
1534236198267374
1534236198767454
1534236199267536
1534236199767605
1534236200267674
1534236200767753
1534236201267824
1534236201767913
1534236202267983
1534236202768054
1534236203268129
1534236203768210
1534236204268297
1534236204768365
1534236205268434
