1534236105253616
1534236105753622
1534236106253588
1534236106253615
1534236106753541
1534236107253705
1534236107753769
1534236108253849
1534236108753984
1534236109253941
1534236109754156
1534236110254241
1534236110754316
1534236111254260
1534236111754303
1534236112254494
1534236112754590
1534236112754773
1534236113254603
1534236113754705
1534236114254818
1534236114754771
1534236115254925
1534236115755019
1534236116255150
1534236116755206
1534236117255280
1534236117255357
1534236117755395
1534236118255350
1534236118755455
1534236119255529
1534236119755693
1534236120255741
1534236120755877
1534236121255928
1534236121755890
1534236122256052
1534236122756210
1534236122756251
1534236123256362
1534236123756388
1534236124256415
1534236124756455
1534236125256516
1534236125756638
1534236126256681
1534236126756820
1534236127256770
1534236127756920
1534236128256928
1534236128756922
1534236129257081
1534236129757211
1534236130257288
1534236130757384
1534236130757420
1534236131257688
1534236131757439
1534236132257570
1534236132757705
1534236133257941
1534236133757776
1534236134257956
1534236134757995
1534236135258211
1534236135758037
1534236136258257
1534236136758172
1534236137258345
1534236137758322
1534236138258518
1534236138758568
1534236139258668
1534236139758723
1534236140258901
1534236140758954
1534236141258858
1534236141758988
1534236142259170
1534236142759211
1534236143259444
1534236143759503
1534236144259492
1534236144759581
1534236145259831
1534236145759897
1534236146259759
1534236146759901
1534236147259963
1534236147759987
1534236148260006
1534236148760333
1534236149260282
1534236149760332
1534236150260422
1534236150760472
1534236151260555
1534236151760804
1534236152260712
1534236152760998
1534236153261042
1534236153760990
1534236154261059
1534236154761235
1534236155261193
1534236155761238
1534236156261355
1534236156261663
1534236156761532
1534236157261429
1534236157761609
1534236158261711
1534236158761744
1534236159261831
1534236159761773
1534236160261856
1534236160762031
1534236161262106
1534236161762231
1534236162262261
1534236162762228
1534236163262335
1534236163762476
1534236164262479
1534236164762655
1534236165262727
1534236165762875
1534236166262881
1534236166762906
1534236167263025
1534236167763222
1534236168263268
1534236168763325
1534236169263272
1534236169763330
1534236170263522
1534236170763568
1534236171263699
1534236171763715
1534236172263731
1534236172763900
1534236173263957
1534236173763979
1534236174264027
1534236174764204
1534236175264357
1534236175764324
1534236176264485
1534236176764423
1534236177264859
1534236177764606
1534236178264960
1534236178764733
1534236179265055
1534236179765163
1534236180265117
1534236180765266
1534236180765431
1534236181265259
1534236181765367
1534236182265436
1534236182765441
1534236182765629
1534236183265541
1534236183765595
1534236184265801
1534236184766048
1534236185266171
1534236185766184
1534236186265999
1534236186766593
1534236187266354
1534236187766593
1534236188266497
1534236188766477
1534236189266793
1534236189766683
1534236190266836
1534236190766783
1534236191267055
1534236191267111
1534236191766841
1534236192267076
1534236192767257
1534236193267160
1534236193767269
1534236194267470
1534236194767422
1534236194767695
1534236195267448
1534236195767588
1534236196267613
1534236196767600
1534236197267746
1534236197767892
1534236198268056
1534236198768145
1534236199268224
1534236199768285
1534236200268379
1534236200768330
1534236201268480
1534236201768581
1534236202268532
1534236202768588
1534236203268741
1534236203768833
1534236204268878
1534236204769072
1534236205269128
