1534236105253688
1534236105253712
1534236105253721
1534236105253727
1534236105253735
1534236105253743
1534236105253751
1534236105253759
1534236105753669
1534236105753681
1534236105753688
1534236105753697
1534236105753704
1534236105753711
1534236105753718
1534236105753725
1534236106253701
1534236106253715
1534236106253725
1534236106253734
1534236106253741
1534236106253751
1534236106253759
1534236106253765
1534236106753662
1534236106753679
1534236106753686
1534236106753694
1534236106753702
1534236106753710
1534236106753718
1534236106753725
1534236107253754
1534236107253770
1534236107253778
1534236107253786
1534236107253794
1534236107253802
1534236107253810
1534236107253817
1534236107253825
1534236107753819
1534236107753834
1534236107753841
1534236107753848
1534236107753855
1534236107753862
1534236107753869
1534236107753876
1534236108253959
1534236108253975
1534236108253984
1534236108253991
1534236108253999
1534236108254007
1534236108254016
1534236108254023
1534236108254030
1534236108754025
1534236108754041
1534236108754052
1534236108754060
1534236108754067
1534236108754074
1534236108754081
1534236108754093
1534236109254003
1534236109254020
1534236109254029
1534236109254037
1534236109254046
1534236109254054
1534236109254061
1534236109254069
1534236109754124
1534236109754206
1534236109754217
1534236109754225
1534236109754232
1534236109754240
1534236109754248
1534236109754257
1534236109754266
1534236110254292
1534236110254308
1534236110254320
1534236110254328
1534236110254340
1534236110254350
1534236110254357
1534236110254367
1534236110254376
1534236110754349
1534236110754363
1534236110754370
1534236110754379
1534236110754387
1534236110754394
1534236110754401
1534236110754408
1534236111254308
1534236111254323
1534236111254331
1534236111254339
1534236111254347
1534236111254354
1534236111254362
1534236111254369
1534236111754339
1534236111754358
1534236111754370
1534236111754378
1534236111754386
1534236111754393
1534236111754400
1534236111754408
1534236112254498
1534236112254540
1534236112254554
1534236112254563
1534236112254572
1534236112254579
1534236112254587
1534236112254595
1534236112254602
1534236112754665
1534236112754685
1534236112754695
1534236112754705
1534236112754713
1534236112754726
1534236112754734
1534236112754808
1534236112754816
1534236113254642
1534236113254658
1534236113254667
1534236113254676
1534236113254685
1534236113254695
1534236113254707
1534236113254717
1534236113754741
1534236113754758
1534236113754766
1534236113754774
1534236113754781
1534236113754788
1534236113754796
1534236113754803
1534236113754811
1534236114254846
1534236114254861
1534236114254869
1534236114254877
1534236114254885
1534236114254892
1534236114254899
1534236114254906
1534236114254913
1534236114754918
1534236114754931
1534236114754938
1534236114754950
1534236114754959
1534236114754967
1534236114754975
1534236114754984
1534236115254958
1534236115254972
1534236115254980
1534236115254988
1534236115254996
1534236115255004
1534236115255011
1534236115255019
1534236115755080
1534236115755095
1534236115755104
1534236115755116
1534236115755124
1534236115755133
1534236115755140
1534236115755153
1534236115755165
1534236116255252
1534236116255272
1534236116255291
1534236116255299
1534236116255308
1534236116255317
1534236116255333
1534236116255342
1534236116255350
1534236116755249
1534236116755268
1534236116755277
1534236116755292
1534236116755301
1534236116755310
1534236116755329
1534236116755337
1534236117255336
1534236117255351
1534236117255360
1534236117255375
1534236117255383
1534236117255392
1534236117255400
1534236117255412
1534236117755436
1534236117755452
1534236117755462
1534236117755476
1534236117755484
1534236117755493
1534236117755501
1534236117755515
1534236117755528
1534236118255392
1534236118255411
1534236118255421
1534236118255435
1534236118255443
1534236118255451
1534236118255458
1534236118255471
1534236118755502
1534236118755518
1534236118755527
1534236118755542
1534236118755550
1534236118755558
1534236118755566
1534236118755584
1534236118755593
1534236119255659
1534236119255680
1534236119255689
1534236119255704
1534236119255717
1534236119255745
1534236119255753
1534236119255765
1534236119255779
1534236119755730
1534236119755747
1534236119755755
1534236119755771
1534236119755779
1534236119755789
1534236119755797
1534236119755811
1534236120255792
1534236120255807
1534236120255815
1534236120255830
1534236120255839
1534236120255848
1534236120255856
1534236120255871
1534236120755922
1534236120755939
1534236120755948
1534236120755959
1534236120755967
1534236120755975
1534236120755987
1534236120755997
1534236120756005
1534236121255983
1534236121255999
1534236121256008
1534236121256019
1534236121256028
1534236121256037
1534236121256046
1534236121256055
1534236121755927
1534236121755943
1534236121755952
1534236121755963
1534236121755973
1534236121755983
1534236121755992
1534236121756004
1534236122256088
1534236122256102
1534236122256111
1534236122256119
1534236122256128
1534236122256136
1534236122256145
1534236122256153
1534236122256161
1534236122756256
1534236122756279
1534236122756289
1534236122756307
1534236122756317
1534236122756327
1534236122756343
1534236122756352
1534236122756361
1534236123256427
1534236123256450
1534236123256460
1534236123256469
1534236123256480
1534236123256490
1534236123256498
1534236123256508
1534236123256516
1534236123756451
1534236123756468
1534236123756478
1534236123756488
1534236123756496
1534236123756504
1534236123756512
1534236123756520
1534236124256455
1534236124256469
1534236124256478
1534236124256498
1534236124256507
1534236124256515
1534236124256534
1534236124256542
1534236124756497
1534236124756513
1534236124756522
1534236124756535
1534236124756544
1534236124756552
1534236124756561
1534236124756568
1534236125256593
1534236125256611
1534236125256621
1534236125256631
1534236125256640
1534236125256648
1534236125256656
1534236125256666
1534236125256675
1534236125756734
1534236125756749
1534236125756758
1534236125756766
1534236125756774
1534236125756783
1534236125756791
1534236125756799
1534236125756808
1534236126256733
1534236126256752
1534236126256761
1534236126256772
1534236126256781
1534236126256790
1534236126256799
1534236126256808
1534236126756857
1534236126756875
1534236126756884
1534236126756898
1534236126756907
1534236126756915
1534236126756924
1534236126756933
1534236126756942
1534236127256844
1534236127256860
1534236127256868
1534236127256876
1534236127256887
1534236127256899
1534236127256907
1534236127256916
1534236127756952
1534236127756967
1534236127756975
1534236127756985
1534236127756994
1534236127757003
1534236127757011
1534236127757019
1534236127757028
1534236128256974
1534236128256993
1534236128257003
1534236128257012
1534236128257020
1534236128257029
1534236128257037
1534236128257048
1534236128757005
1534236128757024
1534236128757033
1534236128757042
1534236128757050
1534236128757058
1534236128757071
1534236128757080
1534236129257162
1534236129257178
1534236129257187
1534236129257199
1534236129257207
1534236129257216
1534236129257226
1534236129257236
1534236129257244
1534236129757241
1534236129757255
1534236129757266
1534236129757276
1534236129757285
1534236129757293
1534236129757302
1534236129757310
1534236130257334
1534236130257349
1534236130257358
1534236130257368
1534236130257377
1534236130257386
1534236130257395
1534236130257405
1534236130257413
1534236130757424
1534236130757443
1534236130757454
1534236130757463
1534236130757472
1534236130757482
1534236130757491
1534236130757500
1534236131257580
1534236131257727
1534236131257741
1534236131257750
1534236131257760
1534236131257770
1534236131257778
1534236131257787
1534236131257794
1534236131757476
1534236131757496
1534236131757505
1534236131757513
1534236131757522
1534236131757530
1534236131757539
1534236131757547
1534236132257643
1534236132257663
1534236132257672
1534236132257682
1534236132257692
1534236132257701
1534236132257710
1534236132257720
1534236132257729
1534236132757744
1534236132757761
1534236132757771
1534236132757781
1534236132757791
1534236132757800
1534236132757816
1534236132757826
1534236132757839
1534236133257969
1534236133257992
1534236133258002
1534236133258014
1534236133258024
1534236133258033
1534236133258043
1534236133258053
1534236133258082
1534236133757895
1534236133757913
1534236133757923
1534236133757931
1534236133757944
1534236133757954
1534236133757963
1534236133757972
1534236134257991
1534236134258007
1534236134258015
1534236134258023
1534236134258031
1534236134258039
1534236134258048
1534236134258059
1534236134258067
1534236134758060
1534236134758081
1534236134758096
1534236134758105
1534236134758115
1534236134758124
1534236134758139
1534236134758147
1534236135258254
1534236135258279
1534236135258288
1534236135258298
1534236135258306
1534236135258314
1534236135258323
1534236135258331
1534236135258339
1534236135758118
1534236135758135
1534236135758145
1534236135758154
1534236135758162
1534236135758171
1534236135758182
1534236135758195
1534236136258289
1534236136258308
1534236136258317
1534236136258326
1534236136258334
1534236136258343
1534236136258354
1534236136258364
1534236136258373
1534236136758258
1534236136758275
1534236136758284
1534236136758295
1534236136758304
1534236136758314
1534236136758323
1534236136758336
1534236137258401
1534236137258416
1534236137258425
1534236137258435
1534236137258444
1534236137258452
1534236137258467
1534236137258477
1534236137258486
1534236137758395
1534236137758414
1534236137758423
1534236137758432
1534236137758441
1534236137758449
1534236137758462
1534236137758472
1534236138258569
1534236138258584
1534236138258592
1534236138258601
1534236138258609
1534236138258617
1534236138258628
1534236138258637
1534236138258644
1534236138758646
1534236138758665
1534236138758674
1534236138758683
1534236138758692
1534236138758700
1534236138758709
1534236138758721
1534236139258705
1534236139258725
1534236139258733
1534236139258742
1534236139258754
1534236139258763
1534236139258775
1534236139258783
1534236139758767
1534236139758779
1534236139758789
1534236139758802
1534236139758815
1534236139758823
1534236139758831
1534236139758839
1534236140259000
1534236140259015
1534236140259024
1534236140259031
1534236140259039
1534236140259046
1534236140259054
1534236140259063
1534236140259073
1534236140759001
1534236140759016
1534236140759025
1534236140759045
1534236140759053
1534236140759061
1534236140759074
1534236140759082
1534236141258904
1534236141258921
1534236141258932
1534236141258940
1534236141258947
1534236141258955
1534236141258963
1534236141258971
1534236141759020
1534236141759036
1534236141759045
1534236141759053
1534236141759061
1534236141759069
1534236141759082
1534236141759090
1534236141759102
1534236142259233
1534236142259255
1534236142259263
1534236142259277
1534236142259286
1534236142259293
1534236142259302
1534236142259309
1534236142259318
1534236142759254
1534236142759277
1534236142759286
1534236142759295
1534236142759304
1534236142759315
1534236142759323
1534236142759331
1534236143259507
1534236143259527
1534236143259536
1534236143259552
1534236143259560
1534236143259569
1534236143259578
1534236143259594
1534236143259604
1534236143759538
1534236143759557
1534236143759565
1534236143759580
1534236143759588
1534236143759596
1534236143759604
1534236143759628
1534236144259532
1534236144259547
1534236144259561
1534236144259572
1534236144259580
1534236144259592
1534236144259604
1534236144259613
1534236144759616
1534236144759632
1534236144759641
1534236144759649
1534236144759657
1534236144759671
1534236144759679
1534236144759689
1534236145259780
1534236145259869
1534236145259880
1534236145259889
1534236145259897
1534236145259905
1534236145259913
1534236145259922
1534236145259930
1534236145759935
1534236145759959
1534236145759970
1534236145759978
1534236145759989
1534236145759998
1534236145760007
1534236145760015
1534236146259842
1534236146259859
1534236146259868
1534236146259879
1534236146259888
1534236146259896
1534236146259904
1534236146259912
1534236146759947
1534236146759964
1534236146759976
1534236146759986
1534236146759994
1534236146760002
1534236146760011
1534236146760019
1534236146760027
1534236147260002
1534236147260018
1534236147260026
1534236147260034
1534236147260042
1534236147260050
1534236147260058
1534236147260066
1534236147760047
1534236147760068
1534236147760076
1534236147760086
1534236147760094
1534236147760115
1534236147760123
1534236147760131
1534236148260080
1534236148260096
1534236148260105
1534236148260115
1534236148260124
1534236148260133
1534236148260145
1534236148260154
1534236148760237
1534236148760402
1534236148760421
1534236148760430
1534236148760438
1534236148760445
1534236148760453
1534236148760461
1534236148760468
1534236149260354
1534236149260370
1534236149260379
1534236149260387
1534236149260396
1534236149260415
1534236149260424
1534236149260436
1534236149760393
1534236149760409
1534236149760417
1534236149760426
1534236149760439
1534236149760447
1534236149760456
1534236149760468
1534236150260486
1534236150260498
1534236150260507
1534236150260515
1534236150260524
1534236150260532
1534236150260542
1534236150260550
1534236150260563
1534236150760510
1534236150760526
1534236150760535
1534236150760544
1534236150760553
1534236150760562
1534236150760574
1534236150760582
1534236151260594
1534236151260610
1534236151260618
1534236151260627
1534236151260638
1534236151260646
1534236151260654
1534236151260663
1534236151760889
1534236151760907
1534236151760915
1534236151760925
1534236151760933
1534236151760941
1534236151760950
1534236151760958
1534236151760968
1534236152260792
1534236152260821
1534236152260831
1534236152260845
1534236152260854
1534236152260863
1534236152260874
1534236152260889
1534236152760958
1534236152761044
1534236152761057
1534236152761066
1534236152761077
1534236152761085
1534236152761094
1534236152761103
1534236152761113
1534236153261079
1534236153261105
1534236153261114
1534236153261123
1534236153261132
1534236153261140
1534236153261148
1534236153261156
1534236153761044
1534236153761060
1534236153761070
1534236153761079
1534236153761088
1534236153761099
1534236153761108
1534236153761117
1534236154261094
1534236154261109
1534236154261118
1534236154261126
1534236154261135
1534236154261143
1534236154261151
1534236154261159
1534236154761234
1534236154761285
1534236154761299
1534236154761309
1534236154761325
1534236154761333
1534236154761342
1534236154761357
1534236154761366
1534236155261236
1534236155261256
1534236155261265
1534236155261275
1534236155261283
1534236155261294
1534236155261303
1534236155261314
1534236155761295
1534236155761316
1534236155761329
1534236155761338
1534236155761346
1534236155761355
1534236155761363
1534236155761371
1534236156261423
1534236156261442
1534236156261452
1534236156261462
1534236156261471
1534236156261480
1534236156261490
1534236156261499
1534236156261761
1534236156761570
1534236156761587
1534236156761596
1534236156761606
1534236156761615
1534236156761624
1534236156761633
1534236156761643
1534236157261542
1534236157261560
1534236157261571
1534236157261580
1534236157261589
1534236157261598
1534236157261606
1534236157261616
1534236157761666
1534236157761683
1534236157761692
1534236157761700
1534236157761709
1534236157761717
1534236157761726
1534236157761734
1534236157761744
1534236158261761
1534236158261782
1534236158261797
1534236158261806
1534236158261814
1534236158261823
1534236158261833
1534236158261842
1534236158261851
1534236158761796
1534236158761814
1534236158761823
1534236158761832
1534236158761841
1534236158761849
1534236158761861
1534236158761869
1534236159261903
1534236159261922
1534236159261932
1534236159261945
1534236159261955
1534236159261965
1534236159261974
1534236159261983
1534236159261991
1534236159761819
1534236159761835
1534236159761845
1534236159761854
1534236159761863
1534236159761876
1534236159761885
1534236159761894
1534236160261908
1534236160261925
1534236160261934
1534236160261944
1534236160261953
1534236160261964
1534236160261977
1534236160261986
1534236160762068
1534236160762085
1534236160762094
1534236160762110
1534236160762119
1534236160762127
1534236160762142
1534236160762151
1534236160762160
1534236161262157
1534236161262173
1534236161262183
1534236161262204
1534236161262212
1534236161262235
1534236161262245
1534236161262253
1534236161762276
1534236161762294
1534236161762304
1534236161762319
1534236161762329
1534236161762338
1534236161762353
1534236161762364
1534236161762374
1534236162262306
1534236162262323
1534236162262332
1534236162262356
1534236162262365
1534236162262373
1534236162262385
1534236162262393
1534236162762260
1534236162762274
1534236162762283
1534236162762298
1534236162762307
1534236162762317
1534236162762326
1534236162762340
1534236163262417
1534236163262435
1534236163262444
1534236163262453
1534236163262469
1534236163262478
1534236163262486
1534236163262494
1534236163262502
1534236163762537
1534236163762554
1534236163762563
1534236163762572
1534236163762581
1534236163762589
1534236163762598
1534236163762606
1534236163762614
1534236164262584
1534236164262600
1534236164262609
1534236164262620
1534236164262628
1534236164262636
1534236164262645
1534236164262659
1534236164762702
1534236164762722
1534236164762732
1534236164762749
1534236164762758
1534236164762768
1534236164762792
1534236164762803
1534236164762812
1534236165262777
1534236165262799
1534236165262808
1534236165262817
1534236165262830
1534236165262839
1534236165262847
1534236165262856
1534236165762911
1534236165762929
1534236165762947
1534236165762956
1534236165762964
1534236165762973
1534236165762990
1534236165762999
1534236165763007
1534236166262916
1534236166262932
1534236166262940
1534236166262954
1534236166262962
1534236166262971
1534236166262979
1534236166262994
1534236166762947
1534236166762965
1534236166762974
1534236166762988
1534236166762996
1534236166763004
1534236166763012
1534236166763027
1534236167263077
1534236167263094
1534236167263103
1534236167263117
1534236167263126
1534236167263134
1534236167263143
1534236167263157
1534236167263166
1534236167763260
1534236167763277
1534236167763287
1534236167763300
1534236167763308
1534236167763316
1534236167763327
1534236167763344
1534236167763352
1534236168263310
1534236168263326
1534236168263335
1534236168263348
1534236168263357
1534236168263365
1534236168263374
1534236168263390
1534236168763387
1534236168763404
1534236168763423
1534236168763432
1534236168763441
1534236168763454
1534236168763469
1534236168763481
1534236169263350
1534236169263365
1534236169263375
1534236169263392
1534236169263400
1534236169263411
1534236169263420
1534236169263440
1534236169763363
1534236169763377
1534236169763386
1534236169763401
1534236169763410
1534236169763418
1534236169763427
1534236169763441
1534236170263642
1534236170263661
1534236170263669
1534236170263680
1534236170263688
1534236170263697
1534236170263705
1534236170263713
1534236170263721
1534236170763628
1534236170763644
1534236170763653
1534236170763662
1534236170763672
1534236170763680
1534236170763689
1534236170763697
1534236171263750
1534236171263771
1534236171263781
1534236171263790
1534236171263800
1534236171263809
1534236171263818
1534236171263828
1534236171263836
1534236171763833
1534236171763857
1534236171763867
1534236171763879
1534236171763888
1534236171763898
1534236171763907
1534236171763916
1534236172263793
1534236172263808
1534236172263819
1534236172263828
1534236172263837
1534236172263846
1534236172263855
1534236172263864
1534236172763973
1534236172763989
1534236172764000
1534236172764010
1534236172764019
1534236172764029
1534236172764039
1534236172764050
1534236172764059
1534236173263996
1534236173264013
1534236173264023
1534236173264031
1534236173264040
1534236173264048
1534236173264058
1534236173264077
1534236173764054
1534236173764073
1534236173764083
1534236173764092
1534236173764102
1534236173764111
1534236173764119
1534236173764128
1534236174264114
1534236174264132
1534236174264142
1534236174264152
1534236174264162
1534236174264175
1534236174264186
1534236174264195
1534236174764324
1534236174764340
1534236174764360
1534236174764370
1534236174764379
1534236174764399
1534236174764408
1534236174764417
1534236174764426
1534236175264421
1534236175264441
1534236175264451
1534236175264461
1534236175264471
1534236175264480
1534236175264488
1534236175264497
1534236175764389
1534236175764406
1534236175764415
1534236175764425
1534236175764434
1534236175764442
1534236175764450
1534236175764459
1534236176264527
1534236176264543
1534236176264561
1534236176264571
1534236176264582
1534236176264592
1534236176264609
1534236176264618
1534236176264627
1534236176764509
1534236176764543
1534236176764562
1534236176764570
1534236176764579
1534236176764590
1534236176764605
1534236176764617
1534236177264709
1534236177264889
1534236177264901
1534236177264916
1534236177264924
1534236177264933
1534236177264943
1534236177264960
1534236177264969
1534236177764695
1534236177764718
1534236177764728
1534236177764737
1534236177764754
1534236177764766
1534236177764774
1534236177764788
1534236178264888
1534236178265048
1534236178265062
1534236178265070
1534236178265082
1534236178265090
1534236178265103
1534236178265112
1534236178265121
1534236178765021
1534236178765038
1534236178765051
1534236178765059
1534236178765068
1534236178765077
1534236178765087
1534236178765099
1534236179265094
1534236179265109
1534236179265118
1534236179265126
1534236179265135
1534236179265143
1534236179265151
1534236179265162
1534236179765223
1534236179765243
1534236179765256
1534236179765265
1534236179765273
1534236179765281
1534236179765289
1534236179765298
1534236179765307
1534236180265214
1534236180265233
1534236180265243
1534236180265251
1534236180265262
1534236180265272
1534236180265282
1534236180265290
1534236180765334
1534236180765353
1534236180765362
1534236180765371
1534236180765382
1534236180765393
1534236180765402
1534236180765412
1534236180765446
1534236181265310
1534236181265328
1534236181265337
1534236181265345
1534236181265354
1534236181265363
1534236181265371
1534236181265380
1534236181765419
1534236181765433
1534236181765441
1534236181765454
1534236181765463
1534236181765472
1534236181765480
1534236181765489
1534236181765496
1534236182265488
1534236182265506
1534236182265517
1534236182265527
1534236182265539
1534236182265550
1534236182265563
1534236182265572
1534236182765504
1534236182765518
1534236182765527
1534236182765536
1534236182765661
1534236182765674
1534236182765682
1534236182765690
1534236183265592
1534236183265609
1534236183265618
1534236183265628
1534236183265638
1534236183265646
1534236183265655
1534236183265664
1534236183765680
1534236183765695
1534236183765704
1534236183765714
1534236183765724
1534236183765737
1534236183765746
1534236183765755
1534236183765767
1534236184265883
1534236184265912
1534236184265922
1534236184265935
1534236184265948
1534236184265958
1534236184265968
1534236184265978
1534236184265987
1534236184766144
1534236184766164
1534236184766174
1534236184766185
1534236184766194
1534236184766204
1534236184766213
1534236184766222
1534236184766231
1534236185266397
1534236185266415
1534236185266426
1534236185266436
1534236185266445
1534236185266454
1534236185266474
1534236185266485
1534236185266495
1534236185766219
1534236185766235
1534236185766245
1534236185766255
1534236185766265
1534236185766275
1534236185766284
1534236185766292
1534236186266079
1534236186266095
1534236186266105
1534236186266114
1534236186266128
1534236186266139
1534236186266148
1534236186266157
1534236186766298
1534236186766633
1534236186766653
1534236186766663
1534236186766672
1534236186766682
1534236186766692
1534236186766702
1534236186766712
1534236187266470
1534236187266499
1534236187266510
1534236187266518
1534236187266527
1534236187266536
1534236187266546
1534236187266555
1534236187766634
1534236187766652
1534236187766662
1534236187766671
1534236187766680
1534236187766689
1534236187766697
1534236187766706
1534236187766715
1534236188266533
1534236188266549
1534236188266559
1534236188266569
1534236188266578
1534236188266587
1534236188266597
1534236188266605
1534236188766512
1534236188766530
1534236188766539
1534236188766550
1534236188766560
1534236188766568
1534236188766577
1534236188766586
1534236189266695
1534236189266830
1534236189266843
1534236189266852
1534236189266863
1534236189266871
1534236189266881
1534236189266890
1534236189266899
1534236189766846
1534236189766866
1534236189766875
1534236189766890
1534236189766899
1534236189766908
1534236189766924
1534236189766933
1534236190266925
1534236190266943
1534236190266961
1534236190266972
1534236190266983
1534236190266993
1534236190267010
1534236190267019
1534236190766855
1534236190766881
1534236190766892
1534236190766901
1534236190766910
1534236190766920
1534236190766940
1534236190766950
1534236191267207
1534236191267228
1534236191267244
1534236191267254
1534236191267262
1534236191267271
1534236191267285
1534236191267294
1534236191267302
1534236191766879
1534236191766894
1534236191766903
1534236191766914
1534236191766924
1534236191766932
1534236191766940
1534236191766948
1534236192267113
1534236192267129
1534236192267138
1534236192267153
1534236192267166
1534236192267175
1534236192267194
1534236192267203
1534236192267214
1534236192767297
1534236192767313
1534236192767322
1534236192767335
1534236192767344
1534236192767354
1534236192767363
1534236192767377
1534236192767385
1534236193267215
1534236193267237
1534236193267246
1534236193267260
1534236193267268
1534236193267276
1534236193267284
1534236193267297
1534236193767314
1534236193767330
1534236193767340
1534236193767354
1534236193767363
1534236193767371
1534236193767380
1534236193767395
1534236193767403
1534236194267479
1534236194267496
1534236194267506
1534236194267520
1534236194267528
1534236194267537
1534236194267545
1534236194267559
1534236194267567
1534236194767468
1534236194767485
1534236194767495
1534236194767510
1534236194767518
1534236194767526
1534236194767534
1534236194767713
1534236195267494
1534236195267509
1534236195267518
1534236195267532
1534236195267546
1534236195267554
1534236195267572
1534236195267581
1534236195767629
1534236195767645
1534236195767655
1534236195767667
1534236195767676
1534236195767685
1534236195767694
1534236195767708
1534236195767717
1534236196267702
1534236196267719
1534236196267728
1534236196267742
1534236196267752
1534236196267763
1534236196267779
1534236196267788
1534236196767687
1534236196767705
1534236196767714
1534236196767725
1534236196767734
1534236196767743
1534236196767754
1534236196767762
1534236197267797
1534236197267815
1534236197267824
1534236197267835
1534236197267843
1534236197267853
1534236197267863
1534236197267872
1534236197267880
1534236197767945
1534236197767964
1534236197767976
1534236197767984
1534236197767993
1534236197768002
1534236197768011
1534236197768020
1534236197768029
1534236198268090
1534236198268105
1534236198268119
1534236198268127
1534236198268137
1534236198268146
1534236198268155
1534236198268163
1534236198268172
1534236198768187
1534236198768205
1534236198768223
1534236198768233
1534236198768242
1534236198768251
1534236198768264
1534236198768272
1534236198768281
1534236199268282
1534236199268304
1534236199268319
1534236199268328
1534236199268338
1534236199268347
1534236199268362
1534236199268371
1534236199768332
1534236199768351
1534236199768360
1534236199768369
1534236199768377
1534236199768385
1534236199768393
1534236199768401
1534236200268445
1534236200268462
1534236200268471
1534236200268485
1534236200268494
1534236200268503
1534236200268511
1534236200268526
1534236200268534
1534236200768380
1534236200768395
1534236200768412
1534236200768421
1534236200768429
1534236200768439
1534236200768454
1534236200768463
1534236201268541
1534236201268556
1534236201268566
1534236201268579
1534236201268587
1534236201268595
1534236201268603
1534236201268617
1534236201268625
1534236201768618
1534236201768637
1534236201768646
1534236201768665
1534236201768673
1534236201768681
1534236201768696
1534236201768704
1534236202268582
1534236202268617
1534236202268627
1534236202268637
1534236202268646
1534236202268662
1534236202268671
1534236202268680
1534236202768651
1534236202768681
1534236202768696
1534236202768705
1534236202768721
1534236202768730
1534236202768739
1534236202768752
1534236203268780
1534236203268797
1534236203268807
1534236203268822
1534236203268832
1534236203268841
1534236203268855
1534236203268865
1534236203268874
1534236203768903
1534236203768918
1534236203768928
1534236203768938
1534236203768947
1534236203768957
1534236203768967
1534236203768977
1534236203768987
1534236204268917
1534236204268935
1534236204268946
1534236204268956
1534236204268966
1534236204268975
1534236204268985
1534236204268995
1534236204769084
1534236204769102
1534236204769113
1534236204769123
1534236204769132
1534236204769140
1534236204769150
1534236204769160
1534236204769169
1534236205269162
1534236205269180
1534236205269189
1534236205269200
1534236205269209
1534236205269218
1534236205269226
1534236205269235
