1534236105254336
1534236105754269
1534236106254428
1534236106754358
1534236107254564
1534236107754475
1534236108254909
1534236108754617
1534236109254563
1534236109754981
1534236110255177
1534236110754878
1534236111255050
1534236111755000
1534236112255453
1534236112755655
1534236113255352
1534236113755574
1534236114255779
1534236114755483
1534236115255679
1534236115755910
1534236116256149
1534236116755880
1534236117256058
1534236117756292
1534236118256009
1534236118756468
1534236119256486
1534236119756413
1534236120256423
1534236120756882
1534236121256625
1534236121756613
1534236122257064
1534236122757097
1534236123257350
1534236123757058
1534236124257030
1534236124757227
1534236125257480
1534236125757707
1534236126257443
1534236126757713
1534236127257431
1534236127757925
1534236128257657
1534236128757668
1534236129258160
1534236129757902
1534236130258192
1534236130758166
1534236131258520
1534236131758150
1534236132258667
1534236132758674
1534236133258937
1534236133758454
1534236134258964
1534236134758724
1534236135259224
1534236135758731
1534236136259229
1534236136758981
1534236137259262
1534236137759019
1534236138259529
1534236138759302
1534236139259355
1534236139759371
1534236140259849
1534236140759624
1534236141259625
1534236141759914
1534236142260167
1534236142760043
1534236143260469
1534236143760226
1534236144260265
1534236144760291
1534236145260599
1534236145760582
1534236146260599
1534236146760882
1534236147260650
1534236147760688
1534236148260723
1534236148761233
1534236149261039
1534236149761047
1534236150261333
1534236150761157
1534236151261164
1534236151761710
1534236152261466
1534236152762038
1534236153261771
1534236153761800
1534236154261844
1534236154762138
1534236155261899
1534236155761946
1534236156262262
1534236156762259
1534236157262288
1534236157762586
1534236158262665
1534236158762417
1534236159262756
1534236159762503
1534236160262554
1534236160763070
1534236161262855
1534236161763165
1534236162262962
1534236162762972
1534236163263293
1534236163763562
1534236164263344
1534236164763654
1534236165263437
1534236165763747
1534236166263530
1534236166763570
1534236167263890
1534236167764164
1534236168263966
1534236168764023
1534236169264048
1534236169764104
1534236170264638
1534236170764239
1534236171264720
1534236171764519
1534236172264377
1534236172764884
1534236173264671
1534236173764732
1534236174264795
1534236174765317
1534236175265106
1534236175765159
1534236176265462
1534236176765261
1534236177265577
1534236177765349
1534236178265913
1534236178765699
1534236179265760
1534236179766085
1534236180265864
1534236180766177
1534236181265960
1534236181766270
1534236182266072
1534236182766129
1534236183266213
1534236183766504
1534236184266821
1534236184767135
1534236185267410
1534236185766958
1534236186266751
1534236186767308
1534236187267166
1534236187767657
1534236188267214
1534236188767262
1534236189267597
1534236189767620
1534236190267681
1534236190767504
1534236191268070
1534236191767578
1534236192268135
1534236192768207
1534236193267805
1534236193768304
1534236194268372
1534236194768167
1534236195268220
1534236195768550
1534236196268371
1534236196768396
1534236197268712
1534236197768817
1534236198269070
1534236198769131
1534236199268944
1534236199768989
1534236200269300
1534236200769094
1534236201269413
1534236201769223
1534236202269277
1534236202769328
1534236203269644
1534236203769747
1534236204269528
1534236204770066
1534236205269870
