1534237455642533
1534237456142642
1534237456642723
1534237457142807
1534237457642887
1534237458142970
1534237458643047
1534237459143126
1534237459643206
1534237460143279
1534237460643364
1534237461143456
1534237461643545
1534237462143631
1534237462643703
1534237463143778
1534237463643854
1534237464143968
1534237464644046
1534237465144131
1534237465644212
1534237466144284
1534237466644364
1534237467144435
1534237468144597
1534237468644668
1534237469144748
1534237469644865
1534237470144940
1534237470645085
1534237471145160
1534237471645312
1534237472145391
1534237472645481
1534237473645643
1534237474145721
1534237474645812
1534237475145953
1534237475646210
1534237476146325
1534237476646409
1534237477146532
1534237477646617
1534237478146697
1534237478646770
1534237479146858
1534237479646938
1534237480147029
1534237480647131
1534237481147208
1534237481647307
1534237482147429
1534237482647512
1534237483147617
1534237483647706
1534237484147902
1534237484647981
1534237485148072
1534237485648147
1534237486148240
1534237486648320
1534237487148404
1534237487648542
1534237488148614
1534237488648696
1534237489148804
1534237489648922
1534237490149021
1534237490649122
1534237491149216
1534237491649321
1534237492149467
1534237492649552
1534237493149659
1534237493649760
1534237494149842
1534237494649942
1534237495150021
1534237495650125
1534237496150219
1534237497650527
1534237498150676
1534237498650773
1534237499650993
1534237500151069
1534237500651162
1534237501151240
1534237501651317
1534237502151414
1534237502651494
1534237503151571
1534237503651653
1534237504151731
1534237504651815
1534237505151905
1534237505651981
1534237506152099
1534237506652179
1534237507152258
1534237507652337
1534237508152422
1534237508652505
1534237509152595
1534237509652686
1534237510653118
1534237511153212
1534237511653292
1534237512153370
1534237512653453
1534237513153531
1534237513653618
1534237514153696
1534237514653785
1534237515153906
1534237515654100
1534237516154189
1534237516654269
1534237517154362
1534237517654467
1534237518654676
1534237519654910
1534237520155033
1534237520655116
1534237521155231
1534237522155415
1534237522655501
1534237523155596
1534237523655679
1534237524155756
1534237524655838
1534237525155916
1534237525656002
1534237526156084
1534237527156284
1534237527656404
1534237528156501
1534237528656577
1534237529656750
1534237530156850
1534237530656962
1534237531157040
1534237531657217
1534237532157304
1534237532657433
1534237533157513
1534237533657596
1534237534157683
1534237534657788
1534237535157869
1534237535657962
1534237536158053
1534237536658120
1534237537158218
1534237537658314
1534237538158425
1534237538658506
1534237539158587
1534237539658683
1534237540158758
1534237540658839
1534237541659017
1534237542159097
1534237542659173
1534237543159257
1534237543659364
1534237544159452
1534237544659531
1534237545159644
1534237545659771
1534237546159865
1534237546659982
1534237547160067
1534237547660142
1534237548160228
1534237548660321
1534237549160440
1534237549660554
1534237550160660
1534237550660764
1534237551160867
1534237551661004
1534237552161103
1534237552661180
1534237553161260
1534237553661338
1534237554161413
1534237554661488
