1534237455643928
1534237455644139
1534237455644281
1534237456143556
1534237456143663
1534237456143739
1534237456643761
1534237456643815
1534237456643891
1534237457143751
1534237457144096
1534237457144250
1534237457644738
1534237457644843
1534237457644992
1534237458144710
1534237458144844
1534237458144932
1534237458644354
1534237458644761
1534237458644974
1534237459144831
1534237459144999
1534237459145200
1534237459643916
1534237459644601
1534237459644770
1534237460145447
1534237460145625
1534237460145758
1534237460644595
1534237460644892
1534237460645166
1534237461144899
1534237461144981
1534237461145078
1534237461645825
1534237461645865
1534237461645920
1534237461646012
1534237461646111
1534237462145399
1534237462145469
1534237462145531
1534237462645687
1534237462645850
1534237462645979
1534237463145065
1534237463145133
1534237463145209
1534237463645526
1534237463645689
1534237463645909
1534237464145861
1534237464145985
1534237464146066
1534237464645262
1534237464645406
1534237464645531
1534237465145360
1534237465145699
1534237465145934
1534237465645369
1534237465645666
1534237465645860
1534237466144923
1534237466145740
1534237466145810
1534237466645151
1534237466645267
1534237466645613
1534237467145002
1534237467145545
1534237467145608
1534237467646097
1534237467646130
1534237467646250
1534237467646445
1534237468146121
1534237468146250
1534237468146382
1534237468646144
1534237468646328
1534237468646504
1534237469147240
1534237469148017
1534237469148048
1534237469148353
1534237469645570
1534237469646020
1534237469646292
1534237470146254
1534237470146686
1534237470146863
1534237470647567
1534237470647681
1534237470647761
1534237471146393
1534237471146753
1534237471147000
1534237471646318
1534237471646512
1534237471646936
1534237472146423
1534237472147111
1534237472147370
1534237472646630
1534237472647260
1534237472647917
1534237473146507
1534237473147270
1534237473147360
1534237473647087
1534237473647399
1534237473647871
1534237474148393
1534237474148899
1534237474149201
1534237474648111
1534237474648886
1534237474649428
1534237475147849
1534237475148016
1534237475148329
1534237475649822
1534237475649915
1534237475650397
1534237476149510
1534237476149711
1534237476149837
1534237476649909
1534237476650582
1534237476650733
1534237476651448
1534237477148207
1534237477148306
1534237477148414
1534237477647775
1534237477648191
1534237477648377
1534237478148327
1534237478148520
1534237478148901
1534237478149236
1534237478648693
1534237478648888
1534237478649063
1534237479148604
1534237479148863
1534237479149206
1534237479648263
1534237479648530
1534237479648725
1534237480149558
1534237480149690
1534237480150037
1534237480150292
1534237480649019
1534237480649301
1534237480649627
1534237481148288
1534237481148613
1534237481149218
1534237481649256
1534237481649482
1534237481649657
1534237482149108
1534237482149539
1534237482149705
1534237482649332
1534237482649420
1534237482649499
1534237483150314
1534237483151149
1534237483151279
1534237483151298
1534237483650032
1534237483650252
1534237483650442
1534237484151232
1534237484151425
1534237484152141
1534237484650163
1534237484650395
1534237484650629
1534237485149611
1534237485150130
1534237485150400
1534237485648756
1534237485649216
1534237485649282
1534237485649329
1534237486150303
1534237486150461
1534237486150551
1534237486649404
1534237486649895
1534237486650298
1534237487150109
1534237487150273
1534237487150637
1534237487651351
1534237487651523
1534237487651713
1534237488149745
1534237488150124
1534237488150295
1534237488650205
1534237488650331
1534237488650356
1534237488650487
1534237489150089
1534237489150241
1534237489150648
1534237489650666
1534237489650714
1534237489650722
1534237489650738
1534237489650805
1534237490150156
1534237490150198
1534237490150818
1534237490151290
1534237490652073
1534237490652296
1534237490652519
1534237491151783
1534237491152390
1534237491152622
1534237491651132
1534237491651885
1534237491652193
1534237492151524
1534237492151763
1534237492152056
1534237492650870
1534237492651144
1534237492651804
1534237493151841
1534237493151897
1534237493152007
1534237493650854
1534237493652219
1534237493652684
1534237494153265
1534237494153504
1534237494154044
1534237494154536
1534237494653938
1534237494654104
1534237494654223
1534237494654316
1534237495151720
1534237495151973
1534237495152278
1534237495653763
1534237495653970
1534237495654181
1534237496151082
1534237496151424
1534237496152160
1534237496651538
1534237496653270
1534237496653471
1534237497151608
1534237497152950
1534237497153193
1534237497652873
1534237497653061
1534237497653270
1534237498154497
1534237498154679
1534237498154797
1534237498653351
1534237498653446
1534237498653547
1534237499152867
1534237499153833
1534237499154017
1534237499653519
1534237499653823
1534237499654088
1534237500152179
1534237500153034
1534237500153381
1534237500652123
1534237500652836
1534237500653020
1534237501152840
1534237501153145
1534237501153295
1534237501652953
1534237501653083
1534237501653168
1534237502152726
1534237502152946
1534237502153185
1534237502653693
1534237502653967
1534237502654179
1534237503152372
1534237503152451
1534237503153160
1534237503153445
1534237503654571
1534237503654785
1534237503655003
1534237504153468
1534237504153565
1534237504153673
1534237504654230
1534237504654464
1534237504654730
1534237505152904
1534237505153577
1534237505154032
1534237505652742
1534237505653009
1534237505653484
1534237506153048
1534237506153806
1534237506153910
1534237506154174
1534237506653365
1534237506653487
1534237506653580
1534237507153437
1534237507155096
1534237507155260
1534237507653562
1534237507654036
1534237507654355
1534237508154462
1534237508154667
1534237508154860
1534237508655365
1534237508655495
1534237508655603
1534237509153819
1534237509153990
1534237509154113
1534237509655193
1534237509655256
1534237509655367
1534237510156441
1534237510156550
1534237510157415
1534237510157891
1534237510654417
1534237510654876
1534237510654999
1534237510655169
1534237511155228
1534237511155467
1534237511155738
1534237511655244
1534237511655396
1534237511655657
1534237512155338
1534237512155460
1534237512155584
1534237512655423
1534237512655628
1534237512655791
1534237513156246
1534237513156401
1534237513156566
1534237513656354
1534237513656582
1534237513656837
1534237514155709
1534237514156009
1534237514156254
1534237514656074
1534237514656115
1534237514656246
1534237514656509
1534237515155306
1534237515156447
1534237515156559
1534237515655396
1534237515655631
1534237515655818
1534237516157537
1534237516157833
1534237516158040
1534237516656581
1534237516656977
1534237516657349
1534237517157349
1534237517157728
1534237517158036
1534237517655896
1534237517656293
1534237517656527
1534237517656757
1534237518156339
1534237518156594
1534237518156962
1534237518656572
1534237518656671
1534237518656821
1534237519156548
1534237519157529
1534237519157793
1534237519157820
1534237519158023
1534237519657426
1534237519657698
1534237519657884
1534237520157861
1534237520157995
1534237520158196
1534237520158374
1534237520656085
1534237520656847
1534237520657176
1534237521157490
1534237521157714
1534237521158035
1534237521656286
1534237521657538
1534237521657707
1534237522156766
1534237522157138
1534237522157686
1534237522657889
1534237522658145
1534237522658460
1534237523156723
1534237523156882
1534237523157191
1534237523157284
1534237523656561
1534237523657571
1534237523657700
1534237524158094
1534237524158235
1534237524158480
1534237524657274
1534237524657597
1534237524657841
1534237525157407
1534237525157860
1534237525158173
1534237525658409
1534237525658721
1534237525658862
1534237526157305
1534237526157599
1534237526157722
1534237526657293
1534237526658359
1534237526658501
1534237527158726
1534237527159143
1534237527159219
1534237527658643
1534237527658723
1534237527659212
1534237528157655
1534237528157847
1534237528157949
1534237528659274
1534237528659444
1534237528659649
1534237529158584
1534237529158743
1534237529158849
1534237529659821
1534237529659915
1534237529660029
1534237530158601
1534237530159873
1534237530160164
1534237530660126
1534237530660214
1534237530660334
1534237531159343
1534237531159496
1534237531159652
1534237531659194
1534237531659368
1534237531659555
1534237532158568
1534237532159164
1534237532159297
1534237532659047
1534237532659481
1534237532659906
1534237533159598
1534237533159802
1534237533160150
1534237533659276
1534237533659595
1534237533660231
1534237534159438
1534237534159642
1534237534160038
1534237534659582
1534237534659715
1534237534659811
1534237535159394
1534237535159566
1534237535160017
1534237535659177
1534237535659347
1534237535659402
1534237536160244
1534237536161112
1534237536161232
1534237536659161
1534237536659410
1534237536659658
1534237536660202
1534237537161831
1534237537162007
1534237537162211
1534237537659455
1534237537659797
1534237537660168
1534237538159451
1534237538159985
1534237538160911
1534237538660444
1534237538660879
1534237538661266
1534237539161907
1534237539162019
1534237539162188
1534237539662352
1534237539662535
1534237539662833
1534237540160779
1534237540160879
1534237540161010
1534237540659953
1534237540661003
1534237540661317
1534237541161889
1534237541162023
1534237541162156
1534237541659844
1534237541660265
1534237541660543
1534237542161571
1534237542161688
1534237542161796
1534237542660687
1534237542661387
1534237542661662
1534237543160831
1534237543161213
1534237543161467
1534237543662858
1534237543663036
1534237543663185
1534237544162679
1534237544162964
1534237544163085
1534237544660691
1534237544660895
1534237544661446
1534237545164834
1534237545165022
1534237545165236
1534237545660862
1534237545661029
1534237545661700
1534237546162048
1534237546162340
1534237546162564
1534237546661168
1534237546661939
1534237546662170
1534237547162975
1534237547163229
1534237547163424
1534237547661114
1534237547661814
1534237547661974
1534237548162331
1534237548162521
1534237548162634
1534237548663497
1534237548663898
1534237548664039
1534237549161995
1534237549162359
1534237549162448
1534237549661790
1534237549662172
1534237549662957
1534237550162371
1534237550162730
1534237550163102
1534237550662502
1534237550662675
1534237550663036
1534237551163109
1534237551163299
1534237551163365
1534237551662705
1534237551662765
1534237551662915
1534237552163323
1534237552163548
1534237552163704
1534237552662820
1534237552663330
1534237552663552
1534237553163505
1534237553163738
1534237553163926
1534237553663100
1534237553663466
1534237553663675
1534237554163884
1534237554164044
1534237554164184
1534237554663504
1534237554663679
1534237554663790
