1534237455644019
1534237455644038
1534237455644045
1534237455644051
1534237455644059
1534237455644066
1534237455644073
1534237455644080
1534237455644196
1534237455644206
1534237455644215
1534237455644222
1534237455644229
1534237455644235
1534237455644241
1534237455644248
1534237455644307
1534237455644318
1534237455644325
1534237455644331
1534237455644339
1534237455644345
1534237455644351
1534237455644358
1534237456144065
1534237456144080
1534237456144088
1534237456144101
1534237456144108
1534237456144114
1534237456144121
1534237456144128
1534237456144138
1534237456144146
1534237456144152
1534237456144158
1534237456144165
1534237456144176
1534237456144183
1534237456144189
1534237456144195
1534237456144202
1534237456144208
1534237456144220
1534237456144229
1534237456144235
1534237456144419
1534237456144432
1534237456643966
1534237456643980
1534237456643988
1534237456643995
1534237456644001
1534237456644007
1534237456644014
1534237456644022
1534237456644028
1534237456644034
1534237456644040
1534237456644047
1534237456644053
1534237456644060
1534237456644066
1534237456644072
1534237456644115
1534237456644121
1534237456644127
1534237456644133
1534237456644141
1534237456644147
1534237456644153
1534237456644174
1534237457143889
1534237457143903
1534237457143910
1534237457143917
1534237457143924
1534237457143931
1534237457143938
1534237457143945
1534237457144284
1534237457144295
1534237457144302
1534237457144309
1534237457144315
1534237457144322
1534237457144329
1534237457144335
1534237457144342
1534237457144348
1534237457144354
1534237457144361
1534237457144367
1534237457144374
1534237457144380
1534237457144386
1534237457644594
1534237457644777
1534237457644786
1534237457644793
1534237457644800
1534237457644806
1534237457644817
1534237457644825
1534237457644832
1534237457644923
1534237457644938
1534237457644945
1534237457644951
1534237457644957
1534237457644963
1534237457644973
1534237457644980
1534237457645025
1534237457645034
1534237457645040
1534237457645052
1534237457645058
1534237457645065
1534237457645075
1534237457645081
1534237458144788
1534237458144804
1534237458144811
1534237458144817
1534237458144827
1534237458144834
1534237458144840
1534237458144847
1534237458144942
1534237458144957
1534237458144964
1534237458144970
1534237458144977
1534237458144989
1534237458144996
1534237458145007
1534237458145013
1534237458145019
1534237458145030
1534237458145037
1534237458145047
1534237458145054
1534237458145060
1534237458145071
1534237458644526
1534237458644541
1534237458644553
1534237458644560
1534237458644567
1534237458644573
1534237458644580
1534237458644591
1534237458644798
1534237458644813
1534237458644820
1534237458644827
1534237458644833
1534237458644845
1534237458644852
1534237458644858
1534237458645051
1534237458645065
1534237458645071
1534237458645077
1534237458645083
1534237458645091
1534237458645097
1534237458645104
1534237459144925
1534237459144943
1534237459144954
1534237459144961
1534237459144969
1534237459144977
1534237459144985
1534237459144992
1534237459145119
1534237459145130
1534237459145139
1534237459145148
1534237459145155
1534237459145161
1534237459145168
1534237459145174
1534237459145263
1534237459145271
1534237459145278
1534237459145286
1534237459145293
1534237459145300
1534237459145309
1534237459145316
1534237459643957
1534237459643971
1534237459643978
1534237459643989
1534237459643996
1534237459644003
1534237459644009
1534237459644016
1534237459644647
1534237459644657
1534237459644664
1534237459644675
1534237459644682
1534237459644689
1534237459644695
1534237459644702
1534237459644825
1534237459644838
1534237459644845
1534237459644852
1534237459644858
1534237459644864
1534237459644870
1534237459644880
1534237460144958
1534237460145531
1534237460145541
1534237460145552
1534237460145563
1534237460145570
1534237460145577
1534237460145584
1534237460145599
1534237460145689
1534237460145697
1534237460145704
1534237460145710
1534237460145721
1534237460145728
1534237460145734
1534237460145741
1534237460145779
1534237460145788
1534237460145794
1534237460145806
1534237460145812
1534237460145818
1534237460145825
1534237460145845
1534237460644727
1534237460644743
1534237460644756
1534237460644763
1534237460644770
1534237460644777
1534237460644784
1534237460644795
1534237460645054
1534237460645064
1534237460645071
1534237460645082
1534237460645089
1534237460645095
1534237460645102
1534237460645108
1534237460645195
1534237460645204
1534237460645211
1534237460645218
1534237460645225
1534237460645232
1534237460645238
1534237460645244
1534237461145121
1534237461145133
1534237461145141
1534237461145148
1534237461145154
1534237461145161
1534237461145169
1534237461145175
1534237461145182
1534237461145188
1534237461145195
1534237461145201
1534237461145207
1534237461145214
1534237461145220
1534237461145230
1534237461145237
1534237461145244
1534237461145251
1534237461145257
1534237461145263
1534237461145269
1534237461145277
1534237461145319
1534237461646169
1534237461646185
1534237461646193
1534237461646201
1534237461646209
1534237461646216
1534237461646223
1534237461646229
1534237461646236
1534237461646246
1534237461646259
1534237461646266
1534237461646273
1534237461646280
1534237461646287
1534237461646294
1534237461646301
1534237461646308
1534237461646319
1534237461646325
1534237461646332
1534237461646339
1534237461646349
1534237461646356
1534237461646404
1534237462145455
1534237462145469
1534237462145476
1534237462145483
1534237462145490
1534237462145498
1534237462145505
1534237462145511
1534237462145518
1534237462145525
1534237462145532
1534237462145539
1534237462145546
1534237462145556
1534237462145566
1534237462145577
1534237462145636
1534237462145644
1534237462145651
1534237462145660
1534237462145666
1534237462145673
1534237462145682
1534237462145691
1534237462645737
1534237462645752
1534237462645760
1534237462645768
1534237462645776
1534237462645784
1534237462645791
1534237462645798
1534237462645811
1534237462645916
1534237462645924
1534237462645932
1534237462645939
1534237462645945
1534237462645952
1534237462645959
1534237462645965
1534237462646022
1534237462646030
1534237462646037
1534237462646044
1534237462646052
1534237462646059
1534237462646066
1534237462646072
1534237463145304
1534237463145320
1534237463145329
1534237463145336
1534237463145342
1534237463145349
1534237463145355
1534237463145362
1534237463145368
1534237463145375
1534237463145382
1534237463145388
1534237463145394
1534237463145400
1534237463145406
1534237463145413
1534237463145551
1534237463145561
1534237463145568
1534237463145582
1534237463145589
1534237463145596
1534237463145603
1534237463145610
1534237463645580
1534237463645596
1534237463645603
1534237463645610
1534237463645617
1534237463645624
1534237463645631
1534237463645637
1534237463645743
1534237463645753
1534237463645759
1534237463645766
1534237463645773
1534237463645780
1534237463645787
1534237463645795
1534237463646029
1534237463646041
1534237463646048
1534237463646054
1534237463646060
1534237463646067
1534237463646073
1534237463646092
1534237464146148
1534237464146162
1534237464146170
1534237464146178
1534237464146185
1534237464146195
1534237464146206
1534237464146213
1534237464146221
1534237464146227
1534237464146234
1534237464146241
1534237464146248
1534237464146255
1534237464146263
1534237464146270
1534237464146299
1534237464146306
1534237464146313
1534237464146319
1534237464146329
1534237464146337
1534237464146356
1534237464146364
1534237464146371
1534237464645306
1534237464645322
1534237464645330
1534237464645337
1534237464645344
1534237464645350
1534237464645356
1534237464645363
1534237464645439
1534237464645448
1534237464645455
1534237464645461
1534237464645468
1534237464645474
1534237464645483
1534237464645490
1534237464645560
1534237464645569
1534237464645577
1534237464645583
1534237464645590
1534237464645598
1534237464645604
1534237464645610
1534237465145423
1534237465145438
1534237465145446
1534237465145455
1534237465145464
1534237465145471
1534237465145478
1534237465145484
1534237465145764
1534237465145776
1534237465145782
1534237465145788
1534237465145795
1534237465145801
1534237465145807
1534237465145813
1534237465146014
1534237465146025
1534237465146031
1534237465146038
1534237465146044
1534237465146064
1534237465146071
1534237465146086
1534237465645560
1534237465645576
1534237465645584
1534237465645591
1534237465645598
1534237465645605
1534237465645616
1534237465645623
1534237465645884
1534237465645896
1534237465645904
1534237465645912
1534237465645918
1534237465645925
1534237465645933
1534237465645940
1534237465645950
1534237465645956
1534237465645963
1534237465645969
1534237465645979
1534237465645986
1534237465645993
1534237465646003
1534237466144955
1534237466144969
1534237466144977
1534237466144984
1534237466144994
1534237466145001
1534237466145008
1534237466145014
1534237466145835
1534237466145843
1534237466145850
1534237466145856
1534237466145863
1534237466145869
1534237466145876
1534237466145882
1534237466145889
1534237466145899
1534237466145906
1534237466145912
1534237466145927
1534237466145934
1534237466145942
1534237466145948
1534237466645278
1534237466645295
1534237466645303
1534237466645311
1534237466645319
1534237466645327
1534237466645333
1534237466645340
1534237466645347
1534237466645354
1534237466645364
1534237466645370
1534237466645376
1534237466645383
1534237466645390
1534237466645396
1534237466645738
1534237466645749
1534237466645756
1534237466645762
1534237466645769
1534237466645775
1534237466645782
1534237466645788
1534237467145934
1534237467145947
1534237467145954
1534237467145967
1534237467145973
1534237467145980
1534237467145987
1534237467145994
1534237467146005
1534237467146012
1534237467146019
1534237467146025
1534237467146032
1534237467146044
1534237467146050
1534237467146060
1534237467146126
1534237467146136
1534237467146142
1534237467146149
1534237467146163
1534237467146176
1534237467146182
1534237467146188
1534237467146226
1534237467646165
1534237467646181
1534237467646189
1534237467646197
1534237467646204
1534237467646210
1534237467646217
1534237467646224
1534237467646300
1534237467646311
1534237467646318
1534237467646324
1534237467646331
1534237467646338
1534237467646345
1534237467646352
1534237467646480
1534237467646490
1534237467646497
1534237467646504
1534237467646511
1534237467646518
1534237467646524
1534237467646530
1534237468146164
1534237468146178
1534237468146187
1534237468146194
1534237468146201
1534237468146208
1534237468146214
1534237468146221
1534237468146299
1534237468146309
1534237468146315
1534237468146322
1534237468146329
1534237468146339
1534237468146345
1534237468146352
1534237468146403
1534237468146411
1534237468146418
1534237468146426
1534237468146433
1534237468146440
1534237468146446
1534237468146452
1534237468646184
1534237468646198
1534237468646206
1534237468646214
1534237468646221
1534237468646229
1534237468646236
1534237468646243
1534237468646395
1534237468646406
1534237468646412
1534237468646419
1534237468646426
1534237468646432
1534237468646439
1534237468646446
1534237468646527
1534237468646536
1534237468646543
1534237468646549
1534237468646556
1534237468646563
1534237468646569
1534237468646576
1534237469146693
1534237469147289
1534237469147306
1534237469147317
1534237469147327
1534237469147336
1534237469147350
1534237469147365
1534237469147375
1534237469148083
1534237469148095
1534237469148104
1534237469148112
1534237469148120
1534237469148129
1534237469148136
1534237469148145
1534237469148399
1534237469148409
1534237469148417
1534237469148424
1534237469148431
1534237469148439
1534237469148446
1534237469148455
1534237469645709
1534237469645726
1534237469645734
1534237469645742
1534237469645749
1534237469645757
1534237469645765
1534237469645774
1534237469646166
1534237469646186
1534237469646195
1534237469646204
1534237469646212
1534237469646221
1534237469646229
1534237469646237
1534237469646332
1534237469646342
1534237469646353
1534237469646361
1534237469646369
1534237469646380
1534237469646388
1534237469646396
1534237470146469
1534237470146484
1534237470146492
1534237470146499
1534237470146507
1534237470146518
1534237470146526
1534237470146533
1534237470146541
1534237470146729
1534237470146738
1534237470146746
1534237470146754
1534237470146761
1534237470146769
1534237470146777
1534237470146784
1534237470146914
1534237470146926
1534237470146934
1534237470146952
1534237470146960
1534237470146967
1534237470146975
1534237470146986
1534237470647261
1534237470647858
1534237470647873
1534237470647883
1534237470647892
1534237470647900
1534237470647911
1534237470647919
1534237470647928
1534237470647937
1534237470647946
1534237470647954
1534237470647961
1534237470647969
1534237470647976
1534237470647984
1534237470647992
1534237470648422
1534237470648436
1534237470648445
1534237470648453
1534237470648461
1534237470648469
1534237470648478
1534237470648486
1534237471146742
1534237471146762
1534237471146775
1534237471146784
1534237471146793
1534237471146803
1534237471146811
1534237471146819
1534237471146827
1534237471146835
1534237471146844
1534237471146852
1534237471146862
1534237471146871
1534237471146879
1534237471146886
1534237471147148
1534237471147159
1534237471147167
1534237471147174
1534237471147183
1534237471147192
1534237471147200
1534237471147207
1534237471646611
1534237471646629
1534237471646638
1534237471646647
1534237471646655
1534237471646663
1534237471646671
1534237471646679
1534237471646688
1534237471646696
1534237471646704
1534237471646712
1534237471646722
1534237471646731
1534237471646739
1534237471646751
1534237471646963
1534237471646975
1534237471646982
1534237471646990
1534237471646997
1534237471647004
1534237471647011
1534237471647024
1534237472146617
1534237472146636
1534237472146645
1534237472146653
1534237472146662
1534237472146671
1534237472146679
1534237472146686
1534237472147248
1534237472147263
1534237472147272
1534237472147280
1534237472147289
1534237472147296
1534237472147304
1534237472147312
1534237472147420
1534237472147430
1534237472147438
1534237472147446
1534237472147453
1534237472147460
1534237472147468
1534237472147476
1534237472646824
1534237472646839
1534237472646847
1534237472646857
1534237472646865
1534237472646873
1534237472646880
1534237472646888
1534237472647512
1534237472647526
1534237472647535
1534237472647546
1534237472647555
1534237472647563
1534237472647572
1534237472647580
1534237472647943
1534237472647958
1534237472647967
1534237472647976
1534237472647984
1534237472647992
1534237472648000
1534237472648009
1534237473146580
1534237473146600
1534237473146609
1534237473146617
1534237473146627
1534237473146635
1534237473146643
1534237473146651
1534237473147405
1534237473147420
1534237473147428
1534237473147439
1534237473147447
1534237473147455
1534237473147463
1534237473147471
1534237473147482
1534237473147491
1534237473147499
1534237473147507
1534237473147518
1534237473147526
1534237473147534
1534237473147542
1534237473647278
1534237473647299
1534237473647308
1534237473647316
1534237473647325
1534237473647335
1534237473647345
1534237473647354
1534237473647429
1534237473647439
1534237473647448
1534237473647456
1534237473647464
1534237473647472
1534237473647481
1534237473647490
1534237473647902
1534237473647915
1534237473647923
1534237473647931
1534237473647941
1534237473647950
1534237473647957
1534237473647966
1534237474148123
1534237474148488
1534237474148501
1534237474148510
1534237474148526
1534237474148535
1534237474148543
1534237474148551
1534237474148566
1534237474148928
1534237474148940
1534237474148948
1534237474148963
1534237474148972
1534237474148981
1534237474148989
1534237474149005
1534237474149241
1534237474149253
1534237474149267
1534237474149275
1534237474149284
1534237474149294
1534237474149306
1534237474149314
1534237474648604
1534237474648632
1534237474648642
1534237474648652
1534237474648662
1534237474648677
1534237474648687
1534237474648697
1534237474649049
1534237474649064
1534237474649074
1534237474649089
1534237474649099
1534237474649109
1534237474649125
1534237474649134
1534237474649503
1534237474649522
1534237474649533
1534237474649542
1534237474649551
1534237474649561
1534237474649570
1534237474649580
1534237475148122
1534237475148147
1534237475148163
1534237475148175
1534237475148185
1534237475148193
1534237475148210
1534237475148219
1534237475148228
1534237475148242
1534237475148250
1534237475148259
1534237475148268
1534237475148281
1534237475148290
1534237475148298
1534237475148445
1534237475148457
1534237475148478
1534237475148486
1534237475148500
1534237475148508
1534237475148516
1534237475148525
1534237475649358
1534237475649904
1534237475649918
1534237475649928
1534237475649942
1534237475649951
1534237475649960
1534237475649976
1534237475649985
1534237475649994
1534237475650003
1534237475650017
1534237475650026
1534237475650034
1534237475650047
1534237475650061
1534237475650070
1534237475650437
1534237475650454
1534237475650463
1534237475650471
1534237475650480
1534237475650488
1534237475650497
1534237475650506
1534237476149967
1534237476149982
1534237476149992
1534237476150001
1534237476150009
1534237476150018
1534237476150027
1534237476150035
1534237476150044
1534237476150052
1534237476150060
1534237476150068
1534237476150086
1534237476150097
1534237476150106
1534237476150119
1534237476150157
1534237476150166
1534237476150175
1534237476150183
1534237476150195
1534237476150204
1534237476150212
1534237476150224
1534237476649977
1534237476649991
1534237476650001
1534237476650009
1534237476650019
1534237476650028
1534237476650038
1534237476650047
1534237476650684
1534237476650701
1534237476650711
1534237476650727
1534237476650736
1534237476650745
1534237476650759
1534237476650769
1534237476651475
1534237476651489
1534237476651499
1534237476651509
1534237476651518
1534237476651528
1534237476651536
1534237476651544
1534237477148309
1534237477148338
1534237477148350
1534237477148359
1534237477148370
1534237477148378
1534237477148387
1534237477148399
1534237477148408
1534237477148419
1534237477148428
1534237477148464
1534237477148475
1534237477148484
1534237477148493
1534237477148502
1534237477148511
1534237477148519
1534237477148526
1534237477148534
1534237477148542
1534237477148549
1534237477148582
1534237477148593
1534237477647970
1534237477647988
1534237477647998
1534237477648009
1534237477648017
1534237477648026
1534237477648035
1534237477648044
1534237477648296
1534237477648309
1534237477648319
1534237477648329
1534237477648337
1534237477648345
1534237477648353
1534237477648361
1534237477648489
1534237477648501
1534237477648510
1534237477648518
1534237477648531
1534237477648539
1534237477648548
1534237477648557
1534237478148384
1534237478148403
1534237478148412
1534237478148421
1534237478148429
1534237478148438
1534237478148448
1534237478148457
1534237478148661
1534237478148680
1534237478148689
1534237478148703
1534237478148712
1534237478148722
1534237478148731
1534237478148740
1534237478149016
1534237478149029
1534237478149037
1534237478149045
1534237478149258
1534237478149269
1534237478149278
1534237478149286
1534237478649056
1534237478649073
1534237478649089
1534237478649098
1534237478649106
1534237478649114
1534237478649131
1534237478649140
1534237478649148
1534237478649157
1534237478649174
1534237478649182
1534237478649190
1534237478649198
1534237478649211
1534237478649219
1534237478649302
1534237478649315
1534237478649324
1534237478649332
1534237478649340
1534237478649348
1534237478649356
1534237478649363
1534237479148722
1534237479148740
1534237479148756
1534237479148765
1534237479148775
1534237479148785
1534237479148799
1534237479148814
1534237479149098
1534237479149116
1534237479149125
1534237479149139
1534237479149147
1534237479149155
1534237479149164
1534237479149178
1534237479149286
1534237479149296
1534237479149305
1534237479149312
1534237479149319
1534237479149327
1534237479149335
1534237479149344
1534237479648368
1534237479648387
1534237479648398
1534237479648408
1534237479648417
1534237479648426
1534237479648434
1534237479648442
1534237479648595
1534237479648606
1534237479648616
1534237479648626
1534237479648636
1534237479648644
1534237479648652
1534237479648661
1534237479648753
1534237479648764
1534237479648773
1534237479648782
1534237479648790
1534237479648799
1534237479648806
1534237479648815
1534237480149755
1534237480149776
1534237480149793
1534237480149802
1534237480149810
1534237480149817
1534237480149825
1534237480149839
1534237480149846
1534237480150115
1534237480150129
1534237480150137
1534237480150153
1534237480150161
1534237480150168
1534237480150177
1534237480150191
1534237480150365
1534237480150398
1534237480150406
1534237480150414
1534237480150422
1534237480150434
1534237480150442
1534237480150450
1534237480649355
1534237480649376
1534237480649386
1534237480649405
1534237480649413
1534237480649421
1534237480649436
1534237480649444
1534237480649452
1534237480649461
1534237480649475
1534237480649484
1534237480649492
1534237480649500
1534237480649513
1534237480649522
1534237480649662
1534237480649673
1534237480649680
1534237480649688
1534237480649696
1534237480649704
1534237480649716
1534237480649725
1534237481148772
1534237481148790
1534237481148799
1534237481148807
1534237481148816
1534237481148824
1534237481148832
1534237481148840
1534237481148849
1534237481148857
1534237481148867
1534237481148875
1534237481148884
1534237481148892
1534237481148900
1534237481148908
1534237481149322
1534237481149337
1534237481149345
1534237481149359
1534237481149366
1534237481149374
1534237481149381
1534237481149388
1534237481649350
1534237481649369
1534237481649379
1534237481649388
1534237481649397
1534237481649406
1534237481649415
1534237481649423
1534237481649543
1534237481649556
1534237481649564
1534237481649573
1534237481649580
1534237481649590
1534237481649597
1534237481649609
1534237481649681
1534237481649692
1534237481649700
1534237481649708
1534237481649716
1534237481649724
1534237481649731
1534237481649740
1534237482149312
1534237482149333
1534237482149342
1534237482149352
1534237482149360
1534237482149369
1534237482149377
1534237482149385
1534237482149574
1534237482149586
1534237482149594
1534237482149603
1534237482149611
1534237482149620
1534237482149628
1534237482149636
1534237482149819
1534237482149830
1534237482149839
1534237482149847
1534237482149855
1534237482149863
1534237482149873
1534237482149881
1534237482649770
1534237482649790
1534237482649802
1534237482649811
1534237482649820
1534237482649828
1534237482649837
1534237482649849
1534237482649859
1534237482649867
1534237482649875
1534237482649883
1534237482649891
1534237482649899
1534237482649907
1534237482649914
1534237482649922
1534237482649930
1534237482649938
1534237482649991
1534237482650001
1534237482650010
1534237482650018
1534237482650026
1534237483150809
1534237483150829
1534237483150838
1534237483150847
1534237483150855
1534237483150863
1534237483150871
1534237483150879
1534237483150887
1534237483151187
1534237483151203
1534237483151211
1534237483151218
1534237483151226
1534237483151234
1534237483151241
1534237483151252
1534237483151315
1534237483151325
1534237483151332
1534237483151339
1534237483151347
1534237483151355
1534237483151363
1534237483151370
1534237483650168
1534237483650185
1534237483650194
1534237483650202
1534237483650210
1534237483650219
1534237483650227
1534237483650237
1534237483650390
1534237483650406
1534237483650421
1534237483650429
1534237483650437
1534237483650445
1534237483650460
1534237483650469
1534237483650476
1534237483650484
1534237483650492
1534237483650499
1534237483650507
1534237483650514
1534237483650521
1534237483650533
1534237484150894
1534237484151310
1534237484151324
1534237484151333
1534237484151343
1534237484151357
1534237484151365
1534237484151374
1534237484151388
1534237484151454
1534237484151466
1534237484151474
1534237484151484
1534237484151493
1534237484151503
1534237484151513
1534237484151522
1534237484152215
1534237484152227
1534237484152235
1534237484152243
1534237484152257
1534237484152266
1534237484152274
1534237484152283
1534237484650294
1534237484650311
1534237484650321
1534237484650335
1534237484650344
1534237484650353
1534237484650361
1534237484650375
1534237484650500
1534237484650512
1534237484650521
1534237484650532
1534237484650541
1534237484650550
1534237484650559
1534237484650568
1534237484650729
1534237484650741
1534237484650750
1534237484650758
1534237484650767
1534237484650776
1534237484650785
1534237484650794
1534237485149815
1534237485149832
1534237485149840
1534237485149849
1534237485149858
1534237485149866
1534237485149875
1534237485149883
1534237485150260
1534237485150271
1534237485150279
1534237485150288
1534237485150296
1534237485150304
1534237485150313
1534237485150321
1534237485150448
1534237485150456
1534237485150464
1534237485150472
1534237485150479
1534237485150487
1534237485150494
1534237485150502
1534237485650197
1534237485650213
1534237485650222
1534237485650232
1534237485650241
1534237485650249
1534237485650262
1534237485650270
1534237485650278
1534237485650290
1534237485650297
1534237485650309
1534237485650318
1534237485650326
1534237485650338
1534237485650346
1534237485650354
1534237485650362
1534237485650370
1534237485650378
1534237485650385
1534237485650394
1534237485650405
1534237485650412
1534237486150725
1534237486150742
1534237486150750
1534237486150758
1534237486150765
1534237486150773
1534237486150780
1534237486150787
1534237486150794
1534237486150802
1534237486150810
1534237486150817
1534237486150825
1534237486150832
1534237486150839
1534237486150846
1534237486150853
1534237486150893
1534237486150902
1534237486150909
1534237486150917
1534237486150924
1534237486150964
1534237486150975
1534237486150982
1534237486649813
1534237486649831
1534237486649840
1534237486649850
1534237486649858
1534237486649866
1534237486649874
1534237486649881
1534237486650185
1534237486650198
1534237486650207
1534237486650215
1534237486650223
1534237486650231
1534237486650238
1534237486650248
1534237486650445
1534237486650456
1534237486650463
1534237486650470
1534237486650477
1534237486650484
1534237486650490
1534237486650500
1534237487150154
1534237487150170
1534237487150179
1534237487150187
1534237487150194
1534237487150202
1534237487150209
1534237487150217
1534237487150346
1534237487150357
1534237487150365
1534237487150374
1534237487150381
1534237487150389
1534237487150398
1534237487150406
1534237487150719
1534237487150729
1534237487150741
1534237487150748
1534237487150755
1534237487150762
1534237487150774
1534237487150782
1534237487650891
1534237487651438
1534237487651450
1534237487651457
1534237487651465
1534237487651472
1534237487651480
1534237487651491
1534237487651499
1534237487651568
1534237487651579
1534237487651589
1534237487651597
1534237487651605
1534237487651612
1534237487651620
1534237487651627
1534237487651775
1534237487651785
1534237487651793
1534237487651800
1534237487651807
1534237487651815
1534237487651822
1534237487651833
1534237488149995
1534237488150014
1534237488150022
1534237488150029
1534237488150037
1534237488150045
1534237488150053
1534237488150060
1534237488150192
1534237488150205
1534237488150213
1534237488150221
1534237488150229
1534237488150237
1534237488150245
1534237488150252
1534237488150318
1534237488150328
1534237488150336
1534237488150343
1534237488150350
1534237488150357
1534237488150364
1534237488150371
1534237488650251
1534237488650269
1534237488650278
1534237488650285
1534237488650293
1534237488650301
1534237488650309
1534237488650317
1534237488650360
1534237488650380
1534237488650389
1534237488650397
1534237488650406
1534237488650414
1534237488650421
1534237488650428
1534237488650522
1534237488650532
1534237488650540
1534237488650550
1534237488650557
1534237488650565
1534237488650574
1534237488650581
1534237489150182
1534237489150203
1534237489150212
1534237489150221
1534237489150230
1534237489150237
1534237489150245
1534237489150254
1534237489150263
1534237489150274
1534237489150283
1534237489150290
1534237489150299
1534237489150309
1534237489150319
1534237489150326
1534237489150781
1534237489150797
1534237489150806
1534237489150814
1534237489150821
1534237489150827
1534237489150834
1534237489150841
1534237489651844
1534237489651859
1534237489651868
1534237489651877
1534237489651885
1534237489651894
1534237489651903
1534237489651911
1534237489651919
1534237489651927
1534237489651936
1534237489651943
1534237489651952
1534237489651961
1534237489651969
1534237489651978
1534237489652055
1534237489652065
1534237489652074
1534237489652083
1534237489652091
1534237489652099
1534237489652107
1534237489652115
1534237489652122
1534237490151425
1534237490151439
1534237490151448
1534237490151456
1534237490151468
1534237490151477
1534237490151485
1534237490151492
1534237490151506
1534237490151523
1534237490151531
1534237490151551
1534237490151564
1534237490151572
1534237490151595
1534237490151603
1534237490151610
1534237490151624
1534237490151633
1534237490151645
1534237490151653
1534237490151666
1534237490151674
1534237490151682
1534237490651841
1534237490652153
1534237490652167
1534237490652175
1534237490652183
1534237490652191
1534237490652199
1534237490652207
1534237490652215
1534237490652364
1534237490652376
1534237490652385
1534237490652393
1534237490652401
1534237490652409
1534237490652417
1534237490652426
1534237490652627
1534237490652638
1534237490652645
1534237490652652
1534237490652660
1534237490652667
1534237490652676
1534237490652683
1534237491151900
1534237491151920
1534237491151927
1534237491151937
1534237491151944
1534237491151951
1534237491151959
1534237491151966
1534237491152482
1534237491152497
1534237491152509
1534237491152516
1534237491152523
1534237491152534
1534237491152542
1534237491152554
1534237491152717
1534237491152731
1534237491152739
1534237491152746
1534237491152753
1534237491152761
1534237491152768
1534237491152775
1534237491651207
1534237491651230
1534237491651241
1534237491651250
1534237491651264
1534237491651275
1534237491651284
1534237491651297
1534237491652000
1534237491652020
1534237491652031
1534237491652040
1534237491652049
1534237491652058
1534237491652066
1534237491652074
1534237491652324
1534237491652339
1534237491652348
1534237491652367
1534237491652376
1534237491652385
1534237491652398
1534237491652408
1534237492151839
1534237492151853
1534237492151863
1534237492151877
1534237492151885
1534237492151893
1534237492151901
1534237492151915
1534237492151924
1534237492151933
1534237492151941
1534237492151954
1534237492151962
1534237492151970
1534237492151982
1534237492151995
1534237492152100
1534237492152110
1534237492152118
1534237492152125
1534237492152133
1534237492152140
1534237492152148
1534237492152156
1534237492651426
1534237492651443
1534237492651452
1534237492651461
1534237492651469
1534237492651477
1534237492651485
1534237492651493
1534237492651500
1534237492651509
1534237492651517
1534237492651525
1534237492651534
1534237492651541
1534237492651548
1534237492651555
1534237492651876
1534237492651888
1534237492651896
1534237492651903
1534237492651912
1534237492651919
1534237492651926
1534237492651934
1534237493152127
1534237493152141
1534237493152149
1534237493152163
1534237493152171
1534237493152179
1534237493152187
1534237493152204
1534237493152212
1534237493152219
1534237493152231
1534237493152244
1534237493152253
1534237493152264
1534237493152278
1534237493152286
1534237493152293
1534237493152302
1534237493152309
1534237493152324
1534237493152331
1534237493152338
1534237493152347
1534237493152354
1534237493152433
1534237493652322
1534237493652337
1534237493652348
1534237493652361
1534237493652370
1534237493652380
1534237493652389
1534237493652398
1534237493652407
1534237493652416
1534237493652425
1534237493652436
1534237493652445
1534237493652454
1534237493652463
1534237493652474
1534237493652812
1534237493652825
1534237493652834
1534237493652843
1534237493652852
1534237493652861
1534237493652870
1534237493652879
1534237494153535
1534237494153553
1534237494153563
1534237494153572
1534237494153581
1534237494153590
1534237494153599
1534237494153608
1534237494153618
1534237494154108
1534237494154123
1534237494154132
1534237494154142
1534237494154150
1534237494154159
1534237494154167
1534237494154175
1534237494154580
1534237494154593
1534237494154610
1534237494154619
1534237494154628
1534237494154637
1534237494154646
1534237494154655
1534237494654037
1534237494654056
1534237494654070
1534237494654085
1534237494654096
1534237494654105
1534237494654117
1534237494654125
1534237494654134
1534237494654147
1534237494654157
1534237494654165
1534237494654173
1534237494654182
1534237494654194
1534237494654301
1534237494654310
1534237494654319
1534237494654327
1534237494654336
1534237494654344
1534237494654357
1534237494654366
1534237494654375
1534237495151841
1534237495151859
1534237495151868
1534237495151877
1534237495151886
1534237495151893
1534237495151901
1534237495151910
1534237495152095
1534237495152107
1534237495152116
1534237495152125
1534237495152143
1534237495152152
1534237495152159
1534237495152167
1534237495152325
1534237495152337
1534237495152346
1534237495152354
1534237495152362
1534237495152371
1534237495152379
1534237495152388
1534237495652518
1534237495653864
1534237495653880
1534237495653890
1534237495653899
1534237495653907
1534237495653915
1534237495653923
1534237495653934
1534237495654076
1534237495654098
1534237495654107
1534237495654117
1534237495654125
1534237495654136
1534237495654144
1534237495654151
1534237495654319
1534237495654332
1534237495654340
1534237495654357
1534237495654365
1534237495654374
1534237495654382
1534237495654390
1534237496152415
1534237496152437
1534237496152446
1534237496152455
1534237496152463
1534237496152473
1534237496152481
1534237496152489
1534237496152498
1534237496152507
1534237496152515
1534237496152528
1534237496152538
1534237496152547
1534237496152557
1534237496152564
1534237496152573
1534237496152581
1534237496152588
1534237496152596
1534237496152604
1534237496152613
1534237496152622
1534237496152804
1534237496651643
1534237496651664
1534237496651675
1534237496651685
1534237496651694
1534237496651703
1534237496651711
1534237496651721
1534237496653326
1534237496653340
1534237496653350
1534237496653359
1534237496653368
1534237496653379
1534237496653388
1534237496653397
1534237496653501
1534237496653512
1534237496653521
1534237496653530
1534237496653539
1534237496653548
1534237496653557
1534237496653566
1534237497151947
1534237497151967
1534237497151976
1534237497151985
1534237497151993
1534237497152003
1534237497152011
1534237497152019
1534237497153080
1534237497153094
1534237497153104
1534237497153112
1534237497153127
1534237497153136
1534237497153147
1534237497153162
1534237497153323
1534237497153337
1534237497153350
1534237497153358
1534237497153367
1534237497153375
1534237497153383
1534237497153391
1534237497652932
1534237497652953
1534237497652964
1534237497652972
1534237497652985
1534237497652996
1534237497653005
1534237497653016
1534237497653172
1534237497653187
1534237497653195
1534237497653203
1534237497653211
1534237497653219
1534237497653226
1534237497653234
1534237497653356
1534237497653368
1534237497653377
1534237497653384
1534237497653392
1534237497653400
1534237497653408
1534237497653416
1534237498153592
1534237498154577
1534237498154594
1534237498154613
1534237498154623
1534237498154631
1534237498154651
1534237498154662
1534237498154671
1534237498154750
1534237498154761
1534237498154776
1534237498154786
1534237498154794
1534237498154808
1534237498154819
1534237498154828
1534237498154836
1534237498154850
1534237498154858
1534237498154866
1534237498154877
1534237498154890
1534237498154898
1534237498154910
1534237498653725
1534237498653739
1534237498653748
1534237498653759
1534237498653768
1534237498653776
1534237498653784
1534237498653793
1534237498653801
1534237498653809
1534237498653817
1534237498653825
1534237498653833
1534237498653841
1534237498653849
1534237498653857
1534237498653925
1534237498653936
1534237498653944
1534237498653952
1534237498653959
1534237498653967
1534237498653975
1534237498653988
1534237499153038
1534237499153056
1534237499153066
1534237499153074
1534237499153083
1534237499153091
1534237499153099
1534237499153108
1534237499153925
1534237499153938
1534237499153954
1534237499153963
1534237499153971
1534237499153980
1534237499153988
1534237499153998
1534237499154153
1534237499154169
1534237499154177
1534237499154188
1534237499154196
1534237499154205
1534237499154213
1534237499154221
1534237499653708
1534237499653727
1534237499653742
1534237499653751
1534237499653759
1534237499653768
1534237499653776
1534237499653786
1534237499653992
1534237499654005
1534237499654013
1534237499654022
1534237499654031
1534237499654044
1534237499654053
1534237499654061
1534237499654188
1534237499654201
1534237499654210
1534237499654217
1534237499654225
1534237499654233
1534237499654241
1534237499654249
1534237500152587
1534237500152606
1534237500152615
1534237500152629
1534237500152637
1534237500152646
1534237500152654
1534237500152668
1534237500153185
1534237500153200
1534237500153209
1534237500153235
1534237500153243
1534237500153256
1534237500153264
1534237500153272
1534237500153403
1534237500153416
1534237500153424
1534237500153432
1534237500153439
1534237500153447
1534237500153455
1534237500153467
1534237500653220
1534237500653240
1534237500653249
1534237500653259
1534237500653268
1534237500653276
1534237500653284
1534237500653298
1534237500653306
1534237500653315
1534237500653324
1534237500653332
1534237500653340
1534237500653348
1534237500653356
1534237500653364
1534237500653372
1534237500653379
1534237500653387
1534237500653506
1534237500653518
1534237500653526
1534237500653534
1534237500653541
1534237501153447
1534237501153466
1534237501153482
1534237501153490
1534237501153498
1534237501153506
1534237501153520
1534237501153529
1534237501153537
1534237501153545
1534237501153564
1534237501153572
1534237501153580
1534237501153588
1534237501153600
1534237501153609
1534237501153617
1534237501153625
1534237501153646
1534237501153654
1534237501153662
1534237501153671
1534237501153684
1534237501153692
1534237501653564
1534237501653579
1534237501653587
1534237501653597
1534237501653606
1534237501653614
1534237501653621
1534237501653634
1534237501653642
1534237501653650
1534237501653664
1534237501653674
1534237501653683
1534237501653691
1534237501653698
1534237501653706
1534237501653713
1534237501653720
1534237501653727
1534237501653735
1534237501653743
1534237501653755
1534237501653767
1534237501653775
1534237502152806
1534237502152825
1534237502152833
1534237502152841
1534237502152848
1534237502152856
1534237502152864
1534237502152872
1534237502153060
1534237502153071
1534237502153078
1534237502153087
1534237502153095
1534237502153103
1534237502153110
1534237502153118
1534237502153267
1534237502153279
1534237502153287
1534237502153295
1534237502153303
1534237502153311
1534237502153318
1534237502153326
1534237502653494
1534237502653797
1534237502653811
1534237502653819
1534237502653827
1534237502653836
1534237502653844
1534237502653851
1534237502653859
1534237502654021
1534237502654033
1534237502654041
1534237502654049
1534237502654057
1534237502654067
1534237502654074
1534237502654091
1534237502654206
1534237502654218
1534237502654227
1534237502654234
1534237502654242
1534237502654249
1534237502654256
1534237502654264
1534237503152475
1534237503152496
1534237503152505
1534237503152514
1534237503152522
1534237503152530
1534237503152539
1534237503152547
1534237503153257
1534237503153271
1534237503153279
1534237503153292
1534237503153305
1534237503153313
1534237503153321
1534237503153329
1534237503153473
1534237503153484
1534237503153493
1534237503153502
1534237503153510
1534237503153517
1534237503153525
1534237503153532
1534237503653690
1534237503654650
1534237503654664
1534237503654672
1534237503654683
1534237503654691
1534237503654700
1534237503654708
1534237503654716
1534237503654835
1534237503654846
1534237503654855
1534237503654863
1534237503654871
1534237503654878
1534237503654887
1534237503654894
1534237503655112
1534237503655124
1534237503655132
1534237503655140
1534237503655153
1534237503655160
1534237503655176
1534237503655185
1534237504154019
1534237504154041
1534237504154050
1534237504154060
1534237504154069
1534237504154084
1534237504154095
1534237504154103
1534237504154111
1534237504154119
1534237504154127
1534237504154134
1534237504154143
1534237504154150
1534237504154158
1534237504154166
1534237504154386
1534237504154398
1534237504154405
1534237504154413
1534237504154420
1534237504154428
1534237504154438
1534237504154446
1534237504654275
1534237504654296
1534237504654304
1534237504654312
1534237504654320
1534237504654328
1534237504654336
1534237504654343
1534237504654532
1534237504654544
1534237504654552
1534237504654561
1534237504654568
1534237504654576
1534237504654584
1534237504654591
1534237504654755
1534237504654766
1534237504654774
1534237504654781
1534237504654788
1534237504654797
1534237504654806
1534237504654815
1534237505154271
1534237505154300
1534237505154308
1534237505154317
1534237505154328
1534237505154336
1534237505154344
1534237505154352
1534237505154372
1534237505154381
1534237505154399
1534237505154412
1534237505154421
1534237505154429
1534237505154437
1534237505154454
1534237505154467
1534237505154474
1534237505154490
1534237505154499
1534237505154508
1534237505154516
1534237505154530
1534237505154539
1534237505653348
1534237505653365
1534237505653374
1534237505653385
1534237505653393
1534237505653400
1534237505653407
1534237505653414
1534237505653427
1534237505653434
1534237505653441
1534237505653448
1534237505653456
1534237505653469
1534237505653477
1534237505653485
1534237505654128
1534237505654139
1534237505654146
1534237505654154
1534237505654161
1534237505654169
1534237505654176
1534237505654184
1534237506153708
1534237506153725
1534237506153733
1534237506153742
1534237506153749
1534237506153757
1534237506153764
1534237506153772
1534237506153840
1534237506153850
1534237506153860
1534237506153868
1534237506153876
1534237506153883
1534237506153891
1534237506153898
1534237506154216
1534237506154227
1534237506154234
1534237506154243
1534237506154250
1534237506154258
1534237506154265
1534237506154272
1534237506653547
1534237506653565
1534237506653573
1534237506653581
1534237506653588
1534237506653597
1534237506653609
1534237506653620
1534237506653627
1534237506653634
1534237506653641
1534237506653649
1534237506653656
1534237506653664
1534237506653670
1534237506653677
1534237506653956
1534237506653967
1534237506653975
1534237506653982
1534237506653994
1534237506654001
1534237506654009
1534237506654016
1534237507154435
1534237507154456
1534237507154466
1534237507154473
1534237507154484
1534237507154492
1534237507154500
1534237507154508
1534237507154515
1534237507155132
1534237507155146
1534237507155154
1534237507155167
1534237507155174
1534237507155181
1534237507155188
1534237507155197
1534237507155296
1534237507155309
1534237507155316
1534237507155323
1534237507155331
1534237507155338
1534237507155345
1534237507155353
1534237507653703
1534237507653718
1534237507653725
1534237507653732
1534237507653740
1534237507653748
1534237507653754
1534237507653761
1534237507654199
1534237507654214
1534237507654222
1534237507654234
1534237507654244
1534237507654253
1534237507654260
1534237507654275
1534237507654413
1534237507654425
1534237507654432
1534237507654446
1534237507654455
1534237507654462
1534237507654469
1534237507654476
1534237508154504
1534237508154520
1534237508154527
1534237508154540
1534237508154548
1534237508154555
1534237508154562
1534237508154570
1534237508154583
1534237508154726
1534237508154741
1534237508154750
1534237508154757
1534237508154765
1534237508154778
1534237508154785
1534237508154792
1534237508154902
1534237508154913
1534237508154920
1534237508154927
1534237508154934
1534237508154942
1534237508154950
1534237508154957
1534237508655034
1534237508655443
1534237508655456
1534237508655468
1534237508655476
1534237508655484
1534237508655492
1534237508655499
1534237508655507
1534237508655593
1534237508655604
1534237508655612
1534237508655620
1534237508655631
1534237508655639
1534237508655650
1534237508655658
1534237508655665
1534237508655673
1534237508655682
1534237508655689
1534237508655698
1534237508655709
1534237508655716
1534237508655724
1534237509154115
1534237509154138
1534237509154147
1534237509154155
1534237509154165
1534237509154173
1534237509154183
1534237509154194
1534237509154202
1534237509154210
1534237509154218
1534237509154226
1534237509154234
1534237509154241
1534237509154249
1534237509154256
1534237509154268
1534237509154276
1534237509154283
1534237509154291
1534237509154298
1534237509154305
1534237509154549
1534237509154564
1534237509655505
1534237509655519
1534237509655528
1534237509655538
1534237509655545
1534237509655553
1534237509655561
1534237509655568
1534237509655576
1534237509655584
1534237509655596
1534237509655604
1534237509655616
1534237509655624
1534237509655631
1534237509655639
1534237509655691
1534237509655699
1534237509655707
1534237509655718
1534237509655726
1534237509655733
1534237509655740
1534237509655748
1534237509655774
1534237510157149
1534237510157165
1534237510157173
1534237510157187
1534237510157195
1534237510157207
1534237510157216
1534237510157240
1534237510157249
1534237510157452
1534237510157463
1534237510157471
1534237510157479
1534237510157487
1534237510157496
1534237510157503
1534237510157511
1534237510157930
1534237510157943
1534237510157951
1534237510157959
1534237510157967
1534237510157981
1534237510157989
1534237510157996
1534237510655477
1534237510655496
1534237510655505
1534237510655515
1534237510655523
1534237510655531
1534237510655539
1534237510655547
1534237510655555
1534237510655563
1534237510655571
1534237510655579
1534237510655587
1534237510655596
1534237510655604
1534237510655612
1534237510655661
1534237510655672
1534237510655679
1534237510655688
1534237510655696
1534237510655704
1534237510655713
1534237510655721
1534237511155369
1534237511155386
1534237511155393
1534237511155402
1534237511155410
1534237511155417
1534237511155425
1534237511155432
1534237511155649
1534237511155662
1534237511155669
1534237511155677
1534237511155685
1534237511155693
1534237511155700
1534237511155708
1534237511155829
1534237511155840
1534237511155847
1534237511155856
1534237511155863
1534237511155871
1534237511155878
1534237511155886
1534237511655286
1534237511655302
1534237511655310
1534237511655318
1534237511655326
1534237511655334
1534237511655342
1534237511655349
1534237511655464
1534237511655475
1534237511655483
1534237511655490
1534237511655498
1534237511655506
1534237511655513
1534237511655521
1534237511655682
1534237511655692
1534237511655702
1534237511655714
1534237511655722
1534237511655729
1534237511655736
1534237511655744
1534237512155443
1534237512155463
1534237512155472
1534237512155480
1534237512155488
1534237512155495
1534237512155503
1534237512155511
1534237512155519
1534237512155530
1534237512155537
1534237512155546
1534237512155554
1534237512155565
1534237512155573
1534237512155580
1534237512155764
1534237512155775
1534237512155783
1534237512155790
1534237512155798
1534237512155806
1534237512155814
1534237512155822
1534237512655463
1534237512655479
1534237512655488
1534237512655498
1534237512655514
1534237512655526
1534237512655537
1534237512655546
1534237512655678
1534237512655691
1534237512655699
1534237512655709
1534237512655718
1534237512655727
1534237512655738
1534237512655745
1534237512655833
1534237512655845
1534237512655853
1534237512655861
1534237512655868
1534237512655876
1534237512655883
1534237512655891
1534237513156939
1534237513156954
1534237513156963
1534237513156973
1534237513156981
1534237513156989
1534237513156997
1534237513157005
1534237513157013
1534237513157021
1534237513157029
1534237513157045
1534237513157056
1534237513157065
1534237513157073
1534237513157086
1534237513157094
1534237513157102
1534237513157115
1534237513157123
1534237513157131
1534237513157139
1534237513157151
1534237513157158
1534237513157166
1534237513656456
1534237513656472
1534237513656481
1534237513656491
1534237513656500
1534237513656509
1534237513656518
1534237513656526
1534237513656716
1534237513656728
1534237513656736
1534237513656745
1534237513656753
1534237513656762
1534237513656770
1534237513656778
1534237513656882
1534237513656896
1534237513656904
1534237513656913
1534237513656921
1534237513656929
1534237513656937
1534237513656945
1534237514155824
1534237514155841
1534237514155850
1534237514155859
1534237514155868
1534237514155878
1534237514155887
1534237514155895
1534237514156130
1534237514156141
1534237514156150
1534237514156160
1534237514156169
1534237514156177
1534237514156186
1534237514156194
1534237514156297
1534237514156306
1534237514156314
1534237514156323
1534237514156333
1534237514156342
1534237514156351
1534237514156359
1534237514656153
1534237514656172
1534237514656183
1534237514656192
1534237514656202
1534237514656215
1534237514656226
1534237514656236
1534237514656380
1534237514656395
1534237514656406
1534237514656417
1534237514656426
1534237514656434
1534237514656442
1534237514656451
1534237514656576
1534237514656588
1534237514656597
1534237514656605
1534237514656613
1534237514656621
1534237514656630
1534237514656638
1534237515157514
1534237515157538
1534237515157549
1534237515157563
1534237515157573
1534237515157582
1534237515157611
1534237515157626
1534237515157641
1534237515157657
1534237515157666
1534237515157687
1534237515157697
1534237515157706
1534237515157722
1534237515157732
1534237515157741
1534237515157750
1534237515157764
1534237515157772
1534237515157781
1534237515157790
1534237515157803
1534237515157812
1534237515157920
1534237515656665
1534237515656685
1534237515656694
1534237515656704
1534237515656713
1534237515656722
1534237515656732
1534237515656740
1534237515656750
1534237515656759
1534237515656768
1534237515656780
1534237515656790
1534237515656799
1534237515656810
1534237515656820
1534237515656829
1534237515656838
1534237515656846
1534237515656855
1534237515656864
1534237515656873
1534237515656882
1534237515657030
1534237516157235
1534237516157631
1534237516157647
1534237516157656
1534237516157666
1534237516157675
1534237516157685
1534237516157694
1534237516157703
1534237516157902
1534237516157915
1534237516157927
1534237516157940
1534237516157950
1534237516157961
1534237516157970
1534237516157979
1534237516158071
1534237516158090
1534237516158100
1534237516158109
1534237516158117
1534237516158127
1534237516158135
1534237516158144
1534237516656791
1534237516656811
1534237516656821
1534237516656830
1534237516656839
1534237516656847
1534237516656856
1534237516656864
1534237516657022
1534237516657033
1534237516657042
1534237516657051
1534237516657059
1534237516657067
1534237516657075
1534237516657083
1534237516657436
1534237516657449
1534237516657457
1534237516657465
1534237516657473
1534237516657482
1534237516657491
1534237516657499
1534237517157474
1534237517157493
1534237517157503
1534237517157513
1534237517157521
1534237517157529
1534237517157538
1534237517157555
1534237517157921
1534237517157934
1534237517157942
1534237517157951
1534237517157960
1534237517157968
1534237517157977
1534237517157986
1534237517158131
1534237517158145
1534237517158153
1534237517158161
1534237517158169
1534237517158177
1534237517158186
1534237517158194
1534237517656194
1534237517656210
1534237517656219
1534237517656228
1534237517656450
1534237517656462
1534237517656471
1534237517656479
1534237517656487
1534237517656495
1534237517656504
1534237517656512
1534237517656682
1534237517656692
1534237517656701
1534237517656709
1534237517656717
1534237517656725
1534237517656733
1534237517656741
1534237517656861
1534237517656871
1534237517656879
1534237517656887
1534237518156423
1534237518156442
1534237518156450
1534237518156458
1534237518156467
1534237518156475
1534237518156485
1534237518156493
1534237518156681
1534237518156695
1534237518156703
1534237518156711
1534237518156719
1534237518156727
1534237518156735
1534237518156743
1534237518157045
1534237518157057
1534237518157065
1534237518157073
1534237518157081
1534237518157089
1534237518157097
1534237518157104
1534237518656753
1534237518656769
1534237518656777
1534237518656786
1534237518656794
1534237518656808
1534237518656817
1534237518656825
1534237518656834
1534237518656842
1534237518656856
1534237518656864
1534237518656874
1534237518656884
1534237518656897
1534237518656905
1534237518657123
1534237518657134
1534237518657142
1534237518657149
1534237518657157
1534237518657166
1534237518657174
1534237518657182
1534237519156635
1534237519156653
1534237519156663
1534237519156672
1534237519156681
1534237519156689
1534237519156698
1534237519156705
1534237519157891
1534237519157905
1534237519157914
1534237519157924
1534237519157932
1534237519157939
1534237519157947
1534237519157955
1534237519158090
1534237519158104
1534237519158112
1534237519158120
1534237519158127
1534237519158135
1534237519158143
1534237519158151
1534237519657505
1534237519657527
1534237519657537
1534237519657546
1534237519657554
1534237519657563
1534237519657571
1534237519657579
1534237519657749
1534237519657765
1534237519657774
1534237519657784
1534237519657793
1534237519657801
1534237519657811
1534237519657819
1534237519657952
1534237519657964
1534237519657972
1534237519657980
1534237519657989
1534237519657998
1534237519658007
1534237519658015
1534237520157970
1534237520157990
1534237520158000
1534237520158010
1534237520158086
1534237520158111
1534237520158121
1534237520158130
1534237520158138
1534237520158147
1534237520158155
1534237520158164
1534237520158298
1534237520158311
1534237520158319
1534237520158328
1534237520158337
1534237520158349
1534237520158358
1534237520158366
1534237520158530
1534237520158545
1534237520158555
1534237520158563
1534237520656213
1534237520656231
1534237520656240
1534237520656249
1534237520656257
1534237520656267
1534237520656276
1534237520656285
1534237520656930
1534237520656947
1534237520656957
1534237520656965
1534237520656973
1534237520656981
1534237520656989
1534237520656996
1534237520657226
1534237520657238
1534237520657247
1534237520657257
1534237520657265
1534237520657273
1534237520657280
1534237520657288
1534237521157438
1534237521157579
1534237521157593
1534237521157602
1534237521157612
1534237521157621
1534237521157630
1534237521157638
1534237521157646
1534237521157868
1534237521157879
1534237521157887
1534237521157895
1534237521157903
1534237521157912
1534237521157920
1534237521157928
1534237521158104
1534237521158117
1534237521158125
1534237521158133
1534237521158141
1534237521158149
1534237521158156
1534237521158164
1534237521656354
1534237521656369
1534237521656377
1534237521656385
1534237521656392
1534237521656400
1534237521656408
1534237521656416
1534237521657628
1534237521657641
1534237521657649
1534237521657659
1534237521657667
1534237521657674
1534237521657681
1534237521657690
1534237521657771
1534237521657782
1534237521657790
1534237521657797
1534237521657804
1534237521657811
1534237521657818
1534237521657826
1534237522157228
1534237522157249
1534237522157258
1534237522157271
1534237522157279
1534237522157288
1534237522157297
1534237522157310
1534237522157318
1534237522157325
1534237522157333
1534237522157346
1534237522157353
1534237522157361
1534237522157369
1534237522157377
1534237522157730
1534237522157744
1534237522157752
1534237522157759
1534237522157767
1534237522157774
1534237522157782
1534237522157789
1534237522657938
1534237522657960
1534237522657976
1534237522657986
1534237522657995
1534237522658004
1534237522658020
1534237522658028
1534237522658036
1534237522658279
1534237522658296
1534237522658305
1534237522658318
1534237522658326
1534237522658334
1534237522658342
1534237522658354
1534237522658525
1534237522658535
1534237522658542
1534237522658549
1534237522658557
1534237522658565
1534237522658572
1534237522658579
1534237523157835
1534237523157852
1534237523157861
1534237523157870
1534237523157879
1534237523157888
1534237523157896
1534237523157904
1534237523157912
1534237523157921
1534237523157929
1534237523157937
1534237523157945
1534237523157953
1534237523157962
1534237523157974
1534237523158093
1534237523158110
1534237523158119
1534237523158128
1534237523158136
1534237523158143
1534237523158151
1534237523158159
1534237523656953
1534237523656970
1534237523656979
1534237523656988
1534237523656997
1534237523657005
1534237523657013
1534237523657021
1534237523657603
1534237523657614
1534237523657622
1534237523657631
1534237523657639
1534237523657647
1534237523657654
1534237523657662
1534237523657735
1534237523657745
1534237523657753
1534237523657761
1534237523657769
1534237523657777
1534237523657786
1534237523657793
1534237524157970
1534237524158202
1534237524158220
1534237524158228
1534237524158237
1534237524158246
1534237524158256
1534237524158264
1534237524158277
1534237524158287
1534237524158299
1534237524158310
1534237524158319
1534237524158327
1534237524158339
1534237524158347
1534237524158363
1534237524158541
1534237524158555
1534237524158563
1534237524158571
1534237524158579
1534237524158587
1534237524158595
1534237524158603
1534237524657352
1534237524657368
1534237524657378
1534237524657386
1534237524657395
1534237524657403
1534237524657411
1534237524657419
1534237524657647
1534237524657657
1534237524657665
1534237524657674
1534237524657682
1534237524657690
1534237524657697
1534237524657706
1534237524657898
1534237524657911
1534237524657919
1534237524657927
1534237524657935
1534237524657949
1534237524657962
1534237524657969
1534237525158259
1534237525158276
1534237525158284
1534237525158306
1534237525158316
1534237525158324
1534237525158332
1534237525158341
1534237525158350
1534237525158359
1534237525158367
1534237525158375
1534237525158383
1534237525158392
1534237525158400
1534237525158412
1534237525158552
1534237525158560
1534237525158568
1534237525158576
1534237525158584
1534237525158599
1534237525158607
1534237525158614
1534237525158627
1534237525658638
1534237525658656
1534237525658665
1534237525658674
1534237525658683
1534237525658691
1534237525658698
1534237525658706
1534237525658784
1534237525658795
1534237525658805
1534237525658813
1534237525658821
1534237525658829
1534237525658837
1534237525658845
1534237525658974
1534237525658984
1534237525658994
1534237525659002
1534237525659011
1534237525659019
1534237525659027
1534237525659035
1534237526157756
1534237526157773
1534237526157783
1534237526157799
1534237526157809
1534237526157818
1534237526157825
1534237526157838
1534237526157846
1534237526157854
1534237526157862
1534237526157876
1534237526157887
1534237526157899
1534237526157906
1534237526157919
1534237526158239
1534237526158260
1534237526158273
1534237526158284
1534237526158292
1534237526158305
1534237526158313
1534237526158321
1534237526657341
1534237526657359
1534237526657368
1534237526657376
1534237526657384
1534237526657392
1534237526657401
1534237526657410
1534237526658417
1534237526658428
1534237526658437
1534237526658447
1534237526658455
1534237526658464
1534237526658472
1534237526658480
1534237526658586
1534237526658598
1534237526658605
1534237526658614
1534237526658622
1534237526658630
1534237526658638
1534237526658646
1534237527158822
1534237527158844
1534237527158853
1534237527158861
1534237527158875
1534237527158884
1534237527158892
1534237527158901
1534237527158909
1534237527159280
1534237527159291
1534237527159300
1534237527159313
1534237527159322
1534237527159330
1534237527159338
1534237527159350
1534237527159358
1534237527159366
1534237527159374
1534237527159382
1534237527159395
1534237527159403
1534237527159411
1534237527159419
1534237527658842
1534237527658867
1534237527658877
1534237527658892
1534237527658900
1534237527658908
1534237527658916
1534237527658931
1534237527658939
1534237527658947
1534237527658955
1534237527658968
1534237527658976
1534237527658986
1534237527658995
1534237527659009
1534237527659321
1534237527659334
1534237527659347
1534237527659355
1534237527659363
1534237527659370
1534237527659378
1534237527659386
1534237528158073
1534237528158097
1534237528158107
1534237528158115
1534237528158123
1534237528158132
1534237528158140
1534237528158148
1534237528158156
1534237528158164
1534237528158172
1534237528158181
1534237528158188
1534237528158196
1534237528158204
1534237528158215
1534237528158263
1534237528158273
1534237528158280
1534237528158288
1534237528158296
1534237528158303
1534237528158311
1534237528158319
1534237528659330
1534237528659351
1534237528659360
1534237528659368
1534237528659377
1534237528659385
1534237528659393
1534237528659401
1534237528659409
1534237528659542
1534237528659553
1534237528659562
1534237528659570
1534237528659578
1534237528659586
1534237528659594
1534237528659602
1534237528659708
1534237528659720
1534237528659728
1534237528659736
1534237528659744
1534237528659752
1534237528659760
1534237528659767
1534237529159079
1534237529159098
1534237529159107
1534237529159117
1534237529159126
1534237529159134
1534237529159142
1534237529159150
1534237529159158
1534237529159166
1534237529159174
1534237529159182
1534237529159190
1534237529159198
1534237529159206
1534237529159214
1534237529159288
1534237529159299
1534237529159307
1534237529159314
1534237529159321
1534237529159329
1534237529159336
1534237529159344
1534237529659474
1534237529659927
1534237529659941
1534237529659950
1534237529659960
1534237529659968
1534237529659977
1534237529659986
1534237529659993
1534237529660001
1534237529660011
1534237529660019
1534237529660027
1534237529660035
1534237529660106
1534237529660118
1534237529660126
1534237529660134
1534237529660142
1534237529660149
1534237529660157
1534237529660164
1534237529660172
1534237529660179
1534237529660187
1534237530160007
1534237530160024
1534237530160033
1534237530160043
1534237530160052
1534237530160060
1534237530160068
1534237530160076
1534237530160084
1534237530160092
1534237530160101
1534237530160109
1534237530160116
1534237530160125
1534237530160133
1534237530160141
1534237530160217
1534237530160227
1534237530160235
1534237530160243
1534237530160250
1534237530160257
1534237530160265
1534237530160272
1534237530660236
1534237530660251
1534237530660259
1534237530660270
1534237530660282
1534237530660290
1534237530660299
1534237530660307
1534237530660315
1534237530660323
1534237530660331
1534237530660339
1534237530660348
1534237530660361
1534237530660369
1534237530660385
1534237530660469
1534237530660479
1534237530660487
1534237530660494
1534237530660501
1534237530660509
1534237530660516
1534237530660524
1534237531159389
1534237531159405
1534237531159414
1534237531159424
1534237531159432
1534237531159440
1534237531159452
1534237531159461
1534237531159552
1534237531159564
1534237531159572
1534237531159580
1534237531159588
1534237531159596
1534237531159604
1534237531159612
1534237531159677
1534237531159686
1534237531159694
1534237531159701
1534237531159708
1534237531159715
1534237531159723
1534237531159730
1534237531659263
1534237531659284
1534237531659299
1534237531659307
1534237531659315
1534237531659323
1534237531659336
1534237531659345
1534237531659474
1534237531659486
1534237531659493
1534237531659506
1534237531659514
1534237531659523
1534237531659531
1534237531659547
1534237531659630
1534237531659640
1534237531659648
1534237531659655
1534237531659663
1534237531659678
1534237531659686
1534237531659695
1534237532159038
1534237532159059
1534237532159068
1534237532159076
1534237532159085
1534237532159093
1534237532159102
1534237532159110
1534237532159197
1534237532159209
1534237532159217
1534237532159225
1534237532159233
1534237532159242
1534237532159250
1534237532159258
1534237532159338
1534237532159349
1534237532159358
1534237532159365
1534237532159373
1534237532159382
1534237532159390
1534237532159397
1534237532659515
1534237532659531
1534237532659540
1534237532659550
1534237532659558
1534237532659567
1534237532659576
1534237532659584
1534237532659592
1534237532659601
1534237532659612
1534237532659620
1534237532659630
1534237532659638
1534237532659646
1534237532659653
1534237532659760
1534237532659989
1534237532660000
1534237532660009
1534237532660017
1534237532660025
1534237532660033
1534237532660041
1534237532660050
1534237533159714
1534237533159737
1534237533159747
1534237533159755
1534237533159762
1534237533159770
1534237533159778
1534237533159786
1534237533159898
1534237533159911
1534237533159919
1534237533159926
1534237533159934
1534237533159941
1534237533159949
1534237533159956
1534237533160197
1534237533160206
1534237533160214
1534237533160220
1534237533160228
1534237533160235
1534237533160242
1534237533160249
1534237533659675
1534237533659694
1534237533659704
1534237533659714
1534237533659724
1534237533659734
1534237533659745
1534237533659753
1534237533659763
1534237533659772
1534237533659781
1534237533659793
1534237533659801
1534237533659810
1534237533659817
1534237533659825
1534237533660271
1534237533660283
1534237533660291
1534237533660299
1534237533660306
1534237533660314
1534237533660323
1534237533660330
1534237534159547
1534237534159567
1534237534159580
1534237534159590
1534237534159598
1534237534159610
1534237534159618
1534237534159626
1534237534159969
1534237534159984
1534237534159992
1534237534160003
1534237534160012
1534237534160021
1534237534160033
1534237534160043
1534237534160118
1534237534160130
1534237534160138
1534237534160145
1534237534160152
1534237534160160
1534237534160168
1534237534160175
1534237534659844
1534237534659862
1534237534659871
1534237534659881
1534237534659890
1534237534659898
1534237534659907
1534237534659915
1534237534659923
1534237534659931
1534237534659939
1534237534659947
1534237534659955
1534237534659964
1534237534659972
1534237534659980
1534237534660034
1534237534660045
1534237534660053
1534237534660060
1534237534660068
1534237534660076
1534237534660084
1534237534660092
1534237535159438
1534237535159456
1534237535159465
1534237535159474
1534237535159483
1534237535159492
1534237535159500
1534237535159510
1534237535159596
1534237535159608
1534237535159616
1534237535159624
1534237535159633
1534237535159642
1534237535159650
1534237535159657
1534237535160182
1534237535160195
1534237535160203
1534237535160210
1534237535160218
1534237535160231
1534237535160239
1534237535160251
1534237535659295
1534237535659314
1534237535659323
1534237535659332
1534237535659346
1534237535659355
1534237535659364
1534237535659373
1534237535659381
1534237535659389
1534237535659397
1534237535659405
1534237535659413
1534237535659421
1534237535659433
1534237535659442
1534237535659451
1534237535659459
1534237535659467
1534237535659475
1534237535659483
1534237535659492
1534237535659501
1534237535659509
1534237536159848
1534237536160462
1534237536160479
1534237536160488
1534237536160502
1534237536160510
1534237536160520
1534237536160529
1534237536160538
1534237536161254
1534237536161268
1534237536161276
1534237536161286
1534237536161300
1534237536161309
1534237536161318
1534237536161328
1534237536161338
1534237536161350
1534237536161358
1534237536161367
1534237536161375
1534237536161383
1534237536161391
1534237536161399
1534237536659547
1534237536659565
1534237536659573
1534237536659588
1534237536659596
1534237536659605
1534237536659613
1534237536659625
1534237536659633
1534237536659641
1534237536659649
1534237536659663
1534237536659672
1534237536659679
1534237536659687
1534237536659694
1534237536659744
1534237536659761
1534237536659769
1534237536659777
1534237536660225
1534237536660237
1534237536660245
1534237536660253
1534237537161009
1534237537161913
1534237537161927
1534237537161936
1534237537161946
1534237537161955
1534237537161963
1534237537161971
1534237537161979
1534237537162098
1534237537162113
1534237537162121
1534237537162129
1534237537162137
1534237537162145
1534237537162154
1534237537162161
1534237537162295
1534237537162305
1534237537162313
1534237537162321
1534237537162328
1534237537162337
1534237537162344
1534237537162352
1534237537659604
1534237537659625
1534237537659635
1534237537659643
1534237537659650
1534237537659658
1534237537659665
1534237537659673
1534237537659842
1534237537659856
1534237537659863
1534237537659871
1534237537659878
1534237537659886
1534237537659894
1534237537659903
1534237537660253
1534237537660270
1534237537660279
1534237537660286
1534237537660293
1534237537660300
1534237537660307
1534237537660314
1534237538160179
1534237538160197
1534237538160211
1534237538160219
1534237538160227
1534237538160235
1534237538160247
1534237538160255
1534237538160263
1534237538160272
1534237538160286
1534237538160294
1534237538160302
1534237538160310
1534237538160317
1534237538160330
1534237538160956
1534237538160973
1534237538160981
1534237538160988
1534237538160996
1534237538161003
1534237538161011
1534237538161020
1534237538660493
1534237538660512
1534237538660521
1534237538660536
1534237538660544
1534237538660553
1534237538660576
1534237538660591
1534237538660966
1534237538660980
1534237538661002
1534237538661015
1534237538661028
1534237538661051
1534237538661069
1534237538661085
1534237538661353
1534237538661389
1534237538661402
1534237538661412
1534237538661423
1534237538661447
1534237538661458
1534237538661470
1534237539161555
1534237539161947
1534237539161960
1534237539161968
1534237539161981
1534237539161989
1534237539161998
1534237539162006
1534237539162018
1534237539162235
1534237539162249
1534237539162256
1534237539162279
1534237539162288
1534237539162296
1534237539162308
1534237539162317
1534237539162326
1534237539162333
1534237539162352
1534237539162360
1534237539162368
1534237539162376
1534237539162384
1534237539162391
1534237539662438
1534237539662464
1534237539662476
1534237539662484
1534237539662492
1534237539662499
1534237539662507
1534237539662522
1534237539662533
1534237539662696
1534237539662708
1534237539662716
1534237539662734
1534237539662742
1534237539662750
1534237539662758
1534237539662771
1534237539662913
1534237539662923
1534237539662935
1534237539662942
1534237539662949
1534237539662970
1534237539662980
1534237539662988
1534237540161144
1534237540161158
1534237540161167
1534237540161175
1534237540161182
1534237540161189
1534237540161198
1534237540161207
1534237540161221
1534237540161229
1534237540161242
1534237540161250
1534237540161258
1534237540161268
1534237540161276
1534237540161284
1534237540161332
1534237540161340
1534237540161347
1534237540161354
1534237540161363
1534237540161370
1534237540161379
1534237540161386
1534237540660134
1534237540660152
1534237540660161
1534237540660170
1534237540660178
1534237540660186
1534237540660194
1534237540660202
1534237540661092
1534237540661104
1534237540661113
1534237540661121
1534237540661129
1534237540661137
1534237540661146
1534237540661156
1534237540661430
1534237540661442
1534237540661450
1534237540661459
1534237540661467
1534237540661475
1534237540661482
1534237540661491
1534237541162327
1534237541162347
1534237541162356
1534237541162363
1534237541162377
1534237541162391
1534237541162403
1534237541162411
1534237541162419
1534237541162434
1534237541162442
1534237541162454
1534237541162467
1534237541162475
1534237541162482
1534237541162494
1534237541162506
1534237541162513
1534237541162520
1534237541162528
1534237541162535
1534237541162547
1534237541162558
1534237541162566
1534237541162574
1534237541659981
1534237541659999
1534237541660008
1534237541660016
1534237541660027
1534237541660036
1534237541660045
1534237541660053
1534237541660335
1534237541660349
1534237541660358
1534237541660367
1534237541660375
1534237541660382
1534237541660389
1534237541660397
1534237541660592
1534237541660608
1534237541660617
1534237541660624
1534237541660631
1534237541660638
1534237541660646
1534237541660653
1534237542161864
1534237542161885
1534237542161894
1534237542161902
1534237542161915
1534237542161923
1534237542161931
1534237542161939
1534237542161952
1534237542161961
1534237542161976
1534237542161992
1534237542162000
1534237542162012
1534237542162031
1534237542162039
1534237542162047
1534237542162060
1534237542162074
1534237542162090
1534237542162101
1534237542162117
1534237542162125
1534237542162133
1534237542162141
1534237542660786
1534237542660806
1534237542660815
1534237542660823
1534237542660832
1534237542660845
1534237542660853
1534237542660862
1534237542661485
1534237542661497
1534237542661505
1534237542661518
1534237542661526
1534237542661534
1534237542661542
1534237542661555
1534237542661709
1534237542661726
1534237542661734
1534237542661742
1534237542661750
1534237542661758
1534237542661766
1534237542661773
1534237543160986
1534237543161000
1534237543161019
1534237543161028
1534237543161036
1534237543161043
1534237543161056
1534237543161064
1534237543161331
1534237543161343
1534237543161352
1534237543161366
1534237543161374
1534237543161382
1534237543161390
1534237543161404
1534237543161542
1534237543161553
1534237543161561
1534237543161569
1534237543161576
1534237543161584
1534237543161592
1534237543161606
1534237543661689
1534237543662942
1534237543662956
1534237543662965
1534237543662978
1534237543662987
1534237543662995
1534237543663017
1534237543663025
1534237543663137
1534237543663147
1534237543663156
1534237543663164
1534237543663176
1534237543663184
1534237543663192
1534237543663261
1534237543663272
1534237543663280
1534237543663288
1534237543663296
1534237543663309
1534237543663317
1534237543663324
1534237543663333
1534237544162826
1534237544162840
1534237544162849
1534237544162857
1534237544162866
1534237544162873
1534237544162882
1534237544162889
1534237544163028
1534237544163039
1534237544163047
1534237544163055
1534237544163063
1534237544163072
1534237544163080
1534237544163088
1534237544163175
1534237544163183
1534237544163191
1534237544163199
1534237544163207
1534237544163215
1534237544163222
1534237544163230
1534237544660775
1534237544660798
1534237544660808
1534237544660817
1534237544660826
1534237544660834
1534237544660843
1534237544660852
1534237544660959
1534237544660972
1534237544660981
1534237544660991
1534237544661000
1534237544661009
1534237544661017
1534237544661026
1534237544661503
1534237544661520
1534237544661540
1534237544661548
1534237544661557
1534237544661566
1534237544661574
1534237544661582
1534237545162963
1534237545164933
1534237545164948
1534237545164957
1534237545164970
1534237545164978
1534237545164986
1534237545164994
1534237545165007
1534237545165129
1534237545165144
1534237545165153
1534237545165168
1534237545165176
1534237545165184
1534237545165192
1534237545165204
1534237545165308
1534237545165319
1534237545165333
1534237545165349
1534237545165357
1534237545165365
1534237545165373
1534237545165381
1534237545661065
1534237545661082
1534237545661090
1534237545661103
1534237545661111
1534237545661119
1534237545661127
1534237545661141
1534237545661149
1534237545661159
1534237545661167
1534237545661189
1534237545661202
1534237545661211
1534237545661226
1534237545661235
1534237545661778
1534237545661790
1534237545661802
1534237545661810
1534237545661819
1534237545661827
1534237545661835
1534237545661846
1534237546161923
1534237546162141
1534237546162159
1534237546162169
1534237546162178
1534237546162186
1534237546162194
1534237546162203
1534237546162211
1534237546162485
1534237546162498
1534237546162512
1534237546162522
1534237546162530
1534237546162538
1534237546162547
1534237546162555
1534237546162651
1534237546162663
1534237546162672
1534237546162679
1534237546162687
1534237546162695
1534237546162702
1534237546162710
1534237546662645
1534237546662662
1534237546662671
1534237546662679
1534237546662688
1534237546662697
1534237546662704
1534237546662712
1534237546662720
1534237546662728
1534237546662735
1534237546662743
1534237546662750
1534237546662758
1534237546662766
1534237546662773
1534237546662828
1534237546662844
1534237546662853
1534237546662867
1534237546662881
1534237546662890
1534237546662898
1534237546662905
1534237547163040
1534237547163054
1534237547163063
1534237547163071
1534237547163079
1534237547163087
1534237547163095
1534237547163102
1534237547163111
1534237547163285
1534237547163294
1534237547163301
1534237547163309
1534237547163316
1534237547163324
1534237547163331
1534237547163338
1534237547163458
1534237547163475
1534237547163483
1534237547163491
1534237547163499
1534237547163513
1534237547163521
1534237547163530
1534237547661650
1534237547661666
1534237547661675
1534237547661684
1534237547661692
1534237547661700
1534237547661708
1534237547661716
1534237547662087
1534237547662100
1534237547662109
1534237547662120
1534237547662131
1534237547662139
1534237547662150
1534237547662159
1534237547662166
1534237547662173
1534237547662180
1534237547662187
1534237547662194
1534237547662201
1534237547662208
1534237547662215
1534237548162687
1534237548162706
1534237548162724
1534237548162733
1534237548162741
1534237548162749
1534237548162764
1534237548162772
1534237548162781
1534237548162789
1534237548162801
1534237548162809
1534237548162817
1534237548162825
1534237548162833
1534237548162846
1534237548162922
1534237548162930
1534237548162938
1534237548162946
1534237548162954
1534237548162962
1534237548162973
1534237548162981
1534237548162989
1534237548663206
1534237548663561
1534237548663575
1534237548663584
1534237548663592
1534237548663600
1534237548663609
1534237548663616
1534237548663624
1534237548663980
1534237548663994
1534237548664003
1534237548664011
1534237548664019
1534237548664027
1534237548664036
1534237548664044
1534237548664094
1534237548664105
1534237548664113
1534237548664121
1534237548664129
1534237548664137
1534237548664145
1534237548664155
1534237549162251
1534237549162266
1534237549162275
1534237549162283
1534237549162291
1534237549162298
1534237549162307
1534237549162318
1534237549162513
1534237549162523
1534237549162530
1534237549162538
1534237549162546
1534237549162554
1534237549162562
1534237549162570
1534237549162578
1534237549162586
1534237549162594
1534237549162602
1534237549162610
1534237549162618
1534237549162625
1534237549162633
1534237549662002
1534237549662022
1534237549662031
1534237549662040
1534237549662048
1534237549662056
1534237549662064
1534237549662090
1534237549662476
1534237549662489
1534237549662498
1534237549662511
1534237549662520
1534237549662533
1534237549662551
1534237549662559
1534237549663053
1534237549663066
1534237549663074
1534237549663092
1534237549663100
1534237549663108
1534237549663121
1534237549663129
1534237550162527
1534237550162545
1534237550162554
1534237550162562
1534237550162570
1534237550162578
1534237550162587
1534237550162595
1534237550162810
1534237550162821
1534237550162830
1534237550162840
1534237550162851
1534237550162859
1534237550162867
1534237550162875
1534237550163210
1534237550163222
1534237550163230
1534237550163238
1534237550163246
1534237550163254
1534237550163262
1534237550163279
1534237550662554
1534237550662574
1534237550662583
1534237550662593
1534237550662602
1534237550662610
1534237550662618
1534237550662626
1534237550662948
1534237550662964
1534237550662972
1534237550662982
1534237550662991
1534237550663000
1534237550663009
1534237550663017
1534237550663104
1534237550663114
1534237550663122
1534237550663130
1534237550663138
1534237550663145
1534237550663153
1534237550663161
1534237551163230
1534237551163253
1534237551163263
1534237551163271
1534237551163279
1534237551163291
1534237551163300
1534237551163308
1534237551163317
1534237551163326
1534237551163338
1534237551163346
1534237551163354
1534237551163363
1534237551163371
1534237551163379
1534237551163441
1534237551163454
1534237551163464
1534237551163472
1534237551163480
1534237551163491
1534237551163502
1534237551163510
1534237551163519
1534237551663240
1534237551663258
1534237551663268
1534237551663278
1534237551663287
1534237551663296
1534237551663304
1534237551663313
1534237551663321
1534237551663329
1534237551663337
1534237551663346
1534237551663354
1534237551663362
1534237551663370
1534237551663378
1534237551663410
1534237551663421
1534237551663429
1534237551663437
1534237551663450
1534237551663458
1534237551663466
1534237551663475
1534237552163423
1534237552163440
1534237552163448
1534237552163458
1534237552163466
1534237552163474
1534237552163482
1534237552163490
1534237552163606
1534237552163618
1534237552163627
1534237552163634
1534237552163643
1534237552163651
1534237552163659
1534237552163666
1534237552163730
1534237552163740
1534237552163749
1534237552163756
1534237552163764
1534237552163772
1534237552163780
1534237552163788
1534237552663120
1534237552663139
1534237552663148
1534237552663157
1534237552663165
1534237552663174
1534237552663182
1534237552663190
1534237552663429
1534237552663443
1534237552663451
1534237552663459
1534237552663467
1534237552663476
1534237552663484
1534237552663493
1534237552663620
1534237552663632
1534237552663639
1534237552663647
1534237552663656
1534237552663665
1534237552663673
1534237552663680
1534237553163585
1534237553163603
1534237553163612
1534237553163621
1534237553163629
1534237553163638
1534237553163646
1534237553163654
1534237553163810
1534237553163822
1534237553163830
1534237553163840
1534237553163848
1534237553163856
1534237553163865
1534237553163873
1534237553163996
1534237553164007
1534237553164016
1534237553164025
1534237553164033
1534237553164041
1534237553164049
1534237553164056
1534237553663194
1534237553663211
1534237553663219
1534237553663228
1534237553663236
1534237553663244
1534237553663251
1534237553663259
1534237553663523
1534237553663535
1534237553663551
1534237553663559
1534237553663568
1534237553663576
1534237553663584
1534237553663593
1534237553663702
1534237553663713
1534237553663721
1534237553663729
1534237553663736
1534237553663744
1534237553663752
1534237553663760
1534237554163834
1534237554163948
1534237554163961
1534237554163970
1534237554163978
1534237554163986
1534237554163994
1534237554164002
1534237554164010
1534237554164072
1534237554164085
1534237554164094
1534237554164101
1534237554164109
1534237554164117
1534237554164124
1534237554164133
1534237554164242
1534237554164254
1534237554164261
1534237554164269
1534237554164277
1534237554164284
1534237554164291
1534237554164299
1534237554663930
1534237554663946
1534237554663954
1534237554663964
1534237554663972
1534237554663980
1534237554663987
1534237554663995
1534237554664003
1534237554664010
1534237554664019
1534237554664027
1534237554664035
1534237554664058
1534237554664067
1534237554664075
1534237554664084
1534237554664092
1534237554664100
1534237554664113
1534237554664124
1534237554664132
1534237554664140
1534237554664147
