1534237455645106
1534237456144847
1534237456644651
1534237457144615
1534237457645332
1534237458145509
1534237458645198
1534237459145612
1534237459645025
1534237460146131
1534237460645336
1534237461145715
1534237461646901
1534237462146018
1534237462646444
1534237463145971
1534237463646206
1534237464146833
1534237464646066
1534237465146127
1534237465646261
1534237466145656
1534237466646171
1534237467146692
1534237468146752
1534237468646841
1534237469147951
1534237469647108
1534237470147279
1534237470648835
1534237471147660
1534237471647835
1534237472147676
1534237472647834
1534237473648277
1534237474149452
1534237474649728
1534237475149120
1534237475651251
1534237476150700
1534237476650895
1534237477149416
1534237477649086
1534237478149396
1534237478650059
1534237479149551
1534237479649308
1534237480150616
1534237480650226
1534237481149880
1534237481650139
1534237482150211
1534237482650640
1534237483152232
1534237483650914
1534237484152202
1534237484651121
1534237485150826
1534237485650887
1534237486151428
1534237486650593
1534237487150859
1534237487651982
1534237488150894
1534237488651278
1534237489151063
1534237489652565
1534237490152452
1534237490652854
1534237491152747
1534237491653093
1534237492152543
1534237492652326
1534237493152925
1534237493653187
1534237494154455
1534237494654760
1534237495153007
1534237495654720
1534237496153394
1534237497653746
1534237498155377
1534237498654354
1534237499654535
1534237500153588
1534237500654177
1534237501154175
1534237501654379
1534237502154002
1534237502654532
1534237503153399
1534237503655463
1534237504154898
1534237504655119
1534237505155167
1534237505654065
1534237506154743
1534237506654494
1534237507155403
1534237507654847
1534237508155224
1534237508656044
1534237509154963
1534237509656268
1534237510656184
1534237511156125
1534237511656139
1534237512156102
1534237512656183
1534237513157670
1534237513657278
1534237514156667
1534237514657132
1534237515158417
1534237515657480
1534237516159465
1534237516657645
1534237517158336
1534237517657283
1534237518657539
1534237519658263
1534237520158899
1534237520657109
1534237521158244
1534237522158336
1534237522658855
1534237523158520
1534237523657842
1534237524158956
1534237524658207
1534237525159026
1534237525659435
1534237526158742
1534237527159676
1534237527659528
1534237528159201
1534237528660092
1534237529660518
1534237530160674
1534237530660897
1534237531160095
1534237531660103
1534237532159972
1534237532660421
1534237533160569
1534237533660657
1534237534160407
1534237534660655
1534237535160237
1534237535660324
1534237536161189
1534237536660577
1534237537162636
1534237537660516
1534237538161204
1534237538662407
1534237539162558
1534237539663354
1534237540161725
1534237540661356
1534237541661351
1534237542162606
1534237542661616
1534237543161965
1534237543663755
1534237544163511
1534237544662049
1534237545165708
1534237545662360
1534237546162900
1534237546663267
1534237547163972
1534237547662656
1534237548163492
1534237548664305
1534237549163158
1534237549663124
1534237550163535
1534237550663488
1534237551164045
1534237551663962
1534237552164239
1534237552663956
1534237553164412
1534237553663997
1534237554164654
1534237554664588
