1531850052707034
1531850052707082
1531850053207143
1531850053207170
1531850053707165
1531850053707187
1531850054207141
1531850054207166
1531850054707222
1531850054707243
1531850055207257
1531850055207275
1531850055707284
1531850055707308
1531850056207356
1531850056207380
1531850056707418
1531850056707438
1531850057207508
1531850057207534
1531850057707566
1531850057707594
1531850058207670
1531850058207692
1531850058707746
1531850058707774
1531850059207780
1531850059207804
1531850059707888
1531850059707909
1531850060208001
1531850060208030
1531850060708055
1531850060708075
1531850061208099
1531850061208119
1531850061708246
1531850061708267
1531850062208310
1531850062208328
1531850062708384
1531850062708407
1531850063208431
1531850063208451
1531850063708514
1531850063708533
1531850064208545
1531850064208562
1531850064708706
1531850064708725
1531850065208741
1531850065208758
1531850065708908
1531850065708928
1531850066208872
1531850066208894
1531850066708904
1531850066708922
1531850067208996
1531850067209017
1531850067709142
1531850067709160
1531850068209226
1531850068209245
1531850068709361
1531850068709383
1531850069209357
1531850069209381
1531850069709642
1531850069709688
1531850070209509
1531850070209526
1531850070709609
1531850070709628
1531850071209608
1531850071209626
1531850071709706
1531850071709726
1531850072209811
1531850072209832
1531850072709955
1531850072709972
1531850073210017
1531850073210034
1531850073710128
1531850073710146
1531850074210176
1531850074210195
1531850074710284
1531850074710306
1531850075210378
1531850075210404
1531850075710433
1531850075710451
1531850075710504
1531850076210505
1531850076210531
1531850076710583
1531850076710606
1531850077210693
1531850077210716
1531850077710724
1531850077710745
1531850078210813
1531850078210834
1531850078710935
1531850078710956
1531850079210981
1531850079211003
1531850079711098
1531850079711124
1531850080211144
1531850080211168
1531850080711204
1531850080711222
1531850081211269
1531850081211300
1531850081711366
1531850081711391
1531850082211397
1531850082211423
1531850082711530
1531850082711553
1531850083211631
1531850083211658
1531850083711704
1531850083711727
1531850084211759
1531850084211784
1531850084712985
1531850084713010
1531850085211986
1531850085212010
1531850085712884
1531850085712915
1531850086212222
1531850086212248
1531850086712278
1531850086712300
1531850087212278
1531850087212298
1531850087712445
1531850087712464
1531850088212530
1531850088212549
1531850088712574
1531850088712595
1531850089212641
1531850089212663
1531850089715092
1531850089715129
1531850090212867
1531850090212890
1531850090712978
1531850090712998
1531850091213037
1531850091213062
1531850091213183
1531850091713112
1531850091713132
1531850092213218
1531850092213243
1531850092713288
1531850092713312
1531850093213412
1531850093213437
1531850093713409
1531850093713430
1531850094213478
1531850094213502
1531850094713563
1531850094713588
1531850095213668
1531850095213690
1531850095713794
1531850095713817
1531850096213812
1531850096213839
1531850096713988
1531850096714011
1531850097214043
1531850097214067
1531850097714100
1531850097714121
1531850098214159
1531850098214187
1531850098714198
1531850098714220
1531850099214366
1531850099214387
1531850099714410
1531850099714435
1531850100214450
1531850100214470
1531850100714551
1531850100714573
1531850101214733
1531850101214754
1531850101714656
1531850101714692
1531850102214756
1531850102214782
1531850102714790
1531850102714809
1531850103214937
1531850103214956
1531850103714936
1531850103714960
1531850104215155
1531850104215175
1531850104715230
1531850104715256
1531850105215208
1531850105215232
1531850105715316
1531850105715342
1531850106215570
1531850106215592
1531850106715503
1531850106715534
1531850107215602
1531850107215627
1531850107715572
1531850107715602
1531850108215772
1531850108215792
1531850108715755
1531850108715774
1531850109215958
1531850109215978
1531850109715969
1531850109715999
1531850110216291
1531850110216312
1531850110716115
1531850110716141
1531850111216449
1531850111216471
1531850111716203
1531850111716227
1531850112216658
1531850112216687
1531850112716316
1531850112716338
1531850113216869
1531850113216889
1531850113716564
1531850113716589
1531850114216675
1531850114216695
1531850114716761
1531850114716790
1531850115216772
1531850115216791
1531850115716868
1531850115716890
1531850116216962
1531850116216985
1531850116717054
1531850116717081
1531850117217199
1531850117217219
1531850117717220
1531850117717246
1531850118217305
1531850118217328
1531850118717382
1531850118717406
1531850119217424
1531850119217458
1531850119717507
1531850119717530
1531850119717625
1531850120217592
1531850120217611
1531850120717635
1531850120717660
1531850121217763
1531850121217781
1531850121717748
1531850121717766
1531850122217875
1531850122217898
1531850122718024
1531850122718045
1531850123218022
1531850123218047
1531850123718061
1531850123718084
1531850124218232
1531850124218254
1531850124718316
1531850124718340
1531850125218454
1531850125218475
1531850125718397
1531850125718421
1531850126218535
1531850126218554
1531850126718527
1531850126718550
1531850127218672
1531850127218693
1531850127718745
1531850127718767
1531850128218885
1531850128218905
1531850128718913
1531850128718934
1531850129218983
1531850129219004
1531850129719064
1531850129719097
1531850130219177
1531850130219197
1531850130719211
1531850130719236
1531850131219413
1531850131219434
1531850131719394
1531850131719414
1531850132219467
1531850132219488
1531850132719518
1531850132719537
1531850133219599
1531850133219622
1531850133719666
1531850133719686
1531850134220076
1531850134220105
1531850134719947
1531850134719969
1531850135220022
1531850135220049
1531850135720082
1531850135720104
1531850136220159
1531850136220180
1531850136720171
1531850136720196
1531850137220257
1531850137220277
1531850137720344
1531850137720369
1531850138220410
1531850138220431
1531850138720472
1531850138720494
1531850139220553
1531850139220575
1531850139720792
1531850139720813
1531850140220783
1531850140220816
1531850140720794
1531850140720817
1531850141220904
1531850141220927
1531850141720976
1531850141720999
1531850142221104
1531850142221126
1531850142721116
1531850142721136
1531850143221232
1531850143221258
1531850143721354
1531850143721383
1531850144221745
1531850144221764
1531850144721534
1531850144721559
1531850145221539
1531850145221562
1531850145721752
1531850145721787
1531850146221843
1531850146221906
1531850146723143
1531850146723213
1531850147222152
1531850147222172
1531850147722187
1531850147722208
1531850148222295
1531850148222317
1531850148722602
1531850148722625
1531850149222745
1531850149222774
1531850149722616
1531850149722651
1531850150222651
1531850150222676
1531850150722768
1531850150722802
1531850151222760
1531850151222779
1531850151222842
1531850151722871
1531850151722894
1531850152224903
1531850152224939
