1531850053208118
1531850053707911
1531850054207752
1531850054708057
1531850055207861
1531850055707902
1531850056208219
1531850057208562
1531850057708620
1531850058208673
1531850058708735
1531850059208535
1531850059708865
1531850060208915
1531850060708974
1531850061208767
1531850061709081
1531850062709431
1531850063209223
1531850064209123
1531850064709666
1531850065209712
1531850065709769
1531850066209568
1531850066709879
1531850067209688
1531850067709999
1531850068210077
1531850068710355
1531850069210147
1531850069710481
1531850070210263
1531850071210379
1531850071710687
1531850072210739
1531850072710808
1531850073210865
1531850073711167
1531850074211223
1531850074711276
1531850075211366
1531850075711423
1531850076211210
1531850076711529
1531850077211588
1531850078211700
1531850078711994
1531850079712106
1531850080212165
1531850080711961
1531850081212269
1531850081712333
1531850082212130
1531850082712455
1531850083212545
1531850083712588
1531850084212643
1531850084713750
1531850085212726
1531850085714123
1531850086712905
1531850087212961
1531850087713283
1531850088213581
1531850088713365
1531850089213678
1531850089715828
1531850090213563
1531850090713867
1531850091213924
1531850091713733
1531850092214267
1531850092714323
1531850093214401
1531850093714174
1531850094214492
1531850094714546
1531850095214636
1531850095714423
1531850096214477
1531850096714796
1531850097215079
1531850097714883
1531850098215195
1531850098714995
1531850099215365
1531850099715382
1531850100215168
1531850100715487
1531850101215805
1531850101715335
1531850102215698
1531850102715456
1531850103216006
1531850103715565
1531850104215945
1531850104716176
1531850105215990
1531850106216389
1531850106716161
1531850107216736
1531850107716260
1531850108216816
1531850108716377
1531850109216923
1531850109716740
1531850110217313
1531850110716841
1531850111217175
1531850111716953
1531850112217313
1531850112717059
1531850113217636
1531850113717210
1531850114717797
1531850115217414
1531850115717908
1531850116217962
1531850116718025
1531850117218089
1531850117718151
1531850118218210
1531850118718018
1531850119218084
1531850120218412
1531850120718249
1531850121718359
1531850122218935
1531850122718951
1531850123218746
1531850123718798
1531850124219134
1531850124719204
1531850125219474
1531850125719042
1531850126219586
1531850126719157
1531850127219705
1531850127719758
1531850128719628
1531850129219673
1531850129719999
1531850130220051
1531850130719867
1531850131220440
1531850131720205
1531850132220511
1531850132720312
1531850133220638
1531850133720693
1531850134220814
1531850134720549
1531850135221116
1531850135720919
1531850136221204
1531850136720799
1531850137221326
1531850137721385
1531850138221440
1531850138721252
1531850139221558
1531850139721624
1531850140221468
1531850140721497
1531850141221807
1531850141721856
1531850142222152
1531850142721946
1531850143222276
1531850144222672
1531850144722239
1531850145222218
1531850145722817
1531850146224182
1531850146724123
1531850147222952
1531850147723003
1531850148223330
1531850148723471
1531850149223750
1531850149723262
1531850150223323
1531850150723864
1531850151223434
1531850151723771
1531850152227160
