1532001501217871
1532001501217909
1532001501217919
1532001501217927
1532001501717633
1532001501717654
1532001501717661
1532001501717670
1532001502217253
1532001502217267
1532001502217274
1532001502217287
1532001502717315
1532001502717334
1532001502717349
1532001502717357
1532001503217362
1532001503217380
1532001503217386
1532001503217394
1532001503717788
1532001503717810
1532001503717816
1532001503717827
1532001504217599
1532001504217615
1532001504217625
1532001504217633
1532001504718200
1532001504718227
1532001504718234
1532001504718244
1532001505217616
1532001505217632
1532001505217638
1532001505217649
1532001505717839
1532001505717858
1532001505717876
1532001505717889
1532001506218695
1532001506218718
1532001506218725
1532001506218733
1532001506717901
1532001506717918
1532001506717925
1532001506717940
1532001507218062
1532001507218076
1532001507218087
1532001507218095
1532001507718073
1532001507718099
1532001507718106
1532001507718115
1532001508218705
1532001508218718
1532001508218725
1532001508218740
1532001508718464
1532001508718479
1532001508718492
1532001508718500
1532001509218303
1532001509218316
1532001509218323
1532001509218331
1532001509718476
1532001509718491
1532001509718499
1532001509718507
1532001510219007
1532001510219020
1532001510219026
1532001510219034
1532001510718765
1532001510718788
1532001510718796
1532001510718805
1532001511220508
1532001511220524
1532001511220532
1532001511220541
1532001511720271
1532001511720300
1532001511720311
1532001511720323
1532001512219512
1532001512219534
1532001512219542
1532001512219552
1532001512719130
1532001512719148
1532001512719156
1532001512719166
1532001513219833
1532001513219849
1532001513219858
1532001513219867
1532001513719319
1532001513719338
1532001513719345
1532001513719433
1532001514219642
1532001514219660
1532001514219668
1532001514219678
1532001514721226
1532001514721243
1532001514721250
1532001514721259
1532001515219976
1532001515219996
1532001515220004
1532001515220014
1532001515720503
1532001515720519
1532001515720527
1532001515720537
1532001516219893
1532001516219908
1532001516219916
1532001516219925
1532001516720703
1532001516720727
1532001516720737
1532001516720747
1532001517220292
1532001517220309
1532001517220317
1532001517220326
1532001517720412
1532001517720439
1532001517720448
1532001517720457
1532001518221032
1532001518221049
1532001518221057
1532001518221071
1532001518721587
1532001518721611
1532001518721619
1532001518721629
1532001519221666
1532001519221685
1532001519221693
1532001519221702
1532001519721885
1532001519721903
1532001519721912
1532001519721921
1532001520222208
1532001520222229
1532001520222237
1532001520222246
1532001520721954
1532001520721973
1532001520721981
1532001520721991
1532001521223777
1532001521223794
1532001521223802
1532001521223812
1532001521723716
1532001521723746
1532001521723755
1532001521723765
1532001522224297
1532001522224317
1532001522224326
1532001522224335
1532001522724031
1532001522724051
1532001522724061
1532001522724073
1532001523225055
1532001523225076
1532001523225085
1532001523225094
1532001523724619
1532001523724641
1532001523724650
1532001523724659
1532001524224669
1532001524224686
1532001524224695
1532001524224704
1532001524724829
1532001524724844
1532001524724852
1532001524724866
1532001525225154
1532001525225179
1532001525225188
1532001525225198
1532001525725574
1532001525725593
1532001525725600
1532001525725610
1532001526226263
1532001526226281
1532001526226290
1532001526226301
1532001526725277
1532001526725296
1532001526725305
1532001526725314
1532001527227390
1532001527227419
1532001527227428
1532001527227438
1532001527727114
1532001527727141
1532001527727151
1532001527727161
1532001528227001
1532001528227019
1532001528227033
1532001528227045
1532001528726985
1532001528727005
1532001528727013
1532001528727023
1532001529226916
1532001529226934
1532001529226942
1532001529226952
1532001529727575
1532001529727590
1532001529727599
1532001529727609
1532001530227343
1532001530227361
1532001530227369
1532001530227379
1532001530727511
1532001530727529
1532001530727537
1532001530727547
1532001531227502
1532001531227528
1532001531227536
1532001531227542
1532001531227976
1532001531728533
1532001531728549
1532001531728555
1532001531728581
1532001532228331
1532001532228348
1532001532228355
1532001532228364
1532001532728736
1532001532728751
1532001532728759
1532001532728768
1532001533228414
1532001533228430
1532001533228438
1532001533228446
1532001533728574
1532001533728591
1532001533728598
1532001533728606
1532001534228995
1532001534229010
1532001534229018
1532001534229026
1532001534729941
1532001534729956
1532001534729968
1532001534729977
1532001535228909
1532001535228928
1532001535228936
1532001535228944
1532001535729161
1532001535729186
1532001535729195
1532001535729204
1532001536229516
1532001536229535
1532001536229542
1532001536229551
1532001536730105
1532001536730121
1532001536730131
1532001536730140
1532001537229617
1532001537229634
1532001537229641
1532001537229650
1532001537729605
1532001537729623
1532001537729632
1532001537729641
1532001538229842
1532001538229860
1532001538229869
1532001538229880
1532001538730822
1532001538730840
1532001538730849
1532001538730859
1532001539230710
1532001539230728
1532001539230736
1532001539230746
1532001539730762
1532001539730778
1532001539730787
1532001539730796
1532001540230941
1532001540230960
1532001540230968
1532001540230979
1532001540731859
1532001540731876
1532001540731883
1532001540731893
1532001541230994
1532001541231012
1532001541231020
1532001541231030
1532001541731338
1532001541731355
1532001541731363
1532001541731373
1532001542231323
1532001542231342
1532001542231351
1532001542231360
1532001542731304
1532001542731325
1532001542731334
1532001542731343
1532001543231729
1532001543231746
1532001543231758
1532001543231769
1532001543731623
1532001543731642
1532001543731650
1532001543731660
1532001544232776
1532001544232794
1532001544232802
1532001544232812
1532001544731509
1532001544731526
1532001544731534
1532001544731544
1532001545232507
1532001545232524
1532001545232538
1532001545232548
1532001545732596
1532001545732615
1532001545732623
1532001545732639
1532001546232073
1532001546232095
1532001546232104
1532001546232114
1532001546734043
1532001546734058
1532001546734065
1532001546734080
1532001547232246
1532001547232267
1532001547232281
1532001547232290
1532001547732873
1532001547732894
1532001547732902
1532001547732912
1532001548232790
1532001548232812
1532001548232821
1532001548232831
1532001548733035
1532001548733054
1532001548733069
1532001548733079
1532001549232980
1532001549233002
1532001549233011
1532001549233021
1532001549733179
1532001549733199
1532001549733208
1532001549733217
1532001550233687
1532001550233706
1532001550233715
1532001550233725
1532001550733722
1532001550733742
1532001550733750
1532001550733762
1532001551233792
1532001551233813
1532001551233821
1532001551233831
1532001551733343
1532001551733360
1532001551733368
1532001551733377
1532001552234327
1532001552234344
1532001552234352
1532001552234363
1532001552733679
1532001552733700
1532001552733710
1532001552733719
1532001553234823
1532001553234850
1532001553234859
1532001553234868
1532001553733844
1532001553733867
1532001553733876
1532001553733888
1532001554235493
1532001554235529
1532001554235546
1532001554235566
1532001554734389
1532001554734410
1532001554734419
1532001554734428
1532001555234334
1532001555234351
1532001555234360
1532001555234370
1532001555734386
1532001555734404
1532001555734412
1532001555734421
1532001556234797
1532001556234815
1532001556234823
1532001556234832
1532001556734891
1532001556734911
1532001556734920
1532001556734929
1532001557235384
1532001557235412
1532001557235422
1532001557235433
1532001557735338
1532001557735357
1532001557735365
1532001557735380
1532001558235619
1532001558235639
1532001558235648
1532001558235658
1532001558736516
1532001558736533
1532001558736541
1532001558736761
1532001559235646
1532001559235672
1532001559235680
1532001559235690
1532001559735958
1532001559735978
1532001559735985
1532001559735995
1532001560236160
1532001560236184
1532001560236193
1532001560236203
1532001560736036
1532001560736055
1532001560736064
1532001560736074
1532001561236002
1532001561236031
1532001561236040
1532001561236049
1532001561736393
1532001561736417
1532001561736425
1532001561736433
1532001562236406
1532001562236424
1532001562236432
1532001562236441
1532001562736813
1532001562736832
1532001562736840
1532001562736849
1532001563236349
1532001563236367
1532001563236375
1532001563236385
1532001563736610
1532001563736630
1532001563736643
1532001563736652
1532001564237237
1532001564237252
1532001564237260
1532001564237269
1532001564736997
1532001564737018
1532001564737026
1532001564737035
1532001565237349
1532001565237371
1532001565237379
1532001565237392
1532001565737495
1532001565737512
1532001565737519
1532001565737528
1532001566238043
1532001566238062
1532001566238071
1532001566238080
1532001566737628
1532001566737648
1532001566737656
1532001566737666
1532001567237593
1532001567237613
1532001567237623
1532001567237632
1532001567737836
1532001567737856
1532001567737864
1532001567737877
1532001568237676
1532001568237699
1532001568237711
1532001568237721
1532001568739202
1532001568739225
1532001568739235
1532001568739245
1532001569237792
1532001569237809
1532001569237816
1532001569237824
1532001569738280
1532001569738297
1532001569738304
1532001569738313
1532001570238514
1532001570238533
1532001570238542
1532001570238550
1532001570739653
1532001570739668
1532001570739676
1532001570739686
1532001571239098
1532001571239114
1532001571239122
1532001571239131
1532001571738664
1532001571738682
1532001571738690
1532001571738703
1532001572238964
1532001572238980
1532001572238987
1532001572239000
1532001572738892
1532001572738912
1532001572738919
1532001572738928
1532001573239255
1532001573239272
1532001573239280
1532001573239290
1532001573739256
1532001573739276
1532001573739285
1532001573739296
1532001574239201
1532001574239219
1532001574239226
1532001574239235
1532001574739632
1532001574739650
1532001574739657
1532001574739667
1532001575241095
1532001575241116
1532001575241123
1532001575241132
1532001575740536
1532001575740553
1532001575740562
1532001575740578
1532001576240144
1532001576240162
1532001576240172
1532001576240182
1532001576740029
1532001576740048
1532001576740056
1532001576740065
1532001577240346
1532001577240365
1532001577240372
1532001577240382
1532001577740474
1532001577740494
1532001577740512
1532001577740522
1532001578241183
1532001578241200
1532001578241208
1532001578241217
1532001578740772
1532001578740791
1532001578740799
1532001578740808
1532001579240951
1532001579240967
1532001579240975
1532001579240989
1532001579740994
1532001579741020
1532001579741027
1532001579741036
1532001580241071
1532001580241094
1532001580241102
1532001580241115
1532001580741312
1532001580741332
1532001580741341
1532001580741350
1532001581241741
1532001581241759
1532001581241767
1532001581241776
1532001581741804
1532001581741823
1532001581741832
1532001581741841
1532001582243105
1532001582243122
1532001582243130
1532001582243139
1532001582742138
1532001582742156
1532001582742165
1532001582742174
1532001583241984
1532001583242001
1532001583242009
1532001583242018
1532001583742210
1532001583742225
1532001583742234
1532001583742243
1532001584242563
1532001584242580
1532001584242588
1532001584242598
1532001584742690
1532001584742714
1532001584742724
1532001584742733
1532001585242621
1532001585242637
1532001585242645
1532001585242658
1532001585742707
1532001585742726
1532001585742736
1532001585742746
1532001586242545
1532001586242564
1532001586242573
1532001586242583
1532001586742786
1532001586742804
1532001586742812
1532001586742827
1532001587243541
1532001587243558
1532001587243567
1532001587243582
1532001587743552
1532001587743570
1532001587743578
1532001587743588
1532001588243868
1532001588243885
1532001588243893
1532001588243903
1532001588743713
1532001588743732
1532001588743740
1532001588743750
1532001589244257
1532001589244278
1532001589244287
1532001589244297
1532001589744026
1532001589744044
1532001589744053
1532001589744063
1532001590245159
1532001590245178
1532001590245186
1532001590245197
1532001590744423
1532001590744447
1532001590744456
1532001590744466
1532001591244377
1532001591244393
1532001591244409
1532001591244422
1532001591744472
1532001591744493
1532001591744501
1532001591744510
1532001592246086
1532001592246108
1532001592246117
1532001592246126
1532001592746423
1532001592746440
1532001592746448
1532001592746457
1532001593246264
1532001593246285
1532001593246293
1532001593246302
1532001593746477
1532001593746491
1532001593746498
1532001593746507
1532001594246290
1532001594246309
1532001594246317
1532001594246326
1532001594746525
1532001594746542
1532001594746550
1532001594746560
1532001595247072
1532001595247088
1532001595247096
1532001595247105
1532001595746718
1532001595746734
1532001595746741
1532001595746750
1532001596246921
1532001596246943
1532001596246950
1532001596246960
1532001596746912
1532001596746927
1532001596746934
1532001596746942
1532001597247069
1532001597247093
1532001597247102
1532001597247111
1532001597747134
1532001597747158
1532001597747166
1532001597747175
1532001598248192
1532001598248209
1532001598248217
1532001598248227
1532001598747654
1532001598747674
1532001598747683
1532001598747694
1532001599248077
1532001599248092
1532001599248101
1532001599248111
1532001599747445
1532001599747462
1532001599747470
1532001599747480
1532001600247813
1532001600247831
1532001600247843
1532001600247853
