1532001501218149
1532001501218169
1532001501218176
1532001501218185
1532001501218191
1532001501218197
1532001501218203
1532001501218208
1532001501218214
1532001501218226
1532001501218234
1532001501218243
1532001501218249
1532001501218255
1532001501218266
1532001501218271
1532001501717742
1532001501717758
1532001501717764
1532001501717770
1532001501717777
1532001501717782
1532001501717787
1532001501717794
1532001501717801
1532001501717806
1532001501717813
1532001501717818
1532001501717825
1532001501717831
1532001501717838
1532001501717844
1532001502217333
1532001502217345
1532001502217351
1532001502217357
1532001502217362
1532001502217367
1532001502217373
1532001502217378
1532001502217383
1532001502217388
1532001502217394
1532001502217401
1532001502217408
1532001502217414
1532001502217420
1532001502217429
1532001502717386
1532001502717396
1532001502717402
1532001502717408
1532001502717413
1532001502717418
1532001502717423
1532001502717429
1532001502717434
1532001502717439
1532001502717445
1532001502717450
1532001502717456
1532001502717462
1532001502717467
1532001502717472
1532001503217496
1532001503217506
1532001503217512
1532001503217518
1532001503217523
1532001503217530
1532001503217535
1532001503217545
1532001503217551
1532001503217557
1532001503217563
1532001503217568
1532001503217574
1532001503217579
1532001503217585
1532001503217591
1532001503717713
1532001503717841
1532001503717852
1532001503717858
1532001503717866
1532001503717873
1532001503717883
1532001503717890
1532001503717897
1532001503717903
1532001503717908
1532001503717914
1532001503717920
1532001503717927
1532001503717933
1532001503717938
1532001503717945
1532001504217633
1532001504217648
1532001504217655
1532001504217660
1532001504217667
1532001504217672
1532001504217679
1532001504217685
1532001504217690
1532001504217699
1532001504217704
1532001504217710
1532001504217718
1532001504217725
1532001504217734
1532001504217740
1532001504717818
1532001504718240
1532001504718259
1532001504718267
1532001504718273
1532001504718279
1532001504718284
1532001504718289
1532001504718294
1532001504718300
1532001504718305
1532001504718311
1532001504718316
1532001504718322
1532001504718327
1532001504718333
1532001504718344
1532001505217662
1532001505217675
1532001505217681
1532001505217688
1532001505217694
1532001505217699
1532001505217705
1532001505217711
1532001505217716
1532001505217721
1532001505217727
1532001505217733
1532001505217738
1532001505217743
1532001505217749
1532001505217754
1532001505717852
1532001505717883
1532001505717890
1532001505717895
1532001505717901
1532001505717907
1532001505717912
1532001505717917
1532001505717925
1532001505717935
1532001505717940
1532001505717948
1532001505717958
1532001505717964
1532001505717970
1532001505717976
1532001505717982
1532001506218080
1532001506218718
1532001506218730
1532001506218737
1532001506218743
1532001506218749
1532001506218756
1532001506218763
1532001506218772
1532001506218779
1532001506218786
1532001506218793
1532001506218799
1532001506218805
1532001506218811
1532001506218817
1532001506218823
1532001506717954
1532001506717967
1532001506717974
1532001506717980
1532001506717986
1532001506717992
1532001506717998
1532001506718004
1532001506718010
1532001506718016
1532001506718022
1532001506718028
1532001506718033
1532001506718038
1532001506718043
1532001506718049
1532001507218252
1532001507218264
1532001507218270
1532001507218276
1532001507218281
1532001507218287
1532001507218293
1532001507218298
1532001507218304
1532001507218310
1532001507218321
1532001507218327
1532001507218333
1532001507218338
1532001507218343
1532001507218349
1532001507218354
1532001507718138
1532001507718157
1532001507718164
1532001507718170
1532001507718176
1532001507718182
1532001507718189
1532001507718195
1532001507718201
1532001507718207
1532001507718214
1532001507718220
1532001507718227
1532001507718232
1532001507718238
1532001507718244
1532001508218329
1532001508218766
1532001508218776
1532001508218782
1532001508218788
1532001508218799
1532001508218809
1532001508218816
1532001508218826
1532001508218841
1532001508218847
1532001508218853
1532001508218868
1532001508218879
1532001508218885
1532001508218891
1532001508218896
1532001508718582
1532001508718595
1532001508718600
1532001508718606
1532001508718616
1532001508718621
1532001508718637
1532001508718646
1532001508718658
1532001508718670
1532001508718677
1532001508718683
1532001508718688
1532001508718701
1532001508718711
1532001508718719
1532001509218421
1532001509218434
1532001509218440
1532001509218446
1532001509218453
1532001509218458
1532001509218464
1532001509218469
1532001509218475
1532001509218480
1532001509218486
1532001509218491
1532001509218496
1532001509218502
1532001509218507
1532001509218512
1532001509718941
1532001509718954
1532001509718960
1532001509718966
1532001509718972
1532001509718978
1532001509718987
1532001509718993
1532001509718999
1532001509719005
1532001509719011
1532001509719017
1532001509719022
1532001509719027
1532001509719032
1532001509719037
1532001509719043
1532001510219239
1532001510219255
1532001510219265
1532001510219274
1532001510219280
1532001510219286
1532001510219296
1532001510219301
1532001510219307
1532001510219312
1532001510219317
1532001510219323
1532001510219335
1532001510219341
1532001510219346
1532001510219351
1532001510219388
1532001510718857
1532001510718871
1532001510718878
1532001510718890
1532001510718897
1532001510718904
1532001510718910
1532001510718917
1532001510718931
1532001510718938
1532001510718944
1532001510718950
1532001510718956
1532001510718968
1532001510718974
1532001510718981
1532001511219128
1532001511220558
1532001511220582
1532001511220591
1532001511220598
1532001511220605
1532001511220619
1532001511220627
1532001511220633
1532001511220644
1532001511220659
1532001511220665
1532001511220671
1532001511220678
1532001511220684
1532001511220697
1532001511220703
1532001511720468
1532001511720484
1532001511720492
1532001511720501
1532001511720509
1532001511720526
1532001511720536
1532001511720543
1532001511720551
1532001511720561
1532001511720575
1532001511720588
1532001511720596
1532001511720607
1532001511720616
1532001511720625
1532001512219605
1532001512219621
1532001512219629
1532001512219636
1532001512219643
1532001512219650
1532001512219656
1532001512219663
1532001512219670
1532001512219681
1532001512219687
1532001512219693
1532001512219700
1532001512219709
1532001512219716
1532001512219727
1532001512719196
1532001512719209
1532001512719215
1532001512719221
1532001512719228
1532001512719234
1532001512719239
1532001512719245
1532001512719251
1532001512719257
1532001512719266
1532001512719272
1532001512719278
1532001512719284
1532001512719296
1532001512719303
1532001513219420
1532001513219867
1532001513219881
1532001513219888
1532001513219895
1532001513219902
1532001513219909
1532001513219916
1532001513219925
1532001513219932
1532001513219940
1532001513219948
1532001513219954
1532001513219961
1532001513219968
1532001513219974
1532001513219986
1532001513719355
1532001513719371
1532001513719379
1532001513719386
1532001513719392
1532001513719398
1532001513719404
1532001513719501
1532001513719514
1532001513719521
1532001513719528
1532001513719534
1532001513719541
1532001513719552
1532001513719559
1532001513719566
1532001514219660
1532001514219673
1532001514219681
1532001514219688
1532001514219695
1532001514219702
1532001514219712
1532001514219718
1532001514219726
1532001514219732
1532001514219738
1532001514219745
1532001514219751
1532001514219767
1532001514219774
1532001514219781
1532001514219788
1532001514721278
1532001514721297
1532001514721304
1532001514721316
1532001514721322
1532001514721331
1532001514721337
1532001514721343
1532001514721349
1532001514721355
1532001514721361
1532001514721367
1532001514721374
1532001514721380
1532001514721386
1532001514721392
1532001514721457
1532001515220042
1532001515220056
1532001515220069
1532001515220076
1532001515220085
1532001515220091
1532001515220101
1532001515220108
1532001515220114
1532001515220121
1532001515220127
1532001515220134
1532001515220140
1532001515220146
1532001515220152
1532001515220158
1532001515720226
1532001515720547
1532001515720557
1532001515720563
1532001515720578
1532001515720585
1532001515720599
1532001515720605
1532001515720611
1532001515720622
1532001515720629
1532001515720636
1532001515720642
1532001515720653
1532001515720660
1532001515720666
1532001515720674
1532001516219951
1532001516219964
1532001516219970
1532001516219977
1532001516219983
1532001516219989
1532001516219995
1532001516220002
1532001516220010
1532001516220016
1532001516220023
1532001516220029
1532001516220035
1532001516220042
1532001516220048
1532001516220054
1532001516720192
1532001516720754
1532001516720768
1532001516720775
1532001516720782
1532001516720788
1532001516720799
1532001516720806
1532001516720813
1532001516720819
1532001516720826
1532001516720834
1532001516720841
1532001516720848
1532001516720855
1532001516720862
1532001516720869
1532001517220315
1532001517220329
1532001517220336
1532001517220342
1532001517220349
1532001517220355
1532001517220361
1532001517220368
1532001517220374
1532001517220380
1532001517220386
1532001517220392
1532001517220398
1532001517220405
1532001517220417
1532001517220424
1532001517720439
1532001517720453
1532001517720460
1532001517720467
1532001517720474
1532001517720481
1532001517720489
1532001517720496
1532001517720503
1532001517720511
1532001517720518
1532001517720524
1532001517720531
1532001517720537
1532001517720545
1532001517720551
1532001517720558
1532001518220936
1532001518221129
1532001518221139
1532001518221146
1532001518221153
1532001518221159
1532001518221172
1532001518221179
1532001518221186
1532001518221193
1532001518221200
1532001518221215
1532001518221228
1532001518221234
1532001518221241
1532001518221259
1532001518221267
1532001518721402
1532001518721624
1532001518721633
1532001518721639
1532001518721647
1532001518721653
1532001518721659
1532001518721665
1532001518721671
1532001518721678
1532001518721685
1532001518721691
1532001518721697
1532001518721703
1532001518721710
1532001518721716
1532001518721723
1532001519221732
1532001519221744
1532001519221757
1532001519221764
1532001519221771
1532001519221778
1532001519221784
1532001519221798
1532001519221804
1532001519221810
1532001519221821
1532001519221827
1532001519221841
1532001519221848
1532001519221858
1532001519221865
1532001519721943
1532001519721962
1532001519721974
1532001519721981
1532001519721989
1532001519721997
1532001519722005
1532001519722022
1532001519722030
1532001519722043
1532001519722059
1532001519722066
1532001519722073
1532001519722079
1532001519722086
1532001519722098
1532001519722105
1532001520222195
1532001520222268
1532001520222290
1532001520222298
1532001520222305
1532001520222318
1532001520222325
1532001520222331
1532001520222339
1532001520222346
1532001520222359
1532001520222366
1532001520222372
1532001520222379
1532001520222385
1532001520222402
1532001520222409
1532001520722125
1532001520722138
1532001520722145
1532001520722152
1532001520722159
1532001520722165
1532001520722172
1532001520722178
1532001520722185
1532001520722192
1532001520722199
1532001520722207
1532001520722215
1532001520722222
1532001520722230
1532001520722236
1532001521222336
1532001521223812
1532001521223827
1532001521223834
1532001521223842
1532001521223850
1532001521223856
1532001521223863
1532001521223871
1532001521223877
1532001521223884
1532001521223890
1532001521223897
1532001521223904
1532001521223910
1532001521223916
1532001521223923
1532001521723790
1532001521723813
1532001521723821
1532001521723827
1532001521723839
1532001521723845
1532001521723851
1532001521723858
1532001521723865
1532001521723870
1532001521723886
1532001521723893
1532001521723900
1532001521723906
1532001521723920
1532001521723926
1532001522224552
1532001522224571
1532001522224580
1532001522224587
1532001522224595
1532001522224602
1532001522224608
1532001522224615
1532001522224621
1532001522224627
1532001522224638
1532001522224645
1532001522224651
1532001522224658
1532001522224664
1532001522224671
1532001522224717
1532001522724130
1532001522724150
1532001522724161
1532001522724168
1532001522724175
1532001522724183
1532001522724191
1532001522724199
1532001522724207
1532001522724214
1532001522724221
1532001522724228
1532001522724234
1532001522724240
1532001522724255
1532001522724262
1532001523224409
1532001523225129
1532001523225140
1532001523225147
1532001523225153
1532001523225160
1532001523225168
1532001523225175
1532001523225181
1532001523225188
1532001523225194
1532001523225200
1532001523225207
1532001523225213
1532001523225219
1532001523225231
1532001523225238
1532001523724675
1532001523724694
1532001523724702
1532001523724710
1532001523724717
1532001523724724
1532001523724731
1532001523724738
1532001523724745
1532001523724753
1532001523724760
1532001523724766
1532001523724773
1532001523724779
1532001523724786
1532001523724803
1532001524224749
1532001524224765
1532001524224777
1532001524224784
1532001524224791
1532001524224797
1532001524224804
1532001524224811
1532001524224818
1532001524224829
1532001524224835
1532001524224841
1532001524224847
1532001524224853
1532001524224859
1532001524224865
1532001524724916
1532001524724933
1532001524724941
1532001524724947
1532001524724953
1532001524724966
1532001524724972
1532001524724977
1532001524724983
1532001524724988
1532001524724994
1532001524725007
1532001524725013
1532001524725019
1532001524725025
1532001524725031
1532001524725037
1532001525225213
1532001525225230
1532001525225238
1532001525225245
1532001525225252
1532001525225259
1532001525225266
1532001525225273
1532001525225280
1532001525225287
1532001525225295
1532001525225301
1532001525225314
1532001525225320
1532001525225327
1532001525225334
1532001525225341
1532001525725455
1532001525725649
1532001525725661
1532001525725668
1532001525725674
1532001525725681
1532001525725687
1532001525725693
1532001525725699
1532001525725706
1532001525725712
1532001525725720
1532001525725727
1532001525725735
1532001525725741
1532001525725747
1532001525725754
1532001526225923
1532001526226344
1532001526226358
1532001526226366
1532001526226373
1532001526226380
1532001526226387
1532001526226394
1532001526226401
1532001526226408
1532001526226415
1532001526226422
1532001526226429
1532001526226437
1532001526226444
1532001526226451
1532001526226459
1532001526725334
1532001526725346
1532001526725353
1532001526725360
1532001526725366
1532001526725372
1532001526725379
1532001526725385
1532001526725393
1532001526725399
1532001526725404
1532001526725410
1532001526725415
1532001526725420
1532001526725426
1532001526725431
1532001527226589
1532001527227635
1532001527227647
1532001527227655
1532001527227664
1532001527227671
1532001527227677
1532001527227684
1532001527227691
1532001527227697
1532001527227704
1532001527227711
1532001527227718
1532001527227724
1532001527227730
1532001527227736
1532001527227743
1532001527727167
1532001527727181
1532001527727189
1532001527727196
1532001527727204
1532001527727210
1532001527727217
1532001527727224
1532001527727231
1532001527727237
1532001527727244
1532001527727250
1532001527727256
1532001527727262
1532001527727268
1532001527727274
1532001528227085
1532001528227107
1532001528227114
1532001528227121
1532001528227129
1532001528227135
1532001528227142
1532001528227149
1532001528227157
1532001528227164
1532001528227172
1532001528227180
1532001528227186
1532001528227192
1532001528227198
1532001528227205
1532001528727036
1532001528727050
1532001528727057
1532001528727064
1532001528727071
1532001528727079
1532001528727087
1532001528727099
1532001528727110
1532001528727117
1532001528727123
1532001528727133
1532001528727141
1532001528727147
1532001528727154
1532001528727161
1532001529227011
1532001529227028
1532001529227036
1532001529227045
1532001529227052
1532001529227060
1532001529227067
1532001529227076
1532001529227084
1532001529227091
1532001529227098
1532001529227104
1532001529227111
1532001529227118
1532001529227125
1532001529227137
1532001529727772
1532001529727790
1532001529727801
1532001529727808
1532001529727816
1532001529727823
1532001529727830
1532001529727849
1532001529727860
1532001529727866
1532001529727873
1532001529727885
1532001529727892
1532001529727899
1532001529727906
1532001529727912
1532001529727929
1532001530227371
1532001530227386
1532001530227398
1532001530227404
1532001530227410
1532001530227417
1532001530227423
1532001530227429
1532001530227451
1532001530227457
1532001530227464
1532001530227478
1532001530227485
1532001530227491
1532001530227497
1532001530227504
1532001530727574
1532001530727591
1532001530727602
1532001530727609
1532001530727615
1532001530727622
1532001530727628
1532001530727634
1532001530727649
1532001530727655
1532001530727665
1532001530727672
1532001530727688
1532001530727695
1532001530727701
1532001530727707
1532001531227556
1532001531227572
1532001531227585
1532001531227591
1532001531227597
1532001531227604
1532001531227613
1532001531227627
1532001531227633
1532001531227640
1532001531227646
1532001531227667
1532001531227674
1532001531227680
1532001531228003
1532001531228012
1532001531728115
1532001531728596
1532001531728610
1532001531728618
1532001531728625
1532001531728632
1532001531728638
1532001531728644
1532001531728650
1532001531728657
1532001531728663
1532001531728669
1532001531728675
1532001531728682
1532001531728688
1532001531728699
1532001531728706
1532001532228413
1532001532228428
1532001532228435
1532001532228446
1532001532228453
1532001532228459
1532001532228466
1532001532228472
1532001532228480
1532001532228488
1532001532228495
1532001532228501
1532001532228507
1532001532228513
1532001532228519
1532001532228528
1532001532728604
1532001532728752
1532001532728766
1532001532728774
1532001532728781
1532001532728787
1532001532728793
1532001532728800
1532001532728806
1532001532728813
1532001532728819
1532001532728825
1532001532728832
1532001532728838
1532001532728844
1532001532728850
1532001532728857
1532001533228440
1532001533228457
1532001533228464
1532001533228471
1532001533228478
1532001533228484
1532001533228491
1532001533228498
1532001533228505
1532001533228513
1532001533228520
1532001533228532
1532001533228539
1532001533228548
1532001533228554
1532001533228561
1532001533728657
1532001533728671
1532001533728677
1532001533728684
1532001533728690
1532001533728696
1532001533728702
1532001533728708
1532001533728714
1532001533728721
1532001533728727
1532001533728733
1532001533728739
1532001533728744
1532001533728750
1532001533728761
1532001533728809
1532001534228908
1532001534229081
1532001534229092
1532001534229099
1532001534229105
1532001534229112
1532001534229118
1532001534229124
1532001534229131
1532001534229137
1532001534229143
1532001534229151
1532001534229158
1532001534229166
1532001534229173
1532001534229180
1532001534229187
1532001534729955
1532001534729973
1532001534729982
1532001534729990
1532001534729997
1532001534730003
1532001534730008
1532001534730017
1532001534730026
1532001534730033
1532001534730040
1532001534730045
1532001534730051
1532001534730058
1532001534730064
1532001534730070
1532001534730076
1532001535229142
1532001535229158
1532001535229165
1532001535229172
1532001535229178
1532001535229185
1532001535229191
1532001535229198
1532001535229205
1532001535229212
1532001535229219
1532001535229226
1532001535229235
1532001535229245
1532001535229252
1532001535229258
1532001535729243
1532001535729256
1532001535729264
1532001535729271
1532001535729277
1532001535729289
1532001535729296
1532001535729302
1532001535729309
1532001535729318
1532001535729328
1532001535729335
1532001535729341
1532001535729347
1532001535729353
1532001535729360
1532001536229463
1532001536229618
1532001536229637
1532001536229644
1532001536229655
1532001536229666
1532001536229673
1532001536229680
1532001536229687
1532001536229694
1532001536229700
1532001536229707
1532001536229715
1532001536229721
1532001536229728
1532001536229736
1532001536229743
1532001536729838
1532001536730133
1532001536730147
1532001536730155
1532001536730162
1532001536730169
1532001536730175
1532001536730182
1532001536730188
1532001536730199
1532001536730207
1532001536730213
1532001536730219
1532001536730225
1532001536730231
1532001536730237
1532001536730244
1532001537229853
1532001537229867
1532001537229874
1532001537229882
1532001537229898
1532001537229905
1532001537229912
1532001537229920
1532001537229928
1532001537229934
1532001537229941
1532001537229948
1532001537229954
1532001537229962
1532001537229971
1532001537229977
1532001537729675
1532001537729693
1532001537729714
1532001537729721
1532001537729729
1532001537729738
1532001537729744
1532001537729751
1532001537729758
1532001537729769
1532001537729779
1532001537729785
1532001537729793
1532001537729799
1532001537729806
1532001537729813
1532001538229935
1532001538229948
1532001538229955
1532001538229964
1532001538229972
1532001538229978
1532001538229986
1532001538229994
1532001538230003
1532001538230010
1532001538230018
1532001538230024
1532001538230031
1532001538230038
1532001538230046
1532001538230053
1532001538230060
1532001538730673
1532001538730870
1532001538730882
1532001538730889
1532001538730896
1532001538730903
1532001538730910
1532001538730916
1532001538730923
1532001538730931
1532001538730938
1532001538730945
1532001538730955
1532001538730962
1532001538730969
1532001538730976
1532001538730983
1532001539230861
1532001539230881
1532001539230893
1532001539230901
1532001539230908
1532001539230916
1532001539230938
1532001539230945
1532001539230952
1532001539230959
1532001539230965
1532001539230979
1532001539230986
1532001539230992
1532001539230999
1532001539231016
1532001539730819
1532001539730836
1532001539730844
1532001539730857
1532001539730863
1532001539730870
1532001539730876
1532001539730882
1532001539730888
1532001539730903
1532001539730910
1532001539730918
1532001539730925
1532001539730940
1532001539730946
1532001539730952
1532001540230978
1532001540230995
1532001540231004
1532001540231017
1532001540231024
1532001540231030
1532001540231037
1532001540231043
1532001540231059
1532001540231065
1532001540231072
1532001540231080
1532001540231097
1532001540231104
1532001540231110
1532001540231116
1532001540231124
1532001540731235
1532001540731897
1532001540731909
1532001540731916
1532001540731925
1532001540731933
1532001540731940
1532001540731948
1532001540731955
1532001540731962
1532001540731969
1532001540731975
1532001540731982
1532001540731990
1532001540732001
1532001540732008
1532001540732015
1532001541231043
1532001541231060
1532001541231067
1532001541231074
1532001541231081
1532001541231087
1532001541231097
1532001541231113
1532001541231120
1532001541231127
1532001541231133
1532001541231140
1532001541231147
1532001541231155
1532001541231168
1532001541231175
1532001541731252
1532001541731406
1532001541731421
1532001541731433
1532001541731441
1532001541731448
1532001541731455
1532001541731461
1532001541731475
1532001541731481
1532001541731493
1532001541731500
1532001541731515
1532001541731526
1532001541731533
1532001541731539
1532001541731545
1532001542231428
1532001542231441
1532001542231448
1532001542231455
1532001542231462
1532001542231469
1532001542231476
1532001542231483
1532001542231491
1532001542231499
1532001542231505
1532001542231511
1532001542231518
1532001542231524
1532001542231531
1532001542231537
1532001542731431
1532001542731446
1532001542731453
1532001542731460
1532001542731467
1532001542731474
1532001542731481
1532001542731489
1532001542731495
1532001542731502
1532001542731509
1532001542731517
1532001542731525
1532001542731531
1532001542731537
1532001542731544
1532001543231756
1532001543231769
1532001543231777
1532001543231783
1532001543231790
1532001543231798
1532001543231806
1532001543231813
1532001543231820
1532001543231826
1532001543231834
1532001543231841
1532001543231847
1532001543231854
1532001543231860
1532001543231866
1532001543231872
1532001543731647
1532001543731661
1532001543731668
1532001543731674
1532001543731682
1532001543731689
1532001543731695
1532001543731703
1532001543731710
1532001543731716
1532001543731722
1532001543731729
1532001543731735
1532001543731741
1532001543731747
1532001543731753
1532001544231916
1532001544232837
1532001544232849
1532001544232857
1532001544232864
1532001544232871
1532001544232877
1532001544232884
1532001544232891
1532001544232897
1532001544232904
1532001544232910
1532001544232918
1532001544232925
1532001544232932
1532001544232939
1532001544232946
1532001544731562
1532001544731576
1532001544731582
1532001544731590
1532001544731596
1532001544731604
1532001544731610
1532001544731617
1532001544731623
1532001544731630
1532001544731642
1532001544731649
1532001544731665
1532001544731672
1532001544731679
1532001544731686
1532001545231892
1532001545232553
1532001545232568
1532001545232579
1532001545232586
1532001545232593
1532001545232601
1532001545232607
1532001545232615
1532001545232622
1532001545232628
1532001545232634
1532001545232641
1532001545232647
1532001545232655
1532001545232662
1532001545232673
1532001545732653
1532001545732667
1532001545732679
1532001545732686
1532001545732692
1532001545732698
1532001545732704
1532001545732711
1532001545732724
1532001545732731
1532001545732737
1532001545732743
1532001545732750
1532001545732765
1532001545732771
1532001545732777
1532001546232142
1532001546232160
1532001546232167
1532001546232175
1532001546232182
1532001546232201
1532001546232210
1532001546232218
1532001546232228
1532001546232242
1532001546232250
1532001546232262
1532001546232269
1532001546232282
1532001546232288
1532001546232294
1532001546732345
1532001546734093
1532001546734104
1532001546734111
1532001546734121
1532001546734128
1532001546734136
1532001546734142
1532001546734162
1532001546734169
1532001546734176
1532001546734182
1532001546734189
1532001546734200
1532001546734207
1532001546734213
1532001546734223
1532001547232322
1532001547232342
1532001547232351
1532001547232358
1532001547232365
1532001547232372
1532001547232386
1532001547232392
1532001547232399
1532001547232405
1532001547232414
1532001547232429
1532001547232436
1532001547232444
1532001547232450
1532001547232466
1532001547732616
1532001547732923
1532001547732941
1532001547732951
1532001547732958
1532001547732965
1532001547732971
1532001547732987
1532001547732994
1532001547733000
1532001547733006
1532001547733012
1532001547733027
1532001547733035
1532001547733042
1532001547733049
1532001547733062
1532001548232846
1532001548232863
1532001548232870
1532001548232878
1532001548232892
1532001548232899
1532001548232905
1532001548232912
1532001548232918
1532001548232931
1532001548232938
1532001548232945
1532001548232952
1532001548232958
1532001548232972
1532001548232979
1532001548733109
1532001548733123
1532001548733131
1532001548733145
1532001548733152
1532001548733163
1532001548733170
1532001548733177
1532001548733185
1532001548733194
1532001548733202
1532001548733210
1532001548733217
1532001548733224
1532001548733230
1532001548733237
1532001548733300
1532001549233467
1532001549233485
1532001549233493
1532001549233500
1532001549233506
1532001549233517
1532001549233524
1532001549233530
1532001549233537
1532001549233543
1532001549233554
1532001549233562
1532001549233569
1532001549233577
1532001549233585
1532001549233594
1532001549233601
1532001549733212
1532001549733228
1532001549733240
1532001549733248
1532001549733254
1532001549733261
1532001549733267
1532001549733273
1532001549733280
1532001549733286
1532001549733292
1532001549733298
1532001549733304
1532001549733312
1532001549733319
1532001549733325
1532001550233596
1532001550233736
1532001550233751
1532001550233759
1532001550233766
1532001550233773
1532001550233780
1532001550233787
1532001550233796
1532001550233804
1532001550233811
1532001550233817
1532001550233824
1532001550233834
1532001550233841
1532001550233848
1532001550233854
1532001550733774
1532001550733790
1532001550733798
1532001550733804
1532001550733810
1532001550733816
1532001550733823
1532001550733830
1532001550733836
1532001550733842
1532001550733848
1532001550733855
1532001550733861
1532001550733867
1532001550733879
1532001550733886
1532001551233822
1532001551233838
1532001551233847
1532001551233859
1532001551233866
1532001551233872
1532001551233879
1532001551233886
1532001551233892
1532001551233898
1532001551233904
1532001551233914
1532001551233920
1532001551233926
1532001551233933
1532001551233939
1532001551733378
1532001551733391
1532001551733398
1532001551733405
1532001551733412
1532001551733424
1532001551733430
1532001551733436
1532001551733443
1532001551733452
1532001551733459
1532001551733466
1532001551733473
1532001551733483
1532001551733490
1532001551733496
1532001552233935
1532001552234400
1532001552234413
1532001552234420
1532001552234429
1532001552234441
1532001552234447
1532001552234463
1532001552234474
1532001552234481
1532001552234488
1532001552234495
1532001552234502
1532001552234510
1532001552234521
1532001552234527
1532001552234536
1532001552733745
1532001552733757
1532001552733764
1532001552733774
1532001552733782
1532001552733788
1532001552733795
1532001552733803
1532001552733810
1532001552733816
1532001552733823
1532001552733830
1532001552733841
1532001552733848
1532001552733854
1532001552733864
1532001553234020
1532001553234892
1532001553234906
1532001553234915
1532001553234922
1532001553234930
1532001553234937
1532001553234945
1532001553234952
1532001553234960
1532001553234967
1532001553234974
1532001553234982
1532001553234989
1532001553234997
1532001553235005
1532001553235013
1532001553733927
1532001553733950
1532001553733958
1532001553733966
1532001553733978
1532001553733986
1532001553733992
1532001553733999
1532001553734011
1532001553734026
1532001553734034
1532001553734041
1532001553734050
1532001553734068
1532001553734076
1532001553734082
1532001554234189
1532001554235619
1532001554235637
1532001554235661
1532001554235672
1532001554235690
1532001554235698
1532001554235709
1532001554235720
1532001554235742
1532001554235757
1532001554235775
1532001554235784
1532001554235792
1532001554235801
1532001554235822
1532001554235831
1532001554735246
1532001554735260
1532001554735268
1532001554735275
1532001554735282
1532001554735289
1532001554735297
1532001554735304
1532001554735312
1532001554735322
1532001554735330
1532001554735337
1532001554735347
1532001554735354
1532001554735361
1532001554735368
1532001555234439
1532001555234452
1532001555234462
1532001555234470
1532001555234478
1532001555234486
1532001555234494
1532001555234502
1532001555234509
1532001555234516
1532001555234523
1532001555234531
1532001555234539
1532001555234546
1532001555234553
1532001555234560
1532001555734609
1532001555734625
1532001555734634
1532001555734643
1532001555734649
1532001555734656
1532001555734663
1532001555734670
1532001555734678
1532001555734685
1532001555734692
1532001555734699
1532001555734706
1532001555734716
1532001555734723
1532001555734729
1532001556234857
1532001556234872
1532001556234881
1532001556234889
1532001556234896
1532001556234904
1532001556234911
1532001556234918
1532001556234925
1532001556234932
1532001556234939
1532001556234946
1532001556234953
1532001556234960
1532001556234967
1532001556234976
1532001556234984
1532001556734939
1532001556734953
1532001556734962
1532001556734970
1532001556734978
1532001556734985
1532001556734992
1532001556734999
1532001556735006
1532001556735014
1532001556735021
1532001556735033
1532001556735040
1532001556735047
1532001556735054
1532001556735062
1532001557235244
1532001557235415
1532001557235426
1532001557235434
1532001557235442
1532001557235449
1532001557235457
1532001557235464
1532001557235472
1532001557235485
1532001557235492
1532001557235500
1532001557235507
1532001557235515
1532001557235522
1532001557235537
1532001557235544
1532001557735409
1532001557735423
1532001557735431
1532001557735438
1532001557735445
1532001557735451
1532001557735461
1532001557735468
1532001557735474
1532001557735481
1532001557735493
1532001557735501
1532001557735507
1532001557735518
1532001557735524
1532001557735531
1532001558235641
1532001558235654
1532001558235663
1532001558235672
1532001558235680
1532001558235687
1532001558235696
1532001558235704
1532001558235712
1532001558235719
1532001558235726
1532001558235733
1532001558235740
1532001558235747
1532001558235753
1532001558235763
1532001558235840
1532001558736170
1532001558736550
1532001558736579
1532001558736590
1532001558736597
1532001558736604
1532001558736620
1532001558736628
1532001558736783
1532001558736795
1532001558736808
1532001558736815
1532001558736822
1532001558736829
1532001558736835
1532001558736850
1532001558736857
1532001559235895
1532001559235910
1532001559235919
1532001559235931
1532001559235938
1532001559235946
1532001559235956
1532001559235964
1532001559235971
1532001559235978
1532001559235989
1532001559235997
1532001559236005
1532001559236012
1532001559236019
1532001559236026
1532001559736018
1532001559736043
1532001559736055
1532001559736062
1532001559736068
1532001559736075
1532001559736083
1532001559736097
1532001559736105
1532001559736112
1532001559736124
1532001559736137
1532001559736144
1532001559736151
1532001559736158
1532001559736165
1532001560236187
1532001560236205
1532001560236214
1532001560236221
1532001560236228
1532001560236234
1532001560236241
1532001560236247
1532001560236253
1532001560236261
1532001560236268
1532001560236275
1532001560236283
1532001560236290
1532001560236297
1532001560236304
1532001560236384
1532001560736079
1532001560736096
1532001560736103
1532001560736110
1532001560736116
1532001560736128
1532001560736135
1532001560736145
1532001560736152
1532001560736159
1532001560736166
1532001560736175
1532001560736182
1532001560736197
1532001560736204
1532001560736211
1532001561236087
1532001561236101
1532001561236109
1532001561236116
1532001561236122
1532001561236130
1532001561236136
1532001561236143
1532001561236150
1532001561236157
1532001561236165
1532001561236171
1532001561236178
1532001561236185
1532001561236192
1532001561236199
1532001561736333
1532001561736470
1532001561736485
1532001561736493
1532001561736499
1532001561736506
1532001561736512
1532001561736523
1532001561736532
1532001561736540
1532001561736546
1532001561736552
1532001561736559
1532001561736572
1532001561736580
1532001561736586
1532001561736593
1532001562236468
1532001562236482
1532001562236489
1532001562236496
1532001562236502
1532001562236509
1532001562236516
1532001562236524
1532001562236535
1532001562236542
1532001562236553
1532001562236560
1532001562236574
1532001562236583
1532001562236590
1532001562236597
1532001562736684
1532001562736862
1532001562736873
1532001562736880
1532001562736887
1532001562736894
1532001562736901
1532001562736907
1532001562736914
1532001562736921
1532001562736928
1532001562736935
1532001562736942
1532001562736948
1532001562736955
1532001562736962
1532001562736969
1532001563236407
1532001563236424
1532001563236432
1532001563236439
1532001563236445
1532001563236453
1532001563236459
1532001563236466
1532001563236472
1532001563236479
1532001563236486
1532001563236492
1532001563236498
1532001563236505
1532001563236512
1532001563236519
1532001563736645
1532001563736661
1532001563736668
1532001563736675
1532001563736682
1532001563736688
1532001563736694
1532001563736700
1532001563736707
1532001563736714
1532001563736726
1532001563736733
1532001563736740
1532001563736747
1532001563736755
1532001563736763
1532001563736770
1532001564236898
1532001564237268
1532001564237279
1532001564237286
1532001564237293
1532001564237300
1532001564237306
1532001564237312
1532001564237319
1532001564237326
1532001564237333
1532001564237339
1532001564237345
1532001564237352
1532001564237359
1532001564237371
1532001564237378
1532001564737021
1532001564737036
1532001564737047
1532001564737055
1532001564737060
1532001564737067
1532001564737076
1532001564737092
1532001564737099
1532001564737105
1532001564737110
1532001564737116
1532001564737128
1532001564737134
1532001564737140
1532001564737146
1532001565237252
1532001565237444
1532001565237455
1532001565237468
1532001565237475
1532001565237482
1532001565237488
1532001565237497
1532001565237515
1532001565237522
1532001565237528
1532001565237534
1532001565237548
1532001565237555
1532001565237562
1532001565237569
1532001565237589
1532001565737565
1532001565737580
1532001565737587
1532001565737593
1532001565737600
1532001565737606
1532001565737613
1532001565737620
1532001565737626
1532001565737633
1532001565737639
1532001565737646
1532001565737653
1532001565737663
1532001565737670
1532001565737676
1532001566237823
1532001566238086
1532001566238103
1532001566238110
1532001566238121
1532001566238128
1532001566238134
1532001566238141
1532001566238148
1532001566238155
1532001566238162
1532001566238168
1532001566238176
1532001566238183
1532001566238195
1532001566238201
1532001566238212
1532001566737704
1532001566737719
1532001566737727
1532001566737736
1532001566737743
1532001566737751
1532001566737760
1532001566737769
1532001566737777
1532001566737785
1532001566737793
1532001566737808
1532001566737815
1532001566737824
1532001566737832
1532001566737840
1532001567237689
1532001567237706
1532001567237714
1532001567237722
1532001567237730
1532001567237737
1532001567237745
1532001567237752
1532001567237762
1532001567237770
1532001567237777
1532001567237789
1532001567237797
1532001567237803
1532001567237809
1532001567237817
1532001567737931
1532001567737949
1532001567737957
1532001567737965
1532001567737972
1532001567737981
1532001567737989
1532001567737996
1532001567738003
1532001567738010
1532001567738017
1532001567738025
1532001567738032
1532001567738043
1532001567738050
1532001567738057
1532001567738064
1532001568237714
1532001568237732
1532001568237741
1532001568237748
1532001568237756
1532001568237763
1532001568237770
1532001568237777
1532001568237784
1532001568237790
1532001568237797
1532001568237808
1532001568237815
1532001568237823
1532001568237829
1532001568237837
1532001568737932
1532001568739226
1532001568739243
1532001568739252
1532001568739259
1532001568739266
1532001568739273
1532001568739281
1532001568739288
1532001568739296
1532001568739305
1532001568739314
1532001568739322
1532001568739334
1532001568739342
1532001568739350
1532001568739357
1532001569237882
1532001569237896
1532001569237904
1532001569237912
1532001569237922
1532001569237929
1532001569237937
1532001569237945
1532001569237953
1532001569237961
1532001569237967
1532001569237974
1532001569237980
1532001569237988
1532001569237994
1532001569238000
1532001569738127
1532001569738396
1532001569738408
1532001569738415
1532001569738421
1532001569738428
1532001569738435
1532001569738441
1532001569738448
1532001569738454
1532001569738461
1532001569738467
1532001569738473
1532001569738480
1532001569738488
1532001569738496
1532001569738503
1532001570238545
1532001570238560
1532001570238569
1532001570238580
1532001570238589
1532001570238596
1532001570238604
1532001570238613
1532001570238621
1532001570238629
1532001570238635
1532001570238642
1532001570238650
1532001570238658
1532001570238664
1532001570238670
1532001570238676
1532001570738767
1532001570739705
1532001570739720
1532001570739728
1532001570739735
1532001570739742
1532001570739749
1532001570739757
1532001570739765
1532001570739778
1532001570739787
1532001570739794
1532001570739801
1532001570739808
1532001570739822
1532001570739830
1532001570739837
1532001571239155
1532001571239168
1532001571239174
1532001571239181
1532001571239187
1532001571239193
1532001571239201
1532001571239208
1532001571239214
1532001571239221
1532001571239227
1532001571239234
1532001571239241
1532001571239249
1532001571239255
1532001571239265
1532001571738749
1532001571738764
1532001571738771
1532001571738777
1532001571738784
1532001571738790
1532001571738796
1532001571738802
1532001571738808
1532001571738814
1532001571738820
1532001571738826
1532001571738832
1532001571738839
1532001571738845
1532001571738851
1532001572239018
1532001572239032
1532001572239040
1532001572239047
1532001572239056
1532001572239063
1532001572239071
1532001572239078
1532001572239085
1532001572239092
1532001572239099
1532001572239105
1532001572239116
1532001572239122
1532001572239129
1532001572239136
1532001572239143
1532001572738990
1532001572739004
1532001572739011
1532001572739018
1532001572739024
1532001572739030
1532001572739036
1532001572739045
1532001572739053
1532001572739059
1532001572739070
1532001572739076
1532001572739083
1532001572739089
1532001572739095
1532001572739101
1532001573239224
1532001573239329
1532001573239340
1532001573239348
1532001573239356
1532001573239363
1532001573239370
1532001573239376
1532001573239382
1532001573239390
1532001573239397
1532001573239403
1532001573239415
1532001573239421
1532001573239428
1532001573239435
1532001573239442
1532001573739297
1532001573739310
1532001573739318
1532001573739324
1532001573739331
1532001573739337
1532001573739344
1532001573739355
1532001573739362
1532001573739370
1532001573739377
1532001573739387
1532001573739395
1532001573739401
1532001573739408
1532001573739415
1532001574239220
1532001574239238
1532001574239246
1532001574239253
1532001574239259
1532001574239273
1532001574239282
1532001574239290
1532001574239297
1532001574239303
1532001574239310
1532001574239316
1532001574239323
1532001574239330
1532001574239337
1532001574239344
1532001574739438
1532001574739690
1532001574739702
1532001574739709
1532001574739715
1532001574739722
1532001574739728
1532001574739733
1532001574739740
1532001574739746
1532001574739752
1532001574739758
1532001574739765
1532001574739771
1532001574739777
1532001574739782
1532001574739792
1532001575239979
1532001575241165
1532001575241180
1532001575241190
1532001575241197
1532001575241204
1532001575241217
1532001575241224
1532001575241231
1532001575241237
1532001575241249
1532001575241255
1532001575241262
1532001575241271
1532001575241279
1532001575241285
1532001575241293
1532001575740596
1532001575740609
1532001575740617
1532001575740624
1532001575740631
1532001575740643
1532001575740650
1532001575740656
1532001575740663
1532001575740670
1532001575740677
1532001575740684
1532001575740692
1532001575740699
1532001575740757
1532001575740766
1532001576240231
1532001576240247
1532001576240258
1532001576240265
1532001576240272
1532001576240279
1532001576240287
1532001576240295
1532001576240307
1532001576240314
1532001576240321
1532001576240328
1532001576240335
1532001576240343
1532001576240351
1532001576240363
1532001576740236
1532001576740253
1532001576740260
1532001576740267
1532001576740275
1532001576740287
1532001576740295
1532001576740303
1532001576740309
1532001576740316
1532001576740323
1532001576740329
1532001576740336
1532001576740342
1532001576740348
1532001576740357
1532001577240442
1532001577240458
1532001577240465
1532001577240472
1532001577240479
1532001577240485
1532001577240492
1532001577240500
1532001577240508
1532001577240515
1532001577240522
1532001577240528
1532001577240535
1532001577240542
1532001577240549
1532001577240555
1532001577240611
1532001577740505
1532001577740522
1532001577740529
1532001577740537
1532001577740548
1532001577740555
1532001577740563
1532001577740579
1532001577740587
1532001577740595
1532001577740601
1532001577740608
1532001577740614
1532001577740620
1532001577740627
1532001577740634
1532001578240713
1532001578241234
1532001578241246
1532001578241253
1532001578241260
1532001578241269
1532001578241276
1532001578241286
1532001578241293
1532001578241300
1532001578241313
1532001578241320
1532001578241327
1532001578241334
1532001578241342
1532001578241350
1532001578241357
1532001578740947
1532001578740965
1532001578740972
1532001578740979
1532001578740988
1532001578740996
1532001578741004
1532001578741010
1532001578741017
1532001578741023
1532001578741030
1532001578741037
1532001578741044
1532001578741051
1532001578741057
1532001578741063
1532001579241021
1532001579241036
1532001579241043
1532001579241050
1532001579241057
1532001579241064
1532001579241070
1532001579241076
1532001579241082
1532001579241089
1532001579241094
1532001579241101
1532001579241107
1532001579241115
1532001579241121
1532001579241127
1532001579741069
1532001579741083
1532001579741090
1532001579741097
1532001579741109
1532001579741116
1532001579741122
1532001579741127
1532001579741137
1532001579741151
1532001579741158
1532001579741164
1532001579741170
1532001579741188
1532001579741194
1532001579741200
1532001580241137
1532001580241154
1532001580241163
1532001580241171
1532001580241179
1532001580241190
1532001580241196
1532001580241204
1532001580241220
1532001580241226
1532001580241232
1532001580241238
1532001580241244
1532001580241251
1532001580241256
1532001580241263
1532001580741365
1532001580741382
1532001580741390
1532001580741398
1532001580741406
1532001580741414
1532001580741421
1532001580741429
1532001580741437
1532001580741443
1532001580741449
1532001580741456
1532001580741462
1532001580741469
1532001580741475
1532001580741482
1532001580741489
1532001581241696
1532001581241791
1532001581241803
1532001581241811
1532001581241819
1532001581241827
1532001581241834
1532001581241841
1532001581241850
1532001581241857
1532001581241864
1532001581241870
1532001581241877
1532001581241885
1532001581241890
1532001581241897
1532001581241904
1532001581741867
1532001581741884
1532001581741891
1532001581741897
1532001581741903
1532001581741909
1532001581741915
1532001581741928
1532001581741934
1532001581741944
1532001581741951
1532001581741968
1532001581741974
1532001581741980
1532001581741987
1532001581741993
1532001582242188
1532001582243141
1532001582243150
1532001582243161
1532001582243170
1532001582243177
1532001582243184
1532001582243190
1532001582243205
1532001582243212
1532001582243219
1532001582243226
1532001582243250
1532001582243257
1532001582243264
1532001582243271
1532001582243284
1532001582742198
1532001582742216
1532001582742223
1532001582742229
1532001582742242
1532001582742249
1532001582742255
1532001582742262
1532001582742269
1532001582742283
1532001582742289
1532001582742295
1532001582742302
1532001582742319
1532001582742327
1532001582742334
1532001583242153
1532001583242181
1532001583242189
1532001583242197
1532001583242204
1532001583242212
1532001583242220
1532001583242227
1532001583242236
1532001583242243
1532001583242251
1532001583242258
1532001583242265
1532001583242272
1532001583242279
1532001583242286
1532001583742312
1532001583742328
1532001583742336
1532001583742343
1532001583742351
1532001583742358
1532001583742365
1532001583742373
1532001583742381
1532001583742392
1532001583742400
1532001583742407
1532001583742413
1532001583742420
1532001583742426
1532001583742433
1532001583742440
1532001584242545
1532001584242596
1532001584242605
1532001584242613
1532001584242625
1532001584242632
1532001584242639
1532001584242647
1532001584242662
1532001584242670
1532001584242677
1532001584242685
1532001584242693
1532001584242708
1532001584242715
1532001584242723
1532001584242731
1532001584742772
1532001584742787
1532001584742794
1532001584742802
1532001584742808
1532001584742815
1532001584742821
1532001584742828
1532001584742835
1532001584742842
1532001584742849
1532001584742856
1532001584742862
1532001584742869
1532001584742880
1532001584742888
1532001584742952
1532001585242705
1532001585242722
1532001585242731
1532001585242745
1532001585242753
1532001585242761
1532001585242768
1532001585242776
1532001585242782
1532001585242793
1532001585242800
1532001585242808
1532001585242819
1532001585242827
1532001585242834
1532001585242842
1532001585742793
1532001585742812
1532001585742822
1532001585742830
1532001585742837
1532001585742846
1532001585742854
1532001585742862
1532001585742869
1532001585742876
1532001585742883
1532001585742890
1532001585742898
1532001585742906
1532001585742914
1532001585742921
1532001586242606
1532001586242622
1532001586242631
1532001586242643
1532001586242651
1532001586242658
1532001586242665
1532001586242673
1532001586242686
1532001586242694
1532001586242701
1532001586242709
1532001586242717
1532001586242724
1532001586242731
1532001586242738
1532001586742888
1532001586742903
1532001586742916
1532001586742924
1532001586742931
1532001586742943
1532001586742950
1532001586742957
1532001586742964
1532001586742972
1532001586742979
1532001586742989
1532001586742997
1532001586743005
1532001586743013
1532001586743020
1532001586743028
1532001587243624
1532001587243643
1532001587243652
1532001587243659
1532001587243667
1532001587243675
1532001587243691
1532001587243699
1532001587243707
1532001587243715
1532001587243722
1532001587243732
1532001587243740
1532001587243748
1532001587243756
1532001587243764
1532001587243772
1532001587743631
1532001587743648
1532001587743655
1532001587743663
1532001587743670
1532001587743677
1532001587743685
1532001587743692
1532001587743699
1532001587743711
1532001587743720
1532001587743728
1532001587743739
1532001587743746
1532001587743753
1532001587743761
1532001588243997
1532001588244011
1532001588244018
1532001588244025
1532001588244033
1532001588244041
1532001588244051
1532001588244060
1532001588244068
1532001588244076
1532001588244084
1532001588244092
1532001588244100
1532001588244108
1532001588244116
1532001588244129
1532001588244137
1532001588743746
1532001588743763
1532001588743774
1532001588743782
1532001588743792
1532001588743800
1532001588743808
1532001588743821
1532001588743829
1532001588743836
1532001588743853
1532001588743860
1532001588743867
1532001588743873
1532001588743880
1532001588743887
1532001589244788
1532001589244802
1532001589244809
1532001589244816
1532001589244823
1532001589244831
1532001589244844
1532001589244851
1532001589244858
1532001589244866
1532001589244877
1532001589244884
1532001589244891
1532001589244898
1532001589244905
1532001589244916
1532001589244923
1532001589744121
1532001589744135
1532001589744143
1532001589744150
1532001589744157
1532001589744168
1532001589744176
1532001589744184
1532001589744191
1532001589744199
1532001589744207
1532001589744215
1532001589744223
1532001589744230
1532001589744236
1532001589744246
1532001590244423
1532001590245267
1532001590245283
1532001590245290
1532001590245297
1532001590245313
1532001590245321
1532001590245328
1532001590245335
1532001590245341
1532001590245348
1532001590245355
1532001590245363
1532001590245370
1532001590245378
1532001590245384
1532001590245391
1532001590744503
1532001590744518
1532001590744526
1532001590744532
1532001590744539
1532001590744546
1532001590744552
1532001590744559
1532001590744571
1532001590744580
1532001590744587
1532001590744594
1532001590744600
1532001590744608
1532001590744616
1532001590744623
1532001591244544
1532001591244559
1532001591244570
1532001591244583
1532001591244590
1532001591244599
1532001591244606
1532001591244613
1532001591244630
1532001591244636
1532001591244642
1532001591244648
1532001591244655
1532001591244668
1532001591244674
1532001591244680
1532001591744490
1532001591744503
1532001591744511
1532001591744517
1532001591744530
1532001591744536
1532001591744542
1532001591744552
1532001591744558
1532001591744573
1532001591744582
1532001591744594
1532001591744601
1532001591744607
1532001591744613
1532001591744618
1532001592245234
1532001592246147
1532001592246160
1532001592246167
1532001592246178
1532001592246185
1532001592246192
1532001592246207
1532001592246215
1532001592246221
1532001592246229
1532001592246235
1532001592246244
1532001592246251
1532001592246257
1532001592246263
1532001592246270
1532001592746349
1532001592746458
1532001592746471
1532001592746478
1532001592746485
1532001592746491
1532001592746498
1532001592746505
1532001592746512
1532001592746519
1532001592746525
1532001592746532
1532001592746540
1532001592746549
1532001592746556
1532001592746565
1532001592746571
1532001593246296
1532001593246313
1532001593246322
1532001593246328
1532001593246335
1532001593246344
1532001593246351
1532001593246358
1532001593246369
1532001593246376
1532001593246384
1532001593246390
1532001593246396
1532001593246402
1532001593246409
1532001593246416
1532001593746530
1532001593746545
1532001593746552
1532001593746565
1532001593746572
1532001593746578
1532001593746585
1532001593746591
1532001593746597
1532001593746603
1532001593746609
1532001593746622
1532001593746628
1532001593746634
1532001593746640
1532001593746647
1532001593746749
1532001594246482
1532001594246498
1532001594246505
1532001594246512
1532001594246519
1532001594246525
1532001594246531
1532001594246538
1532001594246544
1532001594246550
1532001594246557
1532001594246573
1532001594246580
1532001594246587
1532001594246594
1532001594246602
1532001594746551
1532001594746563
1532001594746570
1532001594746577
1532001594746584
1532001594746591
1532001594746598
1532001594746605
1532001594746617
1532001594746624
1532001594746630
1532001594746637
1532001594746644
1532001594746656
1532001594746664
1532001594746671
1532001595246740
1532001595247144
1532001595247154
1532001595247162
1532001595247170
1532001595247177
1532001595247184
1532001595247191
1532001595247201
1532001595247209
1532001595247216
1532001595247222
1532001595247229
1532001595247235
1532001595247242
1532001595247249
1532001595247256
1532001595746767
1532001595746784
1532001595746791
1532001595746797
1532001595746809
1532001595746815
1532001595746823
1532001595746832
1532001595746838
1532001595746844
1532001595746852
1532001595746858
1532001595746864
1532001595746873
1532001595746880
1532001595746888
1532001596246996
1532001596247008
1532001596247015
1532001596247023
1532001596247037
1532001596247056
1532001596247063
1532001596247077
1532001596247085
1532001596247092
1532001596247099
1532001596247114
1532001596247121
1532001596247127
1532001596247134
1532001596247141
1532001596247156
1532001596747007
1532001596747026
1532001596747036
1532001596747043
1532001596747049
1532001596747055
1532001596747062
1532001596747068
1532001596747074
1532001596747080
1532001596747086
1532001596747092
1532001596747099
1532001596747106
1532001596747112
1532001596747117
1532001597247094
1532001597247106
1532001597247113
1532001597247120
1532001597247126
1532001597247132
1532001597247138
1532001597247145
1532001597247151
1532001597247158
1532001597247167
1532001597247174
1532001597247180
1532001597247186
1532001597247193
1532001597247200
1532001597747159
1532001597747179
1532001597747185
1532001597747192
1532001597747202
1532001597747209
1532001597747216
1532001597747224
1532001597747232
1532001597747239
1532001597747245
1532001597747252
1532001597747259
1532001597747265
1532001597747272
1532001597747283
1532001598247369
1532001598248238
1532001598248253
1532001598248262
1532001598248270
1532001598248278
1532001598248285
1532001598248292
1532001598248299
1532001598248306
1532001598248313
1532001598248320
1532001598248327
1532001598248335
1532001598248343
1532001598248351
1532001598248358
1532001598747698
1532001598747716
1532001598747725
1532001598747734
1532001598747741
1532001598747749
1532001598747755
1532001598747763
1532001598747770
1532001598747779
1532001598747786
1532001598747796
1532001598747804
1532001598747811
1532001598747818
1532001598747831
1532001599247927
1532001599248095
1532001599248108
1532001599248128
1532001599248138
1532001599248146
1532001599248153
1532001599248162
1532001599248169
1532001599248178
1532001599248186
1532001599248199
1532001599248207
1532001599248214
1532001599248221
1532001599248228
1532001599248235
1532001599747481
1532001599747499
1532001599747508
1532001599747516
1532001599747523
1532001599747530
1532001599747537
1532001599747545
1532001599747551
1532001599747559
1532001599747565
1532001599747573
1532001599747580
1532001599747592
1532001599747598
1532001599747607
1532001600247839
1532001600247853
1532001600247866
1532001600247875
1532001600247883
1532001600247890
1532001600247898
1532001600247914
1532001600247922
1532001600247929
1532001600247936
1532001600247949
1532001600247957
1532001600247964
1532001600247975
1532001600247991
1532001600247999
1532001600748205
