1532001501218594
1532001501718195
1532001502217789
1532001502717942
1532001503217995
1532001503718256
1532001504218086
1532001504718660
1532001505218114
1532001505718372
1532001506219157
1532001506718421
1532001507218830
1532001507718621
1532001508219221
1532001508719134
1532001509218914
1532001509719449
1532001510219760
1532001510719416
1532001511221104
1532001511721275
1532001512220187
1532001512719676
1532001513220344
1532001513719846
1532001514220294
1532001514721865
1532001515220551
1532001515721032
1532001516220462
1532001516721279
1532001517220821
1532001517721082
1532001518221728
1532001518722108
1532001519222322
1532001519722598
1532001520222900
1532001520722726
1532001521224353
1532001521724358
1532001522225128
1532001522724693
1532001523225628
1532001523725462
1532001524225271
1532001524725529
1532001525225862
1532001525726199
1532001526226817
1532001526726042
1532001527228152
1532001527727780
1532001528227584
1532001528727611
1532001529227555
1532001529728367
1532001530227936
1532001530728196
1532001531228072
1532001531729153
1532001532228933
1532001532729262
1532001533229016
1532001533729329
1532001534229643
1532001534730551
1532001535229713
1532001535729821
1532001536230119
1532001536730646
1532001537230368
1532001537730206
1532001538230584
1532001538731312
1532001539231467
1532001539731408
1532001540231618
1532001540732434
1532001541231562
1532001541731911
1532001542231942
1532001542731913
1532001543232378
1532001543732219
1532001544233342
1532001544732101
1532001545233132
1532001545733183
1532001546232670
1532001546734587
1532001547232902
1532001547733470
1532001548233365
1532001548733699
1532001549234062
1532001549733757
1532001550234282
1532001550734239
1532001551234304
1532001551733908
1532001552235048
1532001552734248
1532001553235440
1532001553734548
1532001554236379
1532001554735762
1532001555234961
1532001555735131
1532001556235375
1532001556735456
1532001557235956
1532001557735876
1532001558236289
1532001558737131
1532001559236539
1532001559736553
1532001560236764
1532001560736594
1532001561236668
1532001561736973
1532001562237072
1532001562737365
1532001563236928
1532001563737158
1532001564237803
1532001564737497
1532001565237985
1532001565738080
1532001566238602
1532001566738318
1532001567238289
1532001567738645
1532001568238299
1532001568739764
1532001569238505
1532001569738860
1532001570239144
1532001570740219
1532001571239671
1532001571739275
1532001572239616
1532001572739558
1532001573239897
1532001573739833
1532001574239869
1532001574740172
1532001575241714
1532001575741101
1532001576240831
1532001576740787
1532001577241052
1532001577741062
1532001578241794
1532001578741471
1532001579241590
1532001579741662
1532001580241652
1532001580742009
1532001581242346
1532001581742414
1532001582243681
1532001582742654
1532001583242684
1532001583742889
1532001584243182
1532001584743323
1532001585243227
1532001585743321
1532001586243160
1532001586743521
1532001587244183
1532001587744189
1532001588244602
1532001588744327
1532001589245389
1532001589744704
1532001590245830
1532001590745088
1532001591245127
1532001591745064
1532001592246653
1532001592746947
1532001593246886
1532001593747092
1532001594246978
1532001594747098
1532001595247725
1532001595747288
1532001596247555
1532001596747561
1532001597247669
1532001597747678
1532001598248743
1532001598748246
1532001599248734
1532001599747976
1532001600248492
