1531850353577949
1531850353577970
1531850353577983
1531850353577990
1531850354077979
1531850354077992
1531850354078001
1531850354078017
1531850354577999
1531850354578018
1531850354578033
1531850354578040
1531850355078073
1531850355078089
1531850355078097
1531850355078108
1531850355078116
1531850355578214
1531850355578235
1531850355578242
1531850355578253
1531850355578260
1531850356078273
1531850356078289
1531850356078296
1531850356078309
1531850356078318
1531850356578325
1531850356578340
1531850356578347
1531850356578354
1531850357078393
1531850357078405
1531850357078412
1531850357078419
1531850357078426
1531850357578439
1531850357578454
1531850357578461
1531850357578469
1531850357578476
1531850358078540
1531850358631870
1531850358631885
1531850358631898
1531850358631923
1531850358631931
1531850358631937
1531850358631944
1531850358631951
1531850359078728
1531850359078749
1531850359078757
1531850359078764
1531850359578808
1531850359578834
1531850359578848
1531850359578859
1531850359578866
1531850360078818
1531850360078831
1531850360078843
1531850360078850
1531850360578854
1531850360578869
1531850360578877
1531850360578884
1531850361078965
1531850361078980
1531850361078988
1531850361078997
1531850361079004
1531850361579070
1531850361579087
1531850361579095
1531850361579102
1531850361579109
1531850362079183
1531850362079197
1531850362079202
1531850362079215
1531850362079222
1531850362579233
1531850362579249
1531850362579257
1531850362579270
1531850362579280
1531850363079295
1531850363079311
1531850363079320
1531850363079334
1531850363079342
1531850363579366
1531850363579380
1531850363579388
1531850363579400
1531850363579406
1531850364079426
1531850364079441
1531850364079449
1531850364079457
1531850364079464
1531850364579523
1531850364579538
1531850364579546
1531850364579554
1531850364579561
1531850365079598
1531850365079618
1531850365079625
1531850365079633
1531850365079640
1531850365579619
1531850365579635
1531850365579643
1531850365579655
1531850366079677
1531850366079688
1531850366079695
1531850366079702
1531850366079709
1531850366579774
1531850366579792
1531850366579799
1531850366579813
1531850366579823
1531850367079851
1531850367079864
1531850367079872
1531850367079879
1531850367079885
1531850367579928
1531850367579946
1531850367579954
1531850367579963
1531850367579970
1531850368080005
1531850373641383
1531850373641397
1531850373641405
1531850373641414
1531850373641421
1531850373641428
1531850373641435
1531850373641441
1531850373641449
1531850373641457
1531850373641464
1531850373641470
1531850373641477
1531850373641483
1531850373641490
1531850373641496
1531850373641544
1531850373641551
1531850373641558
1531850373641564
1531850373641570
1531850373641576
1531850373641593
1531850373641599
1531850373641635
1531850373641708
1531850373641821
1531850373642108
1531850373642330
1531850373642569
1531850373642833
1531850373643208
1531850373643331
1531850373643692
1531850373643834
1531850373644090
1531850373644356
1531850373644611
1531850373644884
1531850373645125
1531850373645365
1531850373645615
1531850373645871
1531850373646136
1531850373646386
1531850373646633
1531850373646888
1531850373647151
1531850373647400
1531850373647670
1531850373647912
1531850373648163
1531850374080967
1531850374080983
1531850374080991
1531850374081000
1531850374580992
1531850374581008
1531850374581015
1531850374581028
1531850375081054
1531850375081073
1531850375081081
1531850375081088
1531850375081096
1531850375581147
1531850375581167
1531850375581175
1531850375581187
1531850375581195
1531850376081247
1531850376081264
1531850376081272
1531850376081280
1531850376081288
1531850376581331
1531850376581349
1531850376581356
1531850376581374
1531850376581382
1531850377081392
1531850377081405
1531850377081413
1531850377081421
1531850377081429
1531850377581418
1531850377581431
1531850377581439
1531850377581445
1531850378081513
1531850378081583
1531850378081592
1531850378081599
1531850378081606
1531850378581681
1531850378581696
1531850378581702
1531850378581707
1531850378581719
1531850379081790
1531850380532120
1531850380532136
1531850380532145
1531850380532156
1531850380532180
1531850380532188
1531850380532197
1531850380532205
1531850380532214
1531850380532222
1531850380532230
1531850380532238
1531850380582134
1531850380582152
1531850380582161
1531850380582169
1531850381082164
1531850381082184
1531850381082192
1531850381082208
1531850381582119
1531850381582137
1531850381582146
1531850381582153
1531850382082184
1531850382082201
1531850382082209
1531850382082218
1531850382082225
1531850382582311
1531850382582331
1531850382582339
1531850382582354
1531850382582361
1531850383082444
1531850383082465
1531850383082482
1531850383082490
1531850383082499
1531850383582506
1531850383582523
1531850383582531
1531850383582539
1531850384082563
1531850384082579
1531850384082588
1531850384082601
1531850384082681
1531850384582643
1531850384582661
1531850384582669
1531850384582680
1531850385082777
1531850385082827
1531850385082841
1531850385082851
1531850385082859
1531850385582996
1531850385583222
1531850385583242
1531850385583250
1531850385583262
1531850386083481
1531850386083878
1531850386083893
1531850386083902
1531850386083915
1531850386583011
1531850386583031
1531850386583040
1531850386583051
1531850387083123
1531850387083141
1531850387083150
1531850387083158
1531850387083166
1531850387583124
1531850387583139
1531850387583150
1531850387583160
1531850388083243
1531850388083320
1531850388083331
1531850388083339
1531850388083349
1531850388583435
1531850388583530
1531850388583542
1531850388583551
1531850388583559
1531850389083410
1531850389083427
1531850389083435
1531850389083449
1531850389583534
1531850389583549
1531850389583558
1531850389583569
1531850389583577
1531850390083598
1531850390083612
1531850390083621
1531850390083629
1531850390083638
1531850390583686
1531850390583703
1531850390583722
1531850390583731
1531850390583739
1531850391083753
1531850391083769
1531850391083778
1531850391083793
1531850391083801
1531850391583824
1531850391583846
1531850391583855
1531850391583869
1531850391583887
1531850392083904
1531850392083918
1531850392083929
1531850392083943
1531850392083951
1531850392584060
1531850392584078
1531850392584087
1531850392584097
1531850392584105
1531850393084176
1531850393084193
1531850393084202
1531850393084211
1531850393084219
1531850393584233
1531850393584250
1531850393584270
1531850393584278
1531850393584291
1531850394084276
1531850394084298
1531850394084315
1531850394084325
1531850394584385
1531850394584402
1531850394584411
1531850394584419
1531850394584427
1531850395084413
1531850395084434
1531850395084443
1531850395084453
1531850395584492
1531850395584509
1531850395584529
1531850395584538
1531850395584546
1531850396084536
1531850396084550
1531850396084559
1531850396084567
1531850396584581
1531850396584595
1531850396584603
1531850396584612
1531850396584620
1531850397084722
1531850397084838
1531850397084849
1531850397084859
1531850397084870
1531850397584864
1531850397584884
1531850397584893
1531850397584902
1531850398084909
1531850398084932
1531850398084941
1531850398084951
1531850398584970
1531850398584988
1531850398584998
1531850398585008
1531850398585017
1531850399084993
1531850399085013
1531850399085025
1531850399085034
1531850399585102
1531850399585120
1531850399585136
1531850399585144
1531850399585153
1531850400085174
1531850400085188
1531850400085207
1531850400085217
1531850400085225
1531850400585343
1531850400585403
1531850400585419
1531850400585429
1531850400585438
1531850401085256
1531850401085275
1531850401085284
1531850401085293
1531850401585366
1531850401585430
1531850401585444
1531850401585453
1531850401585534
1531850402085502
1531850402085517
1531850402085526
1531850402085537
1531850402585516
1531850402585532
1531850402585541
1531850402585551
1531850403085582
1531850403085596
1531850403085604
1531850403085615
1531850403085624
1531850403585624
1531850403585642
1531850403585652
1531850403585661
1531850404085739
1531850404085846
1531850404085859
1531850404085869
1531850404085879
1531850404585873
1531850404585893
1531850404585912
1531850404585921
1531850405085978
1531850405085997
1531850405086007
1531850405086017
1531850405086025
1531850405585934
1531850405585950
1531850405585969
1531850405585978
1531850406086013
1531850406086226
1531850406086241
1531850406086250
1531850406086261
1531850406586137
1531850406586152
1531850406586163
1531850406586171
1531850407086185
1531850407086198
1531850407086206
1531850407086213
1531850407086220
1531850407586279
1531850407586293
1531850407586300
1531850407586312
1531850407586324
1531850408086486
1531850408086502
1531850408086510
1531850408086519
1531850408086527
1531850408586417
1531850408586432
1531850408586444
1531850408586451
1531850409086598
1531850409086636
1531850409086649
1531850409086657
1531850409086665
1531850409586610
1531850409586626
1531850409586634
1531850409586641
1531850410086728
1531850410086861
1531850410086874
1531850410086883
1531850410086893
1531850410586808
1531850410586825
1531850410586834
1531850410586849
1531850411086922
1531850411086941
1531850411086949
1531850411086957
1531850411086965
1531850411587007
1531850411587026
1531850411587037
1531850411587045
1531850411587053
1531850412087124
1531850412087146
1531850412087155
1531850412087163
1531850412087171
1531850412587279
1531850412587293
1531850412587305
1531850412587314
1531850412587322
1531850413087285
1531850413087301
1531850413087314
1531850413087322
1531850413587224
1531850413587239
1531850413587246
1531850413587254
1531850414087337
1531850414087401
1531850414087411
1531850414087419
1531850414087427
1531850414587483
1531850414587500
1531850414587509
1531850414587519
1531850414587527
1531850415087554
1531850415087570
1531850415087579
1531850415087587
1531850415087595
1531850415587673
1531850415587742
1531850415587755
1531850415587768
1531850415587776
1531850416087770
1531850416087787
1531850416087796
1531850416087810
1531850416587786
1531850416587802
1531850416587810
1531850416587818
1531850417087852
1531850417087867
1531850417087876
1531850417087884
1531850417087892
1531850417587901
1531850417587916
1531850417587924
1531850417587936
1531850418088030
1531850418088093
1531850418088105
1531850418088114
1531850418088122
1531850418588038
1531850418588054
1531850418588062
1531850418588071
1531850419088167
1531850419088187
1531850419088195
1531850419088206
1531850419088215
1531850419588421
1531850419588439
1531850419588448
1531850419588458
1531850419588466
1531850420088312
1531850420088336
1531850420088347
1531850420088355
1531850420588433
1531850420588505
1531850420588520
1531850420588529
1531850420588539
1531850421088429
1531850421088448
1531850421088457
1531850421088465
1531850421588545
1531850421588615
1531850421588626
1531850421588635
1531850421588643
1531850422088648
1531850422088666
1531850422088675
1531850422088686
1531850422588691
1531850422588708
1531850422588717
1531850422588728
1531850423088828
1531850423089202
1531850423089215
1531850423089226
1531850423089236
1531850423589053
1531850423589068
1531850423589080
1531850423589088
1531850424089110
1531850424089124
1531850424089136
1531850424089145
1531850424089153
1531850424589192
1531850424589208
1531850424589217
1531850424589232
1531850424589240
1531850425089347
1531850425089479
1531850425089513
1531850425089523
1531850425089538
1531850425589220
1531850425589243
1531850425589253
1531850425589267
1531850426089340
1531850426089523
1531850426089539
1531850426089549
1531850426089564
1531850426589434
1531850426589451
1531850426589459
1531850426589468
1531850427089545
1531850427089651
1531850427089663
1531850427089671
1531850427089685
1531850427589574
1531850427589596
1531850427589612
1531850427589620
1531850428089767
1531850428089791
1531850428089801
1531850428089811
1531850428089821
1531850428589836
1531850428589851
1531850428589863
1531850428589872
1531850428589880
1531850429089967
1531850429089987
1531850429089996
1531850429090006
1531850429090015
1531850429590074
1531850429590093
1531850429590104
1531850429590117
1531850429590127
1531850430090101
1531850430090119
1531850430090130
1531850430090141
1531850430590077
1531850430590093
1531850430590103
1531850430590117
1531850431090170
1531850431090186
1531850431090195
1531850431090210
1531850431090218
1531850431590244
1531850431590260
1531850431590280
1531850431590289
1531850431590319
1531850432090350
1531850432090366
1531850432090375
1531850432090383
1531850432090392
1531850432590469
1531850432590487
1531850432590496
1531850432590505
1531850432590513
1531850433090537
1531850433090558
1531850433090568
1531850433090577
1531850433090586
1531850433590667
1531850433590686
1531850433590696
1531850433590705
1531850433590713
1531850434090778
1531850434091653
1531850434091666
1531850434091674
1531850434091682
1531850434590703
1531850434590726
1531850434590737
1531850434590746
1531850435090819
1531850435090835
1531850435090845
1531850435090854
1531850435090863
1531850435590857
1531850435590879
1531850435590891
1531850435590900
1531850436090982
1531850436090996
1531850436091005
1531850436091013
1531850436091026
1531850436591064
1531850436591082
1531850436591092
1531850436591102
1531850436591110
1531850437091167
1531850437091182
1531850437091192
1531850437091200
1531850437091208
1531850437591161
1531850437591177
1531850437591188
1531850437591196
1531850438091236
1531850438091251
1531850438091260
1531850438091270
1531850438091280
1531850438591497
1531850438591518
1531850438591528
1531850438591537
1531850438591546
1531850439091512
1531850439091530
1531850439091539
1531850439091559
1531850439591585
1531850439591603
1531850439591612
1531850439591621
1531850439591629
1531850440091645
1531850440091661
1531850440091669
1531850440091680
1531850440091689
1531850440591638
1531850440591655
1531850440591664
1531850440591674
1531850441091749
1531850441091763
1531850441091771
1531850441091780
1531850441091789
1531850441591796
1531850441591813
1531850441591822
1531850441591831
1531850442091893
1531850442091910
1531850442091921
1531850442091931
1531850442091939
1531850442593815
1531850442593853
1531850442593869
1531850442593892
1531850442593906
1531850443092349
1531850443092379
1531850443092404
1531850443092418
1531850443592434
1531850443592461
1531850443592473
1531850443592485
1531850443592496
1531850444092625
1531850444092656
1531850444092679
1531850444092690
1531850444092704
1531850444592595
1531850444592615
1531850444592635
1531850444592645
1531850445092971
1531850445094817
1531850445094843
1531850445094862
1531850445094880
1531850445593007
1531850445593025
1531850445593036
1531850445593046
1531850446093057
1531850446093079
1531850446093090
1531850446093101
1531850446593159
1531850446593240
1531850446593254
1531850446593265
1531850446593276
1531850447093305
1531850447093322
1531850447093332
1531850447093342
1531850447093356
1531850447593278
1531850447593303
1531850447593314
1531850447593327
1531850448093353
1531850448093372
1531850448093382
1531850448093396
1531850448093410
1531850448593473
1531850448593494
1531850448593504
1531850448593513
1531850448593523
1531850449093507
1531850449093531
1531850449093542
1531850449093551
1531850449593601
1531850449593759
1531850449593773
1531850449593786
1531850449593796
1531850450093817
1531850450093839
1531850450093849
1531850450093860
1531850450093873
1531850450593813
1531850450593832
1531850450593841
1531850450593852
1531850451093886
1531850451093904
1531850451093915
1531850451093924
1531850451093933
1531850451593980
1531850451593997
1531850451594017
1531850451594027
1531850451594037
1531850452094073
1531850452094091
1531850452094104
1531850452094120
1531850452094130
1531850452594224
1531850452594247
1531850452594257
1531850452594266
1531850452594276
1531850453094171
1531850453094187
1531850453094197
1531850453094207
1531850453594258
1531850453594275
1531850453594292
1531850453594301
1531850453594310
1531850454094415
1531850454094431
1531850454094445
1531850454094454
1531850454094463
1531850454594485
1531850454594503
1531850454594514
1531850454594529
1531850454594538
1531850455094556
1531850455094577
1531850455094586
1531850455094596
1531850455094611
1531850455594598
1531850455594617
1531850455594625
1531850455594634
1531850456094630
1531850456094646
1531850456094656
1531850456094665
1531850456594758
1531850456594842
1531850456594854
1531850456594869
1531850456594882
1531850457094797
1531850457094813
1531850457094823
1531850457094840
1531850457594839
1531850457594855
1531850457594873
1531850457594882
1531850458094933
1531850458094948
1531850458094956
1531850458094965
1531850458094973
1531850458595076
1531850458595099
1531850458595107
1531850458595115
1531850458595126
