1531850354078660
1531850354578715
1531850355079023
1531850355579086
1531850356079147
1531850356578955
1531850357079261
1531850357579317
1531850358632471
1531850358633497
1531850359079476
1531850359579787
1531850360079370
1531850360579414
1531850361079935
1531850361579995
1531850362080056
1531850362580116
1531850363080181
1531850363580225
1531850364080290
1531850364580349
1531850365080403
1531850365580197
1531850366080506
1531850366580571
1531850367080855
1531850367580910
1531850373642099
1531850373643197
1531850373644119
1531850373645319
1531850373646339
1531850374081676
1531850374581672
1531850375081986
1531850375582044
1531850376082104
1531850376582152
1531850377082214
1531850377582011
1531850378082330
1531850378582607
1531850380533111
1531850380533998
1531850380535046
1531850380582857
1531850381082922
1531850381582893
1531850382083112
1531850382583352
1531850383083429
1531850383583186
1531850384083494
1531850384583306
1531850385083622
1531850385583942
1531850386084512
1531850386583770
1531850387084091
1531850387583878
1531850388084196
1531850388584284
1531850389084059
1531850389584385
1531850390084441
1531850390584698
1531850391084773
1531850391584833
1531850392084887
1531850392584963
1531850393085022
1531850393585083
1531850394084887
1531850394585414
1531850395084995
1531850395585520
1531850396085324
1531850396585414
1531850397085684
1531850397585484
1531850398085553
1531850398585854
1531850399085660
1531850399585978
1531850400086033
1531850400586321
1531850401085889
1531850401586216
1531850402086230
1531850402586276
1531850403086605
1531850403586386
1531850404086709
1531850404586521
1531850405086828
1531850405586685
1531850406086940
1531850406586745
1531850407087042
1531850407587116
1531850408087414
1531850408587201
1531850409087516
1531850409587304
1531850410087646
1531850410587425
1531850411087823
1531850411588030
1531850412088108
1531850412588165
1531850413087946
1531850413588009
1531850414088326
1531850414588384
1531850415088435
1531850415588518
1531850416088530
1531850416588352
1531850417088675
1531850417588481
1531850418089007
1531850418588804
1531850419089124
1531850419589422
1531850420088979
1531850420589301
1531850421089076
1531850421589405
1531850422089223
1531850422589278
1531850423089841
1531850423589677
1531850424089951
1531850424590221
1531850425090363
1531850425589854
1531850426090170
1531850426590185
1531850427090488
1531850427590286
1531850428090647
1531850428590685
1531850429090971
1531850429591029
1531850430090833
1531850430590672
1531850431091194
1531850431591246
1531850432091314
1531850432591371
1531850433091435
1531850433591499
1531850434092834
1531850434591349
1531850435091657
1531850435591453
1531850436091993
1531850436592122
1531850437092172
1531850437591967
1531850438092274
1531850438592612
1531850439092158
1531850439592422
1531850440092473
1531850440592239
1531850441092580
1531850441592370
1531850442092915
1531850442594854
1531850443093364
1531850443593417
1531850444093694
1531850444593289
1531850445095973
1531850445593675
1531850446093757
1531850446594202
1531850447094252
1531850447594072
1531850448094405
1531850448594428
1531850449094249
1531850449594564
1531850450094826
1531850450594440
1531850451094911
1531850451595004
1531850452095044
1531850452595126
1531850453094901
1531850453595333
1531850454095292
1531850454595327
1531850455095401
1531850455595198
1531850456095240
1531850456595777
1531850457095582
1531850457595467
1531850458095944
1531850458596009
