1534239300706577
1534239301206691
1534239301706881
1534239302707098
1534239305707724
1534239306707907
1534239307208026
1534239309708444
1534239311708822
1534239312709079
1534239313209181
1534239313709254
1534239315709550
1534239317709927
1534239318210064
1534239321726681
1534239322727131
1534239329731197
1534239331231670
1534239331731743
1534239337737876
1534239338738066
1534239339238295
1534239343240038
1534239350242144
1534239351242414
1534239352242708
1534239354243150
1534239356243694
1534239357243919
1534239361745379
1534239362245523
1534239363245734
1534239364746000
1534239367746567
1534239369746994
1534239371747729
1534239373748214
1534239374248294
1534239375248643
1534239381250159
1534239381750302
1534239385250984
1534239388251599
1534239388751711
1534239389251823
1534239389751921
1534239392752455
1534239395252976
1534239396253218
1534239397253385
