1534239300709436
1534239300709495
1534239300709878
1534239300710889
1534239300711090
1534239300712740
1534239300713445
1534239300713505
1534239300713547
1534239300713590
1534239301208607
1534239301208977
1534239301227300
1534239301227627
1534239301227948
1534239301228118
1534239301228316
1534239301228457
1534239301228605
1534239301228729
1534239301228971
1534239301709188
1534239301709621
1534239301710241
1534239301710660
1534239301710782
1534239301710895
1534239301711649
1534239301711960
1534239301712185
1534239301712314
1534239302208009
1534239302208181
1534239302208314
1534239302208715
1534239302209056
1534239302209254
1534239302209321
1534239302228670
1534239302229101
1534239302229475
1534239302229640
1534239302229746
1534239302708556
1534239302709086
1534239302709445
1534239302709941
1534239302710721
1534239302711375
1534239302712063
1534239302712334
1534239302712544
1534239302712577
1534239303208683
1534239303209048
1534239303209474
1534239303209785
1534239303209879
1534239303209926
1534239303210095
1534239303210240
1534239303210307
1534239303210375
1534239303210425
1534239303228475
1534239303228662
1534239303709020
1534239303709379
1534239303709787
1534239303710190
1534239303710818
1534239303711263
1534239303711470
1534239303711720
1534239303711886
1534239303711944
1534239304208534
1534239304208884
1534239304209237
1534239304209933
1534239304210305
1534239304210457
1534239304226366
1534239304226738
1534239304227062
1534239304227211
1534239304709242
1534239304709469
1534239304709889
1534239304710219
1534239304710883
1534239304711483
1534239304712061
1534239304712575
1534239304712950
1534239304713183
1534239304713336
1534239305209279
1534239305209863
1534239305210251
1534239305226633
1534239305227233
1534239305227884
1534239305228442
1534239305228502
1534239305228581
1534239305709822
1534239305709929
1534239305710093
1534239305710216
1534239305710891
1534239305711398
1534239305711777
1534239305712321
1534239305712592
1534239305712855
1534239306210581
1534239306210928
1534239306226467
1534239306227366
1534239306227535
1534239306227873
1534239306228002
1534239306228116
1534239306228409
1534239306228519
1534239306710919
1534239306711033
1534239306711122
1534239306711562
1534239306711961
1534239306712311
1534239306712834
1534239306713253
1534239306713303
1534239307226445
1534239307226630
1534239307227270
1534239307227768
1534239307228008
1534239307228689
1534239307228893
1534239307229052
1534239307229335
1534239307709476
1534239307709830
1534239307710782
1534239307711228
1534239307711585
1534239307712055
1534239307712191
1534239307712571
1534239307712595
1534239307712821
1534239307713104
1534239308226263
1534239308226715
1534239308227058
1534239308227480
1534239308227918
1534239308228459
1534239308229246
1534239308229485
1534239308229612
1534239308709833
1534239308710123
1534239308710415
1534239308711366
1534239308711737
1534239308712015
1534239308712243
1534239308712540
1534239308712821
1534239308713154
1534239309209493
1534239309210140
1534239309210710
1534239309211165
1534239309211483
1534239309212154
1534239309212459
1534239309212731
1534239309212975
1534239309213099
1534239309713525
1534239309713632
1534239309713835
1534239309714039
1534239309714279
1534239309714529
1534239309714676
1534239309716365
1534239309716597
1534239310210122
1534239310210551
1534239310211198
1534239310211659
1534239310212383
1534239310226430
1534239310226956
1534239310227678
1534239310227868
1534239310228024
1534239310715011
1534239310716784
1534239310716936
1534239310717134
1534239310717543
1534239310717928
1534239310718163
1534239310718303
1534239310718492
1534239311211458
1534239311211862
1534239311212429
1534239311212575
1534239311212707
1534239311226119
1534239311226425
1534239311227113
1534239311227360
1534239311710037
1534239311710148
1534239311710287
1534239311710359
1534239311710743
1534239311711012
1534239311711311
1534239311711993
1534239311712354
1534239311712505
1534239311712845
1534239312210225
1534239312211302
1534239312211716
1534239312212306
1534239312212557
1534239312212923
1534239312213224
1534239312213308
1534239312213494
1534239312213736
1534239312213820
1534239312214534
1534239312710086
1534239312711036
1534239312711083
1534239312711345
1534239312711808
1534239312711980
1534239312712288
1534239312712424
1534239312712613
1534239312713451
1534239312713827
1534239313226880
1534239313227393
1534239313227813
1534239313228184
1534239313228784
1534239313229094
1534239313229572
1534239313229919
1534239313230466
1534239313711834
1534239313711892
1534239313711980
1534239313712204
1534239313712996
1534239313713560
1534239313714215
1534239313714506
1534239313714837
1534239314210416
1534239314211256
1534239314226589
1534239314227429
1534239314228127
1534239314228649
1534239314229180
1534239314229979
1534239314230348
1534239314711841
1534239314712272
1534239314712728
1534239314713594
1534239314714359
1534239314714827
1534239314715059
1534239314715710
1534239314715885
1534239315226455
1534239315226892
1534239315227164
1534239315227311
1534239315227585
1534239315227820
1534239315228274
1534239315228507
1534239315228764
1534239315228878
1534239315228950
1534239315229099
1534239315710780
1534239315712338
1534239315712635
1534239315713028
1534239315713358
1534239315713694
1534239315714185
1534239315714241
1534239315714909
1534239315715231
1534239316226775
1534239316227353
1534239316227848
1534239316228261
1534239316228694
1534239316229342
1534239316229776
1534239316230025
1534239316230204
1534239316710421
1534239316710613
1534239316711404
1534239316712162
1534239316712579
1534239316713064
1534239316713529
1534239316713955
1534239316714147
1534239316714438
1534239316714570
1534239317226445
1534239317227705
1534239317227863
1534239317228314
1534239317228748
1534239317229216
1534239317229593
1534239317229922
1534239317230013
1534239317230311
1534239317230390
1534239317710589
1534239317711393
1534239317711712
1534239317712274
1534239317712861
1534239317713444
1534239317713674
1534239317714008
1534239317714259
1534239317714480
1534239318227243
1534239318227405
1534239318227455
1534239318227694
1534239318228056
1534239318228239
1534239318228530
1534239318229338
1534239318229898
1534239318230195
1534239318230416
1534239318230722
1534239318715124
1534239318715169
1534239318715466
1534239318715620
1534239318715741
1534239318715968
1534239318716203
1534239318717309
1534239318717653
1534239318718005
1534239318718780
1534239318719005
1534239318719402
1534239318719676
1534239319227421
1534239319227440
1534239319228044
1534239319228678
1534239319229274
1534239319229639
1534239319230189
1534239319230792
1534239319230820
1534239319231378
1534239319231914
1534239319232070
1534239319232835
1534239319233292
1534239319233822
1534239319233841
1534239319727316
1534239319727564
1534239319728003
1534239319729193
1534239319729862
1534239319730191
1534239319730212
1534239319730405
1534239319730576
1534239319730785
1534239319730837
1534239320228676
1534239320229462
1534239320229605
1534239320229934
1534239320230472
1534239320231278
1534239320232007
1534239320232488
1534239320233341
1534239320728426
1534239320728876
1534239320729337
1534239320729702
1534239320730356
1534239320730957
1534239320731696
1534239320732088
1534239320732370
1534239320732666
1534239321228169
1534239321228586
1534239321228942
1534239321229130
1534239321229392
1534239321229790
1534239321230774
1534239321231199
1534239321231527
1534239321231773
1534239321231871
1534239321729443
1534239321729602
1534239321729727
1534239321730234
1534239321730634
1534239321731004
1534239321731307
1534239321731501
1534239321731747
1534239321731976
1534239322228313
1534239322228631
1534239322229042
1534239322229630
1534239322230179
1534239322230803
1534239322231124
1534239322231484
1534239322231700
1534239322231955
1534239322728484
1534239322729080
1534239322729186
1534239322729836
1534239322730189
1534239322730923
1534239322731471
1534239322731705
1534239322732339
1534239322732647
1534239323231120
1534239323231202
1534239323231345
1534239323231853
1534239323233165
1534239323233628
1534239323233749
1534239323233930
1534239323233981
1534239323234220
1534239323234330
1534239323732042
1534239323732123
1534239323736562
1534239323736799
1534239323737333
1534239323737810
1534239323738422
1534239323738790
1534239323739165
1534239324231123
1534239324232393
1534239324233028
1534239324233685
1534239324234925
1534239324235755
1534239324236108
1534239324236353
1534239324236496
1534239324236644
1534239324731902
1534239324733948
1534239324734314
1534239324734603
1534239324734981
1534239324735687
1534239324736625
1534239324736945
1534239324737117
1534239325238446
1534239325239449
1534239325239734
1534239325241211
1534239325242096
1534239325242507
1534239325242749
1534239325243801
1534239325243868
1534239325729965
1534239325731287
1534239325731316
1534239325731586
1534239325731963
1534239325732064
1534239325732429
1534239325733104
1534239325733490
1534239325734094
1534239325734597
1534239325734858
1534239325735052
1534239326231781
1534239326232868
1534239326233653
1534239326234139
1534239326234753
1534239326235210
1534239326235297
1534239326235405
1534239326235725
1534239326734361
1534239326739560
1534239326742400
1534239326743128
1534239326743876
1534239326744030
1534239326744848
1534239326746713
1534239326747292
1534239327235493
1534239327236180
1534239327236993
1534239327237492
1534239327237839
1534239327238668
1534239327238946
1534239327239180
1534239327239602
1534239327239759
1534239327732441
1534239327733264
1534239327733744
1534239327734788
1534239327735463
1534239327735599
1534239327735984
1534239327736178
1534239327736650
1534239327736905
1534239328240021
1534239328240394
1534239328240593
1534239328241251
1534239328241761
1534239328242009
1534239328242277
1534239328242478
1534239328242703
1534239328242744
1534239328242897
1534239328244740
1534239328244866
1534239328245136
1534239328734907
1534239328735671
1534239328738639
1534239328739349
1534239328739534
1534239328739779
1534239328740018
1534239328740214
1534239328740401
1534239329232237
1534239329233553
1534239329234316
1534239329234782
1534239329235213
1534239329235709
1534239329236351
1534239329236391
1534239329236527
1534239329237195
1534239329237431
1534239329734151
1534239329734297
1534239329734577
1534239329734896
1534239329735491
1534239329735769
1534239329735866
1534239329736107
1534239329736276
1534239329736346
1534239330234199
1534239330234398
1534239330235116
1534239330235251
1534239330235893
1534239330236086
1534239330236692
1534239330236932
1534239330237279
1534239330237443
1534239330733886
1534239330734434
1534239330734857
1534239330735246
1534239330735654
1534239330736611
1534239330737077
1534239330737227
1534239330737333
1534239330738198
1534239330738919
1534239331234111
1534239331234421
1534239331234773
1534239331235057
1534239331235319
1534239331235471
1534239331235748
1534239331235890
1534239331236194
1534239331236304
1534239331236476
1534239331732969
1534239331733340
1534239331733702
1534239331733937
1534239331734289
1534239331737575
1534239331737979
1534239331738042
1534239331738523
1534239331739180
1534239331739315
1534239331739465
1534239331739620
1534239332233735
1534239332234488
1534239332235835
1534239332236211
1534239332236588
1534239332237253
1534239332237367
1534239332237985
1534239332238311
1534239332238421
1534239332733779
1534239332734423
1534239332734895
1534239332735393
1534239332735421
1534239332736059
1534239332736680
1534239332736786
1534239332737006
1534239332737106
1534239332737338
1534239333235856
1534239333237452
1534239333238958
1534239333239321
1534239333239451
1534239333239862
1534239333240015
1534239333240103
1534239333240772
1534239333240911
1534239333241026
1534239333241114
1534239333241222
1534239333734681
1534239333734836
1534239333736453
1534239333736688
1534239333737193
1534239333737442
1534239333737793
1534239333738255
1534239333738362
1534239333738619
1534239333738938
1534239333739053
1534239333739308
1534239333739374
1534239334241021
1534239334241682
1534239334243649
1534239334243947
1534239334244299
1534239334245195
1534239334245679
1534239334246293
1534239334247585
1534239334247919
1534239334248214
1534239334248480
1534239334738256
1534239334738835
1534239334739395
1534239334740019
1534239334740284
1534239334740739
1534239334740948
1534239334741225
1534239334741311
1534239334741523
1534239334743319
1534239334743484
1534239334743630
1534239334743886
1534239335239334
1534239335240492
1534239335240617
1534239335241877
1534239335242679
1534239335242931
1534239335244171
1534239335244544
1534239335244667
1534239335244855
1534239335740630
1534239335741922
1534239335742073
1534239335742907
1534239335743371
1534239335743819
1534239335744186
1534239335744463
1534239335744782
1534239336238918
1534239336239845
1534239336240566
1534239336241016
1534239336241389
1534239336241690
1534239336242208
1534239336242440
1534239336242582
1534239336739696
1534239336739940
1534239336741473
1534239336741899
1534239336742222
1534239336743465
1534239336743663
1534239336744678
1534239336744758
1534239336744864
1534239336745578
1534239337239953
1534239337240809
1534239337242210
1534239337242498
1534239337242609
1534239337242982
1534239337243422
1534239337243733
1534239337243856
1534239337738979
1534239337739269
1534239337739518
1534239337739739
1534239337739895
1534239337741606
1534239337742098
1534239337742626
1534239337743002
1534239337743151
1534239337743360
1534239337743680
1534239338240864
1534239338240971
1534239338241148
1534239338241650
1534239338242137
1534239338242604
1534239338243292
1534239338243504
1534239338243695
1534239338243925
1534239338742041
1534239338744677
1534239338744836
1534239338745567
1534239338745852
1534239338746091
1534239338746385
1534239338746721
1534239338747231
1534239338747420
1534239338747486
1534239338747934
1534239339239667
1534239339240132
1534239339240506
1534239339240918
1534239339241220
1534239339241488
1534239339241769
1534239339241872
1534239339242023
1534239339242140
1534239339743599
1534239339744246
1534239339745967
1534239339746281
1534239339746644
1534239339747858
1534239339748190
1534239339748448
1534239339748730
1534239339749064
1534239340240063
1534239340240536
1534239340241048
1534239340241349
1534239340241589
1534239340242114
1534239340242627
1534239340243021
1534239340243064
1534239340243247
1534239340243350
1534239340743086
1534239340744982
1534239340745331
1534239340746003
1534239340746536
1534239340747073
1534239340747581
1534239340747801
1534239340747934
1534239341240965
1534239341241353
1534239341241903
1534239341242352
1534239341242779
1534239341243055
1534239341243249
1534239341243797
1534239341243863
1534239341244107
1534239341741774
1534239341742081
1534239341742780
1534239341743509
1534239341744321
1534239341745093
1534239341745722
1534239341746353
1534239341746889
1534239341747500
1534239342241441
1534239342241604
1534239342242289
1534239342242727
1534239342243125
1534239342243619
1534239342244245
1534239342244780
1534239342245181
1534239342245629
1534239342744654
1534239342745062
1534239342746055
1534239342746103
1534239342747192
1534239342747292
1534239342749108
1534239342749337
1534239342749830
1534239342750201
1534239342750688
1534239342751091
1534239342751311
1534239342751442
1534239343241821
1534239343242346
1534239343242366
1534239343242836
1534239343242854
1534239343242992
1534239343243196
1534239343243216
1534239343243468
1534239343243663
1534239343243755
1534239343243810
1534239343741720
1534239343742180
1534239343742600
1534239343742754
1534239343742881
1534239343744357
1534239343744582
1534239343744986
1534239343745331
1534239343745659
1534239343746195
1534239343746634
1534239343747259
1534239343747541
1534239343747711
1534239343747894
1534239344242073
1534239344242374
1534239344242975
1534239344243548
1534239344244075
1534239344245242
1534239344245924
1534239344246465
1534239344247403
1534239344248036
1534239344248509
1534239344742905
1534239344743813
1534239344744342
1534239344744857
1534239344744966
1534239344745311
1534239344746093
1534239344746788
1534239344747071
1534239344747932
1534239344748107
1534239345241473
1534239345241646
1534239345242939
1534239345243527
1534239345243880
1534239345244874
1534239345245140
1534239345245490
1534239345245908
1534239345246253
1534239345246484
1534239345742180
1534239345742836
1534239345743302
1534239345743701
1534239345745155
1534239345746071
1534239345746976
1534239345747372
1534239345747534
1534239345747857
1534239346242575
1534239346243005
1534239346243592
1534239346243923
1534239346244476
1534239346244790
1534239346245105
1534239346245292
1534239346245407
1534239346245615
1534239346743363
1534239346745028
1534239346745922
1534239346746614
1534239346747036
1534239346747799
1534239346748188
1534239346748499
1534239346748698
1534239346748808
1534239347243742
1534239347245090
1534239347245603
1534239347246061
1534239347246715
1534239347246738
1534239347247026
1534239347247184
1534239347247611
1534239347247843
1534239347248072
1534239347743432
1534239347743929
1534239347744333
1534239347745005
1534239347745447
1534239347745796
1534239347746062
1534239347746408
1534239347747705
1534239347747729
1534239347748039
1534239347748137
1534239348243811
1534239348245645
1534239348245880
1534239348246238
1534239348246767
1534239348247146
1534239348247587
1534239348247987
1534239348248238
1534239348744051
1534239348744798
1534239348745332
1534239348747491
1534239348748574
1534239348749894
1534239348751162
1534239348751550
1534239348751695
1534239348751749
1534239349244822
1534239349245835
1534239349246218
1534239349246470
1534239349246953
1534239349247382
1534239349247712
1534239349247982
1534239349248201
1534239349743541
1534239349744050
1534239349744761
1534239349745548
1534239349746091
1534239349746559
1534239349746945
1534239349747272
1534239349747506
1534239349748159
1534239350247036
1534239350247282
1534239350247496
1534239350247741
1534239350248205
1534239350248530
1534239350249120
1534239350249453
1534239350249774
1534239350249871
1534239350744826
1534239350745362
1534239350746317
1534239350746825
1534239350747336
1534239350748024
1534239350748657
1534239350750062
1534239350750127
1534239350750429
1534239350750451
1534239350750498
1534239351243692
1534239351244004
1534239351244155
1534239351244333
1534239351244443
1534239351244527
1534239351244573
1534239351245021
1534239351245483
1534239351245896
1534239351246362
1534239351246475
1534239351246526
1534239351246749
1534239351744231
1534239351744632
1534239351745155
1534239351745911
1534239351746411
1534239351746820
1534239351747836
1534239351748227
1534239351748520
1534239351748791
1534239352245894
1534239352246051
1534239352246372
1534239352246578
1534239352247023
1534239352247714
1534239352248101
1534239352248354
1534239352248889
1534239352744247
1534239352745040
1534239352745864
1534239352747537
1534239352747853
1534239352748799
1534239352749304
1534239352749578
1534239352750051
1534239352750440
1534239353244255
1534239353245083
1534239353245657
1534239353245885
1534239353246324
1534239353246810
1534239353247245
1534239353247495
1534239353247816
1534239353248135
1534239353745699
1534239353746745
1534239353747180
1534239353747587
1534239353748042
1534239353748731
1534239353749189
1534239353749592
1534239353751389
1534239353752556
1534239353752812
1534239353753106
1534239354244679
1534239354244782
1534239354245626
1534239354246005
1534239354246225
1534239354246535
1534239354247153
1534239354247612
1534239354248054
1534239354248686
1534239354248699
1534239354248979
1534239354748633
1534239354749199
1534239354750015
1534239354751850
1534239354752144
1534239354753096
1534239354753384
1534239354754345
1534239354754937
1534239354756824
1534239354758177
1534239354758511
1534239354758769
1534239355246299
1534239355247086
1534239355247342
1534239355247743
1534239355248692
1534239355249906
1534239355250116
1534239355250358
1534239355250657
1534239355250895
1534239355749211
1534239355752133
1534239355752185
1534239355752285
1534239355752540
1534239355752798
1534239355754703
1534239355754771
1534239355754844
1534239355755021
1534239355755606
1534239356246487
1534239356246845
1534239356247217
1534239356247636
1534239356247976
1534239356248373
1534239356248613
1534239356248736
1534239356248796
1534239356745679
1534239356746406
1534239356746854
1534239356747498
1534239356747646
1534239356748030
1534239356748344
1534239356748599
1534239356748790
1534239357245020
1534239357245693
1534239357246055
1534239357246313
1534239357246512
1534239357246684
1534239357246807
1534239357246863
1534239357247759
1534239357247854
1534239357247999
1534239357248160
1534239357248192
1534239357249011
1534239357249106
1534239357249255
1534239357745428
1534239357746445
1534239357747239
1534239357747828
1534239357748113
1534239357748143
1534239357748591
1534239357748962
1534239357749326
1534239357749721
1534239357749955
1534239358246593
1534239358248433
1534239358250258
1534239358250729
1534239358251095
1534239358251453
1534239358253171
1534239358253545
1534239358253632
1534239358253688
1534239358254094
1534239358254388
1534239358746150
1534239358746436
1534239358746721
1534239358746908
1534239358748519
1534239358749511
1534239358750112
1534239358750447
1534239358750814
1534239358751030
1534239358751261
1534239358752063
1534239359245857
1534239359246187
1534239359246382
1534239359246725
1534239359246836
1534239359247374
1534239359247569
1534239359247669
1534239359248945
1534239359249457
1534239359249596
1534239359249944
1534239359250193
1534239359749164
1534239359751254
1534239359752265
1534239359753631
1534239359753873
1534239359754071
1534239359754141
1534239359754215
1534239359754286
1534239359754405
1534239359755930
1534239359755978
1534239360246999
1534239360248403
1534239360248771
1534239360249138
1534239360249532
1534239360249929
1534239360250359
1534239360250626
1534239360250811
1534239360748303
1534239360749231
1534239360749768
1534239360750643
1534239360751557
1534239360752201
1534239360752888
1534239360753487
1534239360754040
1534239360754345
1534239361247050
1534239361247063
1534239361247074
1534239361247800
1534239361248260
1534239361248703
1534239361249256
1534239361249511
1534239361249718
1534239361249930
1534239361250009
1534239361747959
1534239361748403
1534239361748526
1534239361749502
1534239361749635
1534239361749664
1534239361749791
1534239361750251
1534239361750670
1534239361750702
1534239361751079
1534239361751374
1534239362247829
1534239362248387
1534239362248443
1534239362248850
1534239362249274
1534239362249754
1534239362250127
1534239362250699
1534239362250720
1534239362251084
1534239362251550
1534239362749130
1534239362751970
1534239362752664
1534239362753017
1534239362755633
1534239362757106
1534239362757262
1534239362757607
1534239362757724
1534239362758461
1534239362758703
1534239362759323
1534239363248586
1534239363248646
1534239363248744
1534239363248930
1534239363249156
1534239363249319
1534239363249443
1534239363249558
1534239363249677
1534239363249722
1534239363250672
1534239363747503
1534239363748030
1534239363748359
1534239363748716
1534239363749300
1534239363749720
1534239363749974
1534239363750334
1534239363750393
1534239363750479
1534239364247602
1534239364248092
1534239364248428
1534239364249053
1534239364249298
1534239364249749
1534239364250184
1534239364250497
1534239364250753
1534239364250945
1534239364751674
1534239364751826
1534239364752047
1534239364752450
1534239364752947
1534239364753340
1534239364753615
1534239364754032
1534239364754349
1534239364754585
1534239365247217
1534239365247512
1534239365248054
1534239365248475
1534239365248726
1534239365249299
1534239365249648
1534239365249903
1534239365250346
1534239365250754
1534239365747409
1534239365747800
1534239365748039
1534239365748447
1534239365748635
1534239365748912
1534239365749086
1534239365749571
1534239365749779
1534239365750185
1534239365750638
1534239365751094
1534239365751585
1534239365751883
1534239365754152
1534239365754287
1534239365754445
1534239366248324
1534239366250317
1534239366250629
1534239366250939
1534239366251544
1534239366252384
1534239366252689
1534239366252914
1534239366254014
1534239366254495
1534239366254617
1534239366750049
1534239366750234
1534239366750269
1534239366750369
1534239366750992
1534239366751191
1534239366751520
1534239366753378
1534239366753671
1534239366753890
1534239366754180
1534239367249466
1534239367250078
1534239367250203
1534239367250423
1534239367251395
1534239367251523
1534239367251607
1534239367252242
1534239367253984
1534239367254199
1534239367749100
1534239367749339
1534239367749673
1534239367750000
1534239367750322
1534239367750395
1534239367750443
1534239367751422
1534239367751673
1534239367751956
1534239367752177
1534239367752266
1534239367752410
1534239367754758
1534239367754987
1534239367755305
1534239368252383
1534239368253030
1534239368253363
1534239368255212
1534239368256265
1534239368256378
1534239368257111
1534239368257457
1534239368257668
1534239368257725
1534239368748088
1534239368748685
1534239368749034
1534239368749506
1534239368749768
1534239368749872
1534239368750004
1534239368750243
1534239368750377
1534239368750444
1534239368750524
1534239368750576
1534239369248379
1534239369248879
1534239369249249
1534239369249784
1534239369252258
1534239369253989
1534239369254130
1534239369255359
1534239369255677
1534239369255870
1534239369750776
1534239369751201
1534239369751494
1534239369752092
1534239369752579
1534239369752866
1534239369753148
1534239369753510
1534239369754043
1534239370250766
1534239370251025
1534239370251369
1534239370251679
1534239370252059
1534239370252662
1534239370252913
1534239370253287
1534239370253547
1534239370253844
1534239370749772
1534239370750462
1534239370750747
1534239370751210
1534239370751598
1534239370752561
1534239370753651
1534239370753991
1534239370754451
1534239370754662
1534239371248557
1534239371251104
1534239371251566
1534239371252508
1534239371253615
1534239371253819
1534239371254053
1534239371254207
1534239371254419
1534239371254721
1534239371749258
1534239371749749
1534239371750004
1534239371750437
1534239371750621
1534239371751432
1534239371752009
1534239371752378
1534239371752760
1534239371753141
1534239371753338
1534239371753444
1534239372249376
1534239372250541
1534239372250933
1534239372251187
1534239372251401
1534239372251659
1534239372252119
1534239372252213
1534239372252477
1534239372252568
1534239372749638
1534239372749772
1534239372750707
1534239372751192
1534239372751512
1534239372751651
1534239372752468
1534239372752732
1534239372753130
1534239372753804
1534239372754647
1534239372754850
1534239372755544
1534239373248839
1534239373248942
1534239373249098
1534239373249219
1534239373250291
1534239373250632
1534239373251100
1534239373251398
1534239373251508
1534239373251681
1534239373251920
1534239373252132
1534239373751259
1534239373751504
1534239373751896
1534239373752189
1534239373752247
1534239373752851
1534239373752944
1534239373753366
1534239373753524
1534239373754045
1534239373754176
1534239373754431
1534239374252478
1534239374253042
1534239374253385
1534239374253781
1534239374254236
1534239374254644
1534239374255011
1534239374255145
1534239374255322
1534239374255364
1534239374256003
1534239374256326
1534239374256949
1534239374257112
1534239374753507
1534239374753787
1534239374754266
1534239374754391
1534239374754480
1534239374754557
1534239374755152
1534239374755459
1534239374755637
1534239374757037
1534239374757173
1534239374758718
1534239375250543
1534239375252068
1534239375252154
1534239375252382
1534239375252660
1534239375253064
1534239375253362
1534239375253631
1534239375253905
1534239375253955
1534239375749928
1534239375750426
1534239375750556
1534239375750924
1534239375751544
1534239375751692
1534239375751982
1534239375752476
1534239375752724
1534239375752837
1534239375753102
1534239375753433
1534239375753825
1534239375753939
1534239375754007
1534239376250548
1534239376250748
1534239376251017
1534239376251449
1534239376251797
1534239376252014
1534239376252241
1534239376252730
1534239376253106
1534239376253456
1534239376253718
1534239376255571
1534239376255710
1534239376255820
1534239376750022
1534239376750566
1534239376751077
1534239376751532
1534239376751732
1534239376752274
1534239376752714
1534239376753259
1534239376753550
1534239376753894
1534239376754189
1534239376754489
1534239376754718
1534239376754869
1534239377251230
1534239377251399
1534239377252011
1534239377252593
1534239377253083
1534239377253723
1534239377253969
1534239377254335
1534239377254513
1534239377254717
1534239377751718
1534239377752399
1534239377752847
1534239377753054
1534239377753481
1534239377753606
1534239377754043
1534239377754521
1534239377754879
1534239377754976
1534239378251033
1534239378251433
1534239378252290
1534239378252809
1534239378253109
1534239378253325
1534239378253668
1534239378253829
1534239378254013
1534239378753916
1534239378754088
1534239378754270
1534239378754401
1534239378754568
1534239378756253
1534239378756389
1534239378756877
1534239378757084
1534239378757222
1534239379252330
1534239379252501
1534239379252772
1534239379253155
1534239379253381
1534239379253613
1534239379253807
1534239379254108
1534239379254540
1534239379254737
1534239379254930
1534239379255149
1534239379751048
1534239379752160
1534239379752751
1534239379753273
1534239379753820
1534239379754296
1534239379754832
1534239379755059
1534239379755200
1534239379755485
1534239379755619
1534239380251752
1534239380253947
1534239380254348
1534239380254929
1534239380256229
1534239380256420
1534239380256865
1534239380256943
1534239380257588
1534239380258061
1534239380258413
1534239380258738
1534239380754466
1534239380754786
1534239380754966
1534239380755334
1534239380755869
1534239380756773
1534239380758009
1534239380758227
1534239380758458
1534239381254102
1534239381254319
1534239381254514
1534239381255053
1534239381255365
1534239381255677
1534239381256044
1534239381256266
1534239381256448
1534239381752133
1534239381753151
1534239381753649
1534239381753704
1534239381754648
1534239381754692
1534239381755178
1534239381755588
1534239381755913
1534239381756222
1534239382251349
1534239382251618
1534239382252095
1534239382252489
1534239382252804
1534239382253025
1534239382253312
1534239382254620
1534239382255068
1534239382255476
1534239382255646
1534239382255718
1534239382752444
1534239382754079
1534239382754799
1534239382755237
1534239382755704
1534239382756036
1534239382756289
1534239382756380
1534239382756424
1534239382757332
1534239382757513
1534239382757655
1534239382757704
1534239383252853
1534239383253259
1534239383253441
1534239383253604
1534239383253733
1534239383254455
1534239383254973
1534239383255685
1534239383255705
1534239383255737
1534239383256568
1534239383752803
1534239383753361
1534239383753797
1534239383754201
1534239383754497
1534239383754552
1534239383754704
1534239383754879
1534239383754956
1534239383755097
1534239383756106
1534239383756141
1534239384252908
1534239384253355
1534239384253731
1534239384253990
1534239384255113
1534239384255308
1534239384255727
1534239384255983
1534239384256209
1534239384753267
1534239384754298
1534239384754632
1534239384755725
1534239384756068
1534239384756531
1534239384757269
1534239384757489
1534239384757532
1534239384758041
1534239385253049
1534239385253149
1534239385253569
1534239385253679
1534239385254629
1534239385255150
1534239385255472
1534239385255597
1534239385255787
1534239385753097
1534239385753729
1534239385754131
1534239385754154
1534239385754651
1534239385755183
1534239385755299
1534239385755418
1534239385755689
1534239385756047
1534239385756423
1534239385756631
1534239385757865
1534239386253253
1534239386253776
1534239386254059
1534239386254621
1534239386255098
1534239386255139
1534239386255424
1534239386255711
1534239386255747
1534239386255791
1534239386753871
1534239386754656
1534239386755704
1534239386759389
1534239386759574
1534239386759701
1534239386759903
1534239386760260
1534239386760438
1534239386760752
1534239386760995
1534239387255145
1534239387255364
1534239387255529
1534239387256234
1534239387256969
1534239387257234
1534239387257664
1534239387257975
1534239387258219
1534239387258407
1534239387258512
1534239387258619
1534239387258843
1534239387753446
1534239387754755
1534239387755464
1534239387756051
1534239387756557
1534239387756977
1534239387757136
1534239387757376
1534239387757504
1534239388252580
1534239388253006
1534239388253529
1534239388253890
1534239388254342
1534239388254758
1534239388255453
1534239388255491
1534239388255619
1534239388255731
1534239388255780
1534239388754134
1534239388754182
1534239388755243
1534239388756802
1534239388757322
1534239388757758
1534239388757910
1534239388761105
1534239388761534
1534239388761687
1534239388761978
1534239389253336
1534239389253441
1534239389253720
1534239389253846
1534239389253948
1534239389254267
1534239389254345
1534239389255013
1534239389255210
1534239389255370
1534239389255527
1534239389255742
1534239389255831
1534239389757557
1534239389757698
1534239389758133
1534239389759098
1534239389759579
1534239389760020
1534239389760442
1534239389760601
1534239389760979
1534239390254359
1534239390254396
1534239390254727
1534239390255383
1534239390256041
1534239390256652
1534239390257214
1534239390257758
1534239390257981
1534239390258177
1534239390754131
1534239390754484
1534239390755273
1534239390755934
1534239390756524
1534239390757549
1534239390757865
1534239390758169
1534239390758380
1534239391254113
1534239391254370
1534239391254668
1534239391254946
1534239391256571
1534239391256994
1534239391257644
1534239391257937
1534239391258206
1534239391258489
1534239391753540
1534239391754202
1534239391754926
1534239391755624
1534239391755917
1534239391756420
1534239391756447
1534239391756745
1534239391756907
1534239391757111
1534239391757234
1534239392254722
1534239392256106
1534239392256644
1534239392257369
1534239392257607
1534239392258046
1534239392258068
1534239392259262
1534239392259575
1534239392259886
1534239392260284
1534239392261285
1534239392754004
1534239392754195
1534239392754308
1534239392754672
1534239392755284
1534239392755399
1534239392755828
1534239392756177
1534239392756458
1534239392756791
1534239392756899
1534239392756946
1534239392757747
1534239392758014
1534239393253778
1534239393254201
1534239393254612
1534239393254902
1534239393255136
1534239393255375
1534239393255497
1534239393255599
1534239393255644
1534239393256287
1534239393256852
1534239393256912
1534239393754826
1534239393755933
1534239393756226
1534239393756524
1534239393757325
1534239393757633
1534239393758786
1534239393759263
1534239393759564
1534239393759667
1534239393760109
1534239393760270
1534239393760381
1534239394253700
1534239394253861
1534239394255132
1534239394255465
1534239394256031
1534239394256474
1534239394257031
1534239394257090
1534239394257458
1534239394258130
1534239394754472
1534239394755042
1534239394755457
1534239394756242
1534239394756550
1534239394756838
1534239394757158
1534239394757430
1534239394757772
1534239394757804
1534239394758160
1534239395254726
1534239395255059
1534239395255295
1534239395255700
1534239395255747
1534239395256310
1534239395256684
1534239395257117
1534239395257347
1534239395257490
1534239395257533
1534239395754375
1534239395754771
1534239395754946
1534239395754979
1534239395755121
1534239395755244
1534239395755397
1534239395755563
1534239395756327
1534239395756627
1534239395757023
1534239395757348
1534239395757412
1534239395757567
1534239396254447
1534239396254554
1534239396255092
1534239396255173
1534239396255478
1534239396255630
1534239396256138
1534239396256306
1534239396256392
1534239396754601
1534239396756315
1534239396756576
1534239396757137
1534239396757309
1534239396757396
1534239396757632
1534239396757693
1534239396758993
1534239396759335
1534239396762946
1534239396764113
1534239396764209
1534239397254241
1534239397255152
1534239397255462
1534239397255918
1534239397256390
1534239397256689
1534239397256867
1534239397256987
1534239397257106
1534239397257172
1534239397756365
1534239397757017
1534239397757711
1534239397758523
1534239397759256
1534239397759959
1534239397760609
1534239397761120
1534239397761373
1534239397761602
1534239398255240
1534239398255765
1534239398256315
1534239398256909
1534239398257311
1534239398257760
1534239398258629
1534239398258917
1534239398259197
1534239398259373
1534239398259593
1534239398755567
1534239398756348
1534239398757115
1534239398757975
1534239398758303
1534239398758863
1534239398759194
1534239398759360
1534239398759703
1534239398760158
1534239398760392
1534239399255098
1534239399255498
1534239399255873
1534239399256063
1534239399256154
1534239399256283
1534239399256425
1534239399256535
1534239399258501
1534239399258880
1534239399259511
1534239399259935
1534239399260199
1534239399260434
1534239399756864
1534239399757131
1534239399757332
1534239399760099
1534239399760514
1534239399762001
1534239399762312
1534239399763695
1534239399763839
1534239399764672
1534239399764945
1534239399768997
1534239399769792
1534239399770579
1534239399771190
