1534239300713937
1534239301230179
1534239301712477
1534239302713420
1534239304711568
1534239305711464
1534239306712580
1534239307228773
1534239309717915
1534239311712089
1534239312713413
1534239313231605
1534239313714074
1534239315714106
1534239317230366
1534239317713266
1534239318230428
1534239321731162
1534239322731413
1534239329737238
1534239331236947
1534239331740277
1534239337742775
1534239338745665
1534239339242098
1534239343243931
1534239350250462
1534239351245794
1534239352247539
1534239354247627
1534239356248599
1534239357246902
1534239361750954
1534239362251409
1534239363251176
1534239364753732
1534239367754040
1534239369754314
1534239371753905
1534239373753875
1534239374254336
1534239375254034
1534239379253840
1534239381255093
1534239381755380
1534239385255254
1534239388256665
1534239388763534
1534239389256113
1534239389760317
1534239392756304
1534239395256526
1534239396256677
1534239397256967
