1532014455991495
1532014455991513
1532014455991520
1532014455991527
1532014455991540
1532014455991547
1532014456491495
1532014456491512
1532014456491519
1532014456491526
1532014456491532
1532014456491540
1532014456991493
1532014456991504
1532014456991512
1532014456991519
1532014456991526
1532014456991532
1532014457491611
1532014457491630
1532014457491639
1532014457491648
1532014457491655
1532014457491662
1532014457491669
1532014457991673
1532014457991691
1532014457991699
1532014457991707
1532014457991713
1532014457991720
1532014458491700
1532014458491715
1532014458491722
1532014458491734
1532014458491743
1532014458491754
1532014458991709
1532014458991726
1532014458991734
1532014458991746
1532014458991753
1532014458991759
1532014459491770
1532014459491785
1532014459491793
1532014459491799
1532014459491806
1532014459491812
1532014459491819
1532014459991904
1532014459991920
1532014459991926
1532014459991933
1532014459991940
1532014459991950
1532014459991957
1532014460491996
1532014460492010
1532014460492021
1532014460492028
1532014460492035
1532014460492041
1532014460492047
1532014460992057
1532014460992071
1532014460992078
1532014460992088
1532014460992095
1532014460992104
1532014461492118
1532014461492133
1532014461492139
1532014461492151
1532014461492157
1532014461492164
1532014461492171
1532014461992136
1532014461992151
1532014461992157
1532014461992164
1532014461992169
1532014461992175
1532014462492200
1532014462492213
1532014462492220
1532014462492227
1532014462492234
1532014462492240
1532014462492247
1532014462992335
1532014462992355
1532014462992363
1532014462992375
1532014462992381
1532014462992387
1532014462992394
1532014463492453
1532014463492465
1532014463492472
1532014463492479
1532014463492486
1532014463492492
1532014463492498
1532014463992465
1532014463992482
1532014463992489
1532014463992496
1532014463992503
1532014463992509
1532014464492523
1532014464492540
1532014464492547
1532014464492554
1532014464492561
1532014464492567
1532014464492576
1532014464992571
1532014464992583
1532014464992590
1532014464992596
1532014464992602
1532014464992609
1532014465492703
1532014465492719
1532014465492729
1532014465492736
1532014465492744
1532014465492751
1532014465492757
1532014465992784
1532014465992798
1532014465992804
1532014465992812
1532014465992819
1532014465992826
1532014465992833
1532014466492910
1532014466492926
1532014466492934
1532014466492941
1532014466492949
1532014466492956
1532014466492963
1532014466992947
1532014466992963
1532014466992971
1532014466992979
1532014466992987
1532014466992994
1532014467492979
1532014467492993
1532014467493000
1532014467493007
1532014467493018
1532014467493025
1532014467993062
1532014467993079
1532014467993093
1532014467993100
1532014467993107
1532014467993113
1532014467993122
1532014468493101
1532014468493116
1532014468493123
1532014468493135
1532014468493143
1532014468493150
1532014468993191
1532014468993204
1532014468993212
1532014468993223
1532014468993231
1532014468993238
1532014468993247
1532014469493249
1532014469493263
1532014469493270
1532014469493281
1532014469493289
1532014469493296
1532014469993375
1532014469993389
1532014469993396
1532014469993403
1532014469993410
1532014469993417
1532014469993426
1532014470493457
1532014470493472
1532014470493480
1532014470493488
1532014470493496
1532014470493502
1532014470493509
1532014470993512
1532014470993524
1532014470993531
1532014470993543
1532014470993553
1532014470993564
1532014471493610
1532014471493623
1532014471493630
1532014471493637
1532014471493645
1532014471493652
1532014471493659
1532014471993643
1532014471993659
1532014471993667
1532014471993675
1532014471993681
1532014471993694
1532014472493766
1532014472493779
1532014472493787
1532014472493794
1532014472493801
1532014472493809
1532014472493819
1532014472993849
1532014472993864
1532014472993871
1532014472993880
1532014472993888
1532014472993896
1532014472993903
1532014473493962
1532014473494044
1532014473494061
1532014473494069
1532014473494077
1532014473494086
1532014473494094
1532014473994132
1532014473994149
1532014473994162
1532014473994171
1532014473994180
1532014473994202
1532014473994211
1532014474494190
1532014474494210
1532014474494217
1532014474494226
1532014474494234
1532014474494241
1532014474994310
1532014474994333
1532014474994342
1532014474994349
1532014474994357
1532014474994365
1532014474994373
1532014475494430
1532014475494447
1532014475494456
1532014475494465
1532014475494472
1532014475494487
1532014475494495
1532014475994568
1532014475994587
1532014475994596
1532014475994604
1532014475994612
1532014475994621
1532014475994629
1532014476494557
1532014476494574
1532014476494582
1532014476494590
1532014476494597
1532014476494614
1532014476994582
1532014476994601
1532014476994610
1532014476994619
1532014476994626
1532014476994633
1532014477494708
1532014477494729
1532014477494744
1532014477494752
1532014477494759
1532014477494766
1532014477494779
1532014477994891
1532014477994906
1532014477994914
1532014477994923
1532014477994930
1532014477994938
1532014477994947
1532014478494922
1532014478494937
1532014478494945
1532014478494954
1532014478494962
1532014478494969
1532014478994940
1532014478994954
1532014478994962
1532014478994971
1532014478994979
1532014478994987
1532014479495018
1532014479495031
1532014479495038
1532014479495046
1532014479495054
1532014479495061
1532014479495068
1532014479995098
1532014479995116
1532014479995124
1532014479995131
1532014479995139
1532014479995146
1532014479995155
1532014480495237
1532014480495424
1532014480495435
1532014480495444
1532014480495459
1532014480495477
1532014480495497
1532014480995246
1532014480995263
1532014480995271
1532014480995280
1532014480995291
1532014480995299
1532014481495404
1532014481495421
1532014481495429
1532014481495442
1532014481495452
1532014481495465
1532014481495576
1532014481995437
1532014481995455
1532014481995464
1532014481995472
1532014481995481
1532014481995490
1532014482495551
1532014482495571
1532014482495580
1532014482495588
1532014482495597
1532014482495604
1532014482495612
1532014482995536
1532014482995552
1532014482995560
1532014482995569
1532014482995578
1532014482995586
1532014483495734
1532014483495749
1532014483495758
1532014483495766
1532014483495774
1532014483495782
1532014483495790
1532014483995850
1532014483995866
1532014483995879
1532014483995888
1532014483995900
1532014483995909
1532014483995917
1532014484495895
1532014484495918
1532014484495927
1532014484495935
1532014484495944
1532014484495952
1532014484995967
1532014484995984
1532014484995993
1532014484996002
1532014484996010
1532014484996018
1532014484996027
1532014485495960
1532014485495974
1532014485495983
1532014485495992
1532014485495999
1532014485496007
1532014485996036
1532014485996053
1532014485996061
1532014485996068
1532014485996076
1532014485996083
1532014485996090
1532014486496160
1532014486496185
1532014486496193
1532014486496201
1532014486496209
1532014486496217
1532014486496225
1532014486996192
1532014486996208
1532014486996217
1532014486996228
1532014486996236
1532014486996244
1532014487496263
1532014487496280
1532014487496288
1532014487496296
1532014487496304
1532014487496312
1532014487496319
1532014487996409
1532014487996425
1532014487996434
1532014487996442
1532014487996450
1532014487996458
1532014487996466
1532014488496420
1532014488496435
1532014488496445
1532014488496454
1532014488496462
1532014488496470
1532014488996545
1532014488996610
1532014488996621
1532014488996632
1532014488996640
1532014488996649
1532014488996656
1532014489496545
1532014489496566
1532014489496574
1532014489496582
1532014489496589
1532014489496596
1532014489996637
1532014489996653
1532014489996661
1532014489996668
1532014489996677
1532014489996684
1532014489996695
1532014490496770
1532014490496789
1532014490496796
1532014490496810
1532014490496818
1532014490496827
1532014490496834
1532014490996850
1532014490996872
1532014490996881
1532014490996889
1532014490996897
1532014490996908
1532014491496843
1532014491496862
1532014491496870
1532014491496878
1532014491496887
1532014491496895
1532014491996961
1532014491996977
1532014491996985
1532014491996999
1532014491997006
1532014491997020
1532014491997035
1532014492497061
1532014492497078
1532014492497100
1532014492497107
1532014492497114
1532014492497121
1532014492497133
1532014492997145
1532014492997158
1532014492997166
1532014492997175
1532014492997183
1532014492997190
1532014493497216
1532014493497231
1532014493497238
1532014493497256
1532014493497263
1532014493497274
1532014493497288
1532014493997311
1532014493997326
1532014493997341
1532014493997349
1532014493997357
1532014493997365
1532014493997379
1532014494497358
1532014494497381
1532014494497389
1532014494497397
1532014494497406
1532014494497419
1532014494997534
1532014494997554
1532014494997562
1532014494997570
1532014494997581
1532014494997588
1532014494997595
1532014495497598
1532014495497615
1532014495497623
1532014495497633
1532014495497641
1532014495497648
1532014495997597
1532014495997615
1532014495997623
1532014495997633
1532014495997644
1532014495997652
1532014496497744
1532014496497761
1532014496497769
1532014496497778
1532014496497785
1532014496497793
1532014496497800
1532014496997890
1532014496997908
1532014496997915
1532014496997924
1532014496997931
1532014496997938
1532014496997945
1532014497497961
1532014497497977
1532014497497987
1532014497497995
1532014497498003
1532014497498012
1532014497498020
1532014497998065
1532014497998081
1532014497998090
1532014497998098
1532014497998106
1532014497998113
1532014497998122
1532014498498181
1532014498498199
1532014498498208
1532014498498217
1532014498498225
1532014498498233
1532014498498241
1532014498998249
1532014498998266
1532014498998278
1532014498998288
1532014498998296
1532014498998306
1532014499498284
1532014499498301
1532014499498316
1532014499498325
1532014499498334
1532014499498348
1532014499998444
1532014499998464
1532014499998485
1532014499998495
1532014499998508
1532014499998524
1532014499998532
1532014500498794
1532014500498816
1532014500498825
1532014500498834
1532014500498843
1532014500498852
1532014500498860
1532014500998595
1532014500998611
1532014500998627
1532014500998635
1532014500998644
1532014500998656
1532014501498609
1532014501498624
1532014501498644
1532014501498653
1532014501498661
1532014501498673
1532014501998675
1532014501998689
1532014501998700
1532014501998707
1532014501998721
1532014501998729
1532014502498726
1532014502498741
1532014502498756
1532014502498765
1532014502498773
1532014502498780
1532014502998883
1532014502998900
1532014502998909
1532014502998918
1532014502998926
1532014502998934
1532014502998941
1532014503499353
1532014503499369
1532014503499377
1532014503499386
1532014503499399
1532014503499407
1532014503499414
1532014503999029
1532014503999045
1532014503999052
1532014503999061
1532014503999069
1532014503999077
1532014504499248
1532014504499263
1532014504499272
1532014504499286
1532014504499303
1532014504499311
1532014504499324
1532014504999159
1532014504999174
1532014504999183
1532014504999196
1532014504999204
1532014504999211
1532014505499413
1532014505499494
1532014505499504
1532014505499511
1532014505499524
1532014505499532
1532014505499539
1532014505999301
1532014505999320
1532014505999337
1532014505999346
1532014505999357
1532014505999365
1532014506500157
1532014506502608
1532014506502635
1532014506502647
1532014506502660
1532014506502672
1532014506502683
1532014506999750
1532014506999768
1532014506999782
1532014506999791
1532014506999799
1532014506999807
1532014507499924
1532014507500213
1532014507500224
1532014507500232
1532014507500249
1532014507500256
1532014507500264
1532014507999825
1532014507999842
1532014507999850
1532014507999858
1532014507999866
1532014507999873
1532014508499945
1532014508500029
1532014508500043
1532014508500051
1532014508500063
1532014508500073
1532014508500080
1532014509000136
1532014509000153
1532014509000162
1532014509000170
1532014509000178
1532014509000187
1532014509000195
1532014509500091
1532014509500109
1532014509500117
1532014509500125
1532014509500136
1532014509500143
1532014510000211
1532014510000226
1532014510000233
1532014510000240
1532014510000248
1532014510000254
1532014510000261
1532014510500236
1532014510500256
1532014510500264
1532014510500272
1532014510500283
1532014510500290
1532014511000301
1532014511000339
1532014511000348
1532014511000355
1532014511000362
1532014511000368
1532014511500334
1532014511500352
1532014511500362
1532014511500369
1532014511500377
1532014511500384
1532014512000433
1532014512000448
1532014512000456
1532014512000463
1532014512000470
1532014512000478
1532014512000486
1532014512500570
1532014512500585
1532014512500593
1532014512500601
1532014512500609
1532014512500617
1532014512500624
1532014513000596
1532014513000611
1532014513000619
1532014513000633
1532014513000641
1532014513000653
1532014513500712
1532014513500727
1532014513500743
1532014513500750
1532014513500758
1532014513500767
1532014513500774
1532014514000721
1532014514000737
1532014514000746
1532014514000754
1532014514000762
1532014514000769
1532014514500903
1532014514500921
1532014514500930
1532014514500938
1532014514500946
1532014514500954
1532014514500962
1532014515000967
1532014515000981
1532014515000997
1532014515001006
1532014515001020
1532014515001029
1532014515501115
1532014515501313
1532014515501325
1532014515501333
1532014515501346
1532014515501354
1532014515501362
1532014516001238
1532014516001255
1532014516001270
1532014516001279
1532014516001287
1532014516001295
1532014516501201
1532014516501220
1532014516501241
1532014516501251
1532014516501259
1532014516501266
1532014517001299
1532014517001317
1532014517001325
1532014517001334
1532014517001342
1532014517001354
1532014517001362
1532014517501439
1532014517501455
1532014517501464
1532014517501480
1532014517501493
1532014517501503
1532014517501519
1532014518001607
1532014518001626
1532014518001642
1532014518001650
1532014518001659
1532014518001667
1532014518001683
1532014518501547
1532014518501562
1532014518501571
1532014518501580
1532014518501589
1532014518501598
1532014519001596
1532014519001615
1532014519001624
1532014519001639
1532014519001648
1532014519001657
1532014519501755
1532014519501778
1532014519501788
1532014519501797
1532014519501806
1532014519501821
1532014519501829
1532014520001804
1532014520001827
1532014520001837
1532014520001845
1532014520001859
1532014520001869
1532014520501874
1532014520501894
1532014520501909
1532014520501919
1532014520501927
1532014520501936
1532014521001867
1532014521001884
1532014521001898
1532014521001907
1532014521001915
1532014521001924
1532014521502001
1532014521502018
1532014521502027
1532014521502041
1532014521502049
1532014521502057
1532014521502066
1532014522002108
1532014522002124
1532014522002142
1532014522002151
1532014522002159
1532014522002168
1532014522002185
1532014522502109
1532014522502128
1532014522502146
1532014522502155
1532014522502164
1532014522502171
1532014523002237
1532014523002254
1532014523002263
1532014523002271
1532014523002279
1532014523002288
1532014523002296
1532014523502288
1532014523502304
1532014523502313
1532014523502322
1532014523502330
1532014523502338
1532014524002418
1532014524002433
1532014524002445
1532014524002453
1532014524002461
1532014524002469
1532014524002477
1532014524502529
1532014524502553
1532014524502563
1532014524502571
1532014524502585
1532014524502594
1532014524502603
1532014525002559
1532014525002589
1532014525002599
1532014525002608
1532014525002622
1532014525002631
1532014525502684
1532014525502701
1532014525502709
1532014525502718
1532014525502727
1532014525502736
1532014525502743
1532014526002628
1532014526002642
1532014526002651
1532014526002665
1532014526002672
1532014526002679
1532014526502745
1532014526502760
1532014526502769
1532014526502777
1532014526502788
1532014526502797
1532014526502805
1532014527002813
1532014527002829
1532014527002836
1532014527002846
1532014527002853
1532014527002861
1532014527502878
1532014527502894
1532014527502903
1532014527502911
1532014527502919
1532014527502927
1532014527502934
1532014528003011
1532014528003056
1532014528003065
1532014528003073
1532014528003083
1532014528003091
1532014528003098
1532014528503024
1532014528503040
1532014528503048
1532014528503056
1532014528503068
1532014528503076
1532014529003114
1532014529003132
1532014529003141
1532014529003148
1532014529003156
1532014529003164
1532014529003171
1532014529503205
1532014529503230
1532014529503238
1532014529503251
1532014529503259
1532014529503268
1532014529503275
1532014530003339
1532014530003363
1532014530003372
1532014530003391
1532014530003399
1532014530003406
1532014530003414
1532014530503508
1532014530503525
1532014530503533
1532014530503549
1532014530503558
1532014530503571
1532014530503591
1532014531003511
1532014531003527
1532014531003535
1532014531003549
1532014531003557
1532014531003565
1532014531503545
1532014531503566
1532014531503574
1532014531503587
1532014531503595
1532014531503604
1532014532003638
1532014532003655
1532014532003666
1532014532003675
1532014532003683
1532014532003693
1532014532003703
1532014532503800
1532014532503813
1532014532503821
1532014532503829
1532014532503837
1532014532503844
1532014532503857
1532014533003827
1532014533003840
1532014533003847
1532014533003857
1532014533003864
1532014533003873
1532014533503879
1532014533503893
1532014533503902
1532014533503910
1532014533503919
1532014533503927
1532014534003882
1532014534003896
1532014534003904
1532014534003913
1532014534003920
1532014534003927
1532014534503988
1532014534504059
1532014534504073
1532014534504081
1532014534504089
1532014534504096
1532014534504103
1532014535004106
1532014535004127
1532014535004135
1532014535004143
1532014535004151
1532014535004159
1532014535504218
1532014535504235
1532014535504243
1532014535504252
1532014535504260
1532014535504267
1532014535504275
1532014536004287
1532014536004300
1532014536004307
1532014536004315
1532014536004322
1532014536004329
1532014536504314
1532014536504326
1532014536504333
1532014536504346
1532014536504354
1532014536504364
1532014537004468
1532014537004482
1532014537004490
1532014537004505
1532014537004516
1532014537004688
1532014537004698
1532014537504481
1532014537504494
1532014537504502
1532014537504513
1532014537504521
1532014537504532
1532014538004598
1532014538004613
1532014538004631
1532014538004639
1532014538004651
1532014538004660
1532014538004675
1532014538504749
1532014538504819
1532014538504829
1532014538504838
1532014538504851
1532014538504859
1532014538504867
1532014539004771
1532014539004786
1532014539004794
1532014539004809
1532014539004817
1532014539004825
1532014539504871
1532014539504886
1532014539504895
1532014539504909
1532014539504917
1532014539504925
1532014539504933
1532014540005034
1532014540005051
1532014540005059
1532014540005078
1532014540005086
1532014540005093
1532014540005101
1532014540505155
1532014540505174
1532014540505183
1532014540505196
1532014540505209
1532014540505217
1532014540505231
1532014541005178
1532014541005194
1532014541005208
1532014541005217
1532014541005225
1532014541005233
1532014541505310
1532014541505331
1532014541505340
1532014541505348
1532014541505356
1532014541505365
1532014541505373
1532014542005329
1532014542005345
1532014542005354
1532014542005367
1532014542005375
1532014542005383
1532014542505434
1532014542505453
1532014542505462
1532014542505470
1532014542505478
1532014542505486
1532014542505494
1532014543005420
1532014543005438
1532014543005446
1532014543005456
1532014543005463
1532014543005470
1532014543505491
1532014543505505
1532014543505514
1532014543505522
1532014543505530
1532014543505538
1532014543505549
1532014544005535
1532014544005555
1532014544005583
1532014544005591
1532014544005599
1532014544005611
1532014544505645
1532014544505660
1532014544505669
1532014544505682
1532014544505688
1532014544505696
1532014544505703
1532014545005871
1532014545005893
1532014545005912
1532014545005920
1532014545005928
1532014545005936
1532014545005949
1532014545505802
1532014545505816
1532014545505825
1532014545505834
1532014545505841
1532014545505849
1532014546005858
1532014546005874
1532014546005882
1532014546005891
1532014546005899
1532014546005912
1532014546505997
1532014546506016
1532014546506026
1532014546506034
1532014546506042
1532014546506050
1532014546506058
1532014547006039
1532014547006053
1532014547006061
1532014547006075
1532014547006084
1532014547006092
1532014547506175
1532014547506197
1532014547506215
1532014547506224
1532014547506233
1532014547506242
1532014547506258
1532014548006203
1532014548006218
1532014548006227
1532014548006246
1532014548006254
1532014548006276
1532014548506315
1532014548506335
1532014548506343
1532014548506357
1532014548506367
1532014548506375
1532014548506382
1532014549006396
1532014549006414
1532014549006423
1532014549006432
1532014549006440
1532014549006448
1532014549506459
1532014549506476
1532014549506485
1532014549506494
1532014549506502
1532014549506510
1532014549506518
1532014550006543
1532014550006559
1532014550006567
1532014550006579
1532014550006590
1532014550006598
1532014550006606
1532014550506607
1532014550506625
1532014550506633
1532014550506641
1532014550506649
1532014550506657
1532014551006595
1532014551006609
1532014551006620
1532014551006629
1532014551006636
1532014551006643
1532014551506725
1532014551506740
1532014551506747
1532014551506754
1532014551506760
1532014551506772
1532014551506780
1532014552006745
1532014552006762
1532014552006771
1532014552006778
1532014552006785
1532014552006791
1532014552506875
1532014552506887
1532014552506895
1532014552506904
1532014552506912
1532014552506918
1532014552506925
1532014553006981
1532014553007001
1532014553007009
1532014553007017
1532014553007024
1532014553007031
1532014553007039
1532014553507100
1532014553507122
1532014553507132
1532014553507141
1532014553507148
1532014553507157
1532014553507165
1532014554007109
1532014554007124
1532014554007132
1532014554007144
1532014554007152
1532014554007159
1532014554507212
1532014554507226
1532014554507234
1532014554507248
1532014554507255
1532014554507263
1532014554507271
1532014555007344
1532014555008076
1532014555008091
1532014555008100
1532014555008120
1532014555008127
1532014555008135
1532014555507809
1532014555507829
1532014555507839
1532014555507850
1532014555507859
1532014555507867
