1532014456492098
1532014456992137
1532014457492370
1532014457992203
1532014458492248
1532014458992279
1532014459492507
1532014459992740
1532014460492783
1532014460992633
1532014461492862
1532014461992707
1532014462492936
1532014462993169
1532014463493206
1532014463993061
1532014464493284
1532014464993133
1532014465493546
1532014465993584
1532014466493624
1532014466993471
1532014467493506
1532014467993752
1532014468493595
1532014468994002
1532014469493853
1532014469994084
1532014470494138
1532014470994163
1532014471494393
1532014471994225
1532014472494471
1532014472994529
1532014473494766
1532014473994990
1532014474494845
1532014474995097
1532014475495309
1532014475995357
1532014476495178
1532014476995235
1532014477495453
1532014477995681
1532014478495523
1532014478995568
1532014479495793
1532014479995833
1532014480496403
1532014480995900
1532014481496169
1532014481995993
1532014482496400
1532014482996102
1532014483496478
1532014483996710
1532014484496555
1532014484996785
1532014485496623
1532014485996855
1532014486496904
1532014486996748
1532014487496975
1532014487997208
1532014488497068
1532014488997282
1532014489497109
1532014489997729
1532014490497573
1532014490997422
1532014491497468
1532014491997691
1532014492497922
1532014492997799
1532014493498017
1532014493998050
1532014494497900
1532014494998315
1532014495498173
1532014495998200
1532014496498473
1532014496998654
1532014497498783
1532014497998942
1532014498498999
1532014498998836
1532014499498958
1532014499999313
1532014500499577
1532014500999184
1532014501499346
1532014501999237
1532014502499362
1532014502999708
1532014503500127
1532014503999607
1532014504500014
1532014504999703
1532014505500275
1532014505999915
1532014506503481
1532014507000373
1532014507500802
1532014508000461
1532014508500672
1532014509000943
1532014509500748
1532014510000987
1532014510500825
1532014511000857
1532014511500919
1532014512001149
1532014512501370
1532014513001218
1532014513501448
1532014514001290
1532014514501716
1532014515001541
1532014515501994
1532014516001837
1532014516501855
1532014517002110
1532014517502160
1532014518002390
1532014518502241
1532014519002273
1532014519502536
1532014520002399
1532014520502411
1532014521002455
1532014521502836
1532014522002875
1532014522502712
1532014523002978
1532014523502869
1532014524003214
1532014524503263
1532014525003117
1532014525503524
1532014526003163
1532014526503590
1532014527003451
1532014527503655
1532014528003722
1532014528503548
1532014529003976
1532014529504011
1532014530004074
1532014530504350
1532014531004144
1532014531504203
1532014532004425
1532014532504632
1532014533004499
1532014533504532
1532014534004553
1532014534504767
1532014535004657
1532014535505044
1532014536004892
1532014536504941
1532014537005623
1532014537505027
1532014538005441
1532014538505524
1532014539005371
1532014539505595
1532014540005793
1532014540506009
1532014541005848
1532014541506111
1532014542005929
1532014542506161
1532014543006001
1532014543506234
1532014544006098
1532014544506488
1532014545006722
1532014545506390
1532014546006442
1532014546506854
1532014547006706
1532014547506939
1532014548006793
1532014548507028
1532014549007060
1532014549507283
1532014550007309
1532014550507152
1532014551007180
1532014551507434
1532014552007261
1532014552507689
1532014553007743
1532014553507963
1532014554007663
1532014554508038
1532014555008660
1532014555509440
