1534238757563919
1534238758564121
1534238759064211
1534238759564293
1534238760564462
1534238761064545
1534238761564686
1534238762564931
1534238763565102
1534238764565295
1534238765065394
1534238765565522
1534238767065835
1534238767565942
1534238768066041
1534238769066191
1534238769566292
1534238770066424
1534238770566499
1534238771066602
1534238772066764
1534238773567864
1534238774067936
1534238775068094
1534238776068244
1534238777568554
1534238778568746
1534238779068842
1534238779568931
1534238780069015
1534238780569086
1534238781069189
1534238781569354
1534238782569603
1534238783069680
1534238783569776
1534238785070117
1534238786570418
1534238788070712
1534238788570790
1534238789070905
1534238789571011
1534238790071113
1534238790571205
1534238791571482
1534238792071611
1534238793071776
1534238794572136
1534238797072762
1534238797572911
1534238799073372
1534238800573827
1534238803574565
1534238805074909
1534238806575501
1534238809075936
1534238809576255
1534238811076610
1534238812577280
1534238813577531
1534238814077648
1534238815077881
1534238815578003
1534238816078155
1534238817078767
1534238818078987
1534238818579193
1534238819079268
1534238820579536
1534238822080257
1534238823580552
1534238824580830
1534238826081212
1534238826581321
1534238827081417
1534238828081608
1534238828581735
1534238830082074
1534238831082266
1534238833082964
1534238833583075
1534238834583360
1534238835083484
1534238836083695
1534238837083874
1534238839084381
1534238840584882
1534238842585588
1534238843585782
1534238844586117
1534238845086210
1534238846086464
1534238848087674
1534238849087856
1534238849588070
1534238851088427
1534238851588625
1534238852089089
1534238853589502
1534238854589792
1534238855590732
