1534238757565157
1534238757565986
1534238757566195
1534238757566344
1534238757566429
1534238758066161
1534238758066825
1534238758067102
1534238758068010
1534238758566382
1534238758566529
1534238758566711
1534238758566900
1534238759065613
1534238759066275
1534238759066564
1534238759066585
1534238759066824
1534238759066876
1534238759565735
1534238759565840
1534238759566264
1534238759566504
1534238759566691
1534238759566778
1534238760065923
1534238760066189
1534238760066343
1534238760066586
1534238760066633
1534238760565841
1534238760566514
1534238760566616
1534238760567043
1534238760567240
1534238761066267
1534238761066583
1534238761066709
1534238761067047
1534238761568311
1534238761568665
1534238761568751
1534238761568869
1534238762065691
1534238762065816
1534238762066635
1534238762066782
1534238762066950
1534238762067141
1534238762567604
1534238762567904
1534238762568177
1534238762568408
1534238762568651
1534238763067983
1534238763069466
1534238763069482
1534238763069921
1534238763070115
1534238763567174
1534238763567410
1534238763567731
1534238763567892
1534238764067951
1534238764068227
1534238764068671
1534238764070075
1534238764566166
1534238764566263
1534238764567332
1534238764567655
1534238764567930
1534238764568116
1534238765067255
1534238765067535
1534238765067822
1534238765068077
1534238765566362
1534238765566875
1534238765566962
1534238765567061
1534238765567349
1534238766066584
1534238766066726
1534238766067812
1534238766068404
1534238766068478
1534238766068589
1534238766566229
1534238766566327
1534238766567260
1534238766567285
1534238766567750
1534238766568158
1534238766568558
1534238767066302
1534238767066669
1534238767066943
1534238767067094
1534238767067242
1534238767567566
1534238767567801
1534238767567982
1534238767568042
1534238768067363
1534238768067668
1534238768068107
1534238768068306
1534238768068411
1534238768569720
1534238768570030
1534238768570491
1534238768570851
1534238768571020
1534238769068317
1534238769068791
1534238769069164
1534238769069413
1534238769568655
1534238769568919
1534238769569320
1534238769569587
1534238770067988
1534238770068392
1534238770068599
1534238770068760
1534238770567801
1534238770568101
1534238770568385
1534238770568681
1534238770568865
1534238771068477
1534238771068920
1534238771069200
1534238771069376
1534238771568760
1534238771569158
1534238771569877
1534238771570254
1534238772069456
1534238772069716
1534238772069945
1534238772070170
1534238772570120
1534238772571001
1534238772571148
1534238772571308
1534238773069374
1534238773069663
1534238773069778
1534238773070226
1534238773070313
1534238773071557
1534238773071645
1534238773568397
1534238773570099
1534238773570352
1534238773570595
1534238773570783
1534238774069922
1534238774070375
1534238774070490
1534238774070650
1534238774071031
1534238774071094
1534238774569906
1534238774570562
1534238774570804
1534238774570867
1534238775070064
1534238775070253
1534238775070447
1534238775070542
1534238775568846
1534238775569010
1534238775569985
1534238775570154
1534238775570368
1534238775570534
1534238776070722
1534238776071037
1534238776071319
1534238776071466
1534238776071579
1534238776570003
1534238776570172
1534238776570432
1534238776570497
1534238777069628
1534238777069763
1534238777070889
1534238777071257
1534238777071571
1534238777071773
1534238777569410
1534238777569548
1534238777569722
1534238777569884
1534238777569973
1534238778069679
1534238778070404
1534238778071001
1534238778071025
1534238778071247
1534238778071435
1534238778570679
1534238778570717
1534238778570977
1534238778571578
1534238778571984
1534238779074038
1534238779074195
1534238779074445
1534238779074620
1534238779571559
1534238779571795
1534238779572008
1534238779572259
1534238780070657
1534238780072255
1534238780072476
1534238780072679
1534238780072933
1534238780570964
1534238780571157
1534238780571574
1534238780571742
1534238780571907
1534238781073074
1534238781073220
1534238781073392
1534238781073586
1534238781571904
1534238781572184
1534238781572326
1534238781572604
1534238782072324
1534238782072584
1534238782072761
1534238782073020
1534238782570656
1534238782571117
1534238782571447
1534238782571759
1534238782571908
1534238782572074
1534238783071017
1534238783071875
1534238783072328
1534238783072611
1534238783072834
1534238783570664
1534238783571319
1534238783571864
1534238783572243
1534238783572330
1534238784071606
1534238784071680
1534238784072067
1534238784072244
1534238784072413
1534238784573850
1534238784574696
1534238784575386
1534238784575569
1534238784575614
1534238784576450
1534238785073953
1534238785074140
1534238785074325
1534238785074393
1534238785570963
1534238785571058
1534238785571628
1534238785571766
1534238785571948
1534238785572080
1534238785572570
1534238785572640
1534238786072446
1534238786073293
1534238786073407
1534238786073463
1534238786573868
1534238786574143
1534238786575142
1534238786575354
1534238787071909
1534238787072498
1534238787072514
1534238787072952
1534238787073251
1534238787073507
1534238787572126
1534238787572587
1534238787573133
1534238787573394
1534238787573600
1534238788071591
1534238788071761
1534238788071865
1534238788072138
1534238788072272
1534238788072710
1534238788072815
1534238788571905
1534238788572423
1534238788572903
1534238788572923
1534238788573129
1534238788573263
1534238789072178
1534238789072738
1534238789073225
1534238789073285
1534238789073843
1534238789572423
1534238789572879
1534238789573107
1534238789573258
1534238789573566
1534238790072855
1534238790073089
1534238790073295
1534238790073311
1534238790073431
1534238790572510
1534238790572718
1534238790572856
1534238790572982
1534238790573369
1534238790573435
1534238791075460
1534238791075486
1534238791076297
1534238791076502
1534238791076743
1534238791572634
1534238791573107
1534238791573570
1534238791574055
1534238791574259
1534238792074148
1534238792074810
1534238792075046
1534238792075464
1534238792075681
1534238792574473
1534238792575073
1534238792575650
1534238792575816
1534238793074023
1534238793074214
1534238793074556
1534238793074729
1534238793074879
1534238793572907
1534238793572987
1534238793574634
1534238793574952
1534238793575974
1534238793576135
1534238794074672
1534238794075686
1534238794076041
1534238794077530
1534238794077649
1534238794078971
1534238794079614
1534238794574742
1534238794575666
1534238794575869
1534238794575947
1534238794576023
1534238795076266
1534238795076990
1534238795077376
1534238795079771
1534238795081033
1534238795081782
1534238795081898
1534238795577774
1534238795578067
1534238795578260
1534238795578408
1534238796075928
1534238796076490
1534238796077058
1534238796078343
1534238796078977
1534238796573798
1534238796574610
1534238796575301
1534238796575544
1534238796575737
1534238796575876
1534238797076075
1534238797076691
1534238797076996
1534238797077144
1534238797077581
1534238797574078
1534238797574167
1534238797574906
1534238797575115
1534238797575325
1534238797575516
1534238797576064
1534238797576277
1534238798080614
1534238798080979
1534238798081539
1534238798081668
1534238798082012
1534238798574869
1534238798575031
1534238798576556
1534238798576830
1534238798577035
1534238798577358
1534238799075305
1534238799076163
1534238799076519
1534238799076672
1534238799076818
1534238799574623
1534238799575832
1534238799576170
1534238799577044
1534238799577581
1534238799577956
1534238800075175
1534238800076156
1534238800076524
1534238800076725
1534238800076789
1534238800577186
1534238800577407
1534238800577633
1534238800577794
1534238801075454
1534238801075644
1534238801075714
1534238801076949
1534238801077463
1534238801577220
1534238801577411
1534238801577788
1534238801578032
1534238802076176
1534238802076746
1534238802077001
1534238802077811
1534238802078213
1534238802575818
1534238802576289
1534238802576661
1534238802576990
1534238802577596
1534238803080253
1534238803081298
1534238803081527
1534238803081936
1534238803082492
1534238803082697
1534238803082996
1534238803580121
1534238803583229
1534238803583326
1534238803583430
1534238803583675
1534238804076758
1534238804077319
1534238804077819
1534238804078168
1534238804079870
1534238804079962
1534238804576044
1534238804576666
1534238804577292
1534238804577637
1534238804578342
1534238805076687
1534238805077281
1534238805077630
1534238805078013
1534238805078359
1534238805576582
1534238805577028
1534238805577584
1534238805578673
1534238805578939
1534238806077605
1534238806078823
1534238806078998
1534238806079140
1534238806079366
1534238806576934
1534238806577196
1534238806577275
1534238806577883
1534238806577949
1534238806578162
1534238807076945
1534238807077565
1534238807078214
1534238807078470
1534238807078770
1534238807577341
1534238807577767
1534238807578789
1534238807579181
1534238807579548
1534238807579736
1534238808077944
1534238808079215
1534238808079721
1534238808079859
1534238808577189
1534238808577593
1534238808578843
1534238808579204
1534238808582860
1534238809078436
1534238809079047
1534238809079150
1534238809079307
1534238809079327
1534238809079633
1534238809577738
1534238809577800
1534238809577938
1534238809578006
1534238810078469
1534238810079172
1534238810079222
1534238810079710
1534238810578668
1534238810579307
1534238810579883
1534238810580112
1534238810580392
1534238811078489
1534238811079024
1534238811079413
1534238811079794
1534238811079991
1534238811580649
1534238811581103
1534238811581402
1534238811581472
1534238811581816
1534238811582127
1534238812078511
1534238812079160
1534238812079421
1534238812079718
1534238812080032
1534238812579013
1534238812579742
1534238812580204
1534238812580227
1534238812580239
1534238812580919
1534238813078637
1534238813078903
1534238813079847
1534238813080019
1534238813080519
1534238813081093
1534238813581154
1534238813581592
1534238813581887
1534238813582129
1534238813582317
1534238813583127
1534238813583194
1534238814082179
1534238814082266
1534238814082422
1534238814082601
1534238814580925
1534238814581824
1534238814582064
1534238814582275
1534238815081250
1534238815081310
1534238815081588
1534238815081669
1534238815581056
1534238815581233
1534238815581723
1534238815581967
1534238816079986
1534238816080616
1534238816081196
1534238816081555
1534238816082260
1534238816586196
1534238816587214
1534238816587368
1534238816587812
1534238816588164
1534238817080734
1534238817080763
1534238817080784
1534238817081108
1534238817081409
1534238817081540
1534238817580269
1534238817580380
1534238817582396
1534238817582992
1534238817583185
1534238817583682
1534238818082876
1534238818083219
1534238818083589
1534238818083818
1534238818083984
1534238818581122
1534238818581253
1534238818582084
1534238818582431
1534238818582936
1534238819089216
1534238819089284
1534238819089442
1534238819089594
1534238819584164
1534238819584394
1534238819585034
1534238819585282
1534238819585314
1534238819585356
1534238820080743
1534238820081132
1534238820081554
1534238820082079
1534238820082200
1534238820083457
1534238820583458
1534238820583598
1534238820583999
1534238820584121
1534238821080739
1534238821080865
1534238821083186
1534238821083522
1534238821083874
1534238821084118
1534238821583234
1534238821584095
1534238821584807
1534238821585132
1534238821585210
1534238822082535
1534238822082586
1534238822082724
1534238822082973
1534238822581139
1534238822581388
1534238822582425
1534238822582564
1534238822583068
1534238822583862
1534238823082758
1534238823082950
1534238823084562
1534238823084716
1534238823583092
1534238823583540
1534238823583747
1534238823584011
1534238823584226
1534238824083751
1534238824084351
1534238824084895
1534238824085143
1534238824085565
1534238824086345
1534238824592694
1534238824592908
1534238824593219
1534238824593460
1534238825083810
1534238825083932
1534238825084290
1534238825084505
1534238825085025
1534238825085199
1534238825585794
1534238825586565
1534238825586877
1534238825587400
1534238825588535
1534238826085551
1534238826085720
1534238826086120
1534238826086563
1534238826086889
1534238826585060
1534238826585531
1534238826585904
1534238826585971
1534238826586610
1534238827084369
1534238827084514
1534238827084884
1534238827084958
1534238827583374
1534238827584387
1534238827585047
1534238827585388
1534238827585710
1534238828084552
1534238828085543
1534238828085879
1534238828086201
1534238828086294
1534238828590675
1534238828590954
1534238828591199
1534238828591461
1534238829083394
1534238829083959
1534238829084442
1534238829084644
1534238829084871
1534238829591685
1534238829592617
1534238829593844
1534238829594094
1534238829594224
1534238830084343
1534238830084425
1534238830085058
1534238830085258
1534238830588039
1534238830588543
1534238830589341
1534238830590560
1534238831083405
1534238831083860
1534238831084194
1534238831084664
1534238831084946
1534238831584502
1534238831585567
1534238831586879
1534238831587053
1534238832085668
1534238832086098
1534238832086246
1534238832086442
1534238832587693
1534238832589620
1534238832590721
1534238832590988
1534238832591953
1534238833084355
1534238833084781
1534238833085033
1534238833085169
1534238833586208
1534238833586722
1534238833587187
1534238833587495
1534238833587613
1534238834085375
1534238834085628
1534238834085900
1534238834086217
1534238834086478
1534238834586180
1534238834586854
1534238834586885
1534238834586937
1534238834587037
1534238834587053
1534238835087432
1534238835090422
1534238835090620
1534238835090837
1534238835091026
1534238835585020
1534238835585453
1534238835585825
1534238835586380
1534238835586681
1534238836086790
1534238836087123
1534238836087593
1534238836088128
1534238836585563
1534238836586415
1534238836586783
1534238836587680
1534238837085985
1534238837086386
1534238837086694
1534238837086920
1534238837588589
1534238837589805
1534238837589931
1534238837590100
1534238837590353
1534238837590912
1534238837591119
1534238838085664
1534238838086228
1534238838086583
1534238838086631
1534238838086719
1534238838087156
1534238838586352
1534238838586964
1534238838587599
1534238838588057
1534238838588257
1534238839085732
1534238839085872
1534238839086041
1534238839086867
1534238839087224
1534238839087515
1534238839586636
1534238839586968
1534238839588381
1534238839588448
1534238839588554
1534238840085610
1534238840086087
1534238840086285
1534238840086667
1534238840087736
1534238840088342
1534238840587837
1534238840588718
1534238840589008
1534238840589344
1534238840589613
1534238841087028
1534238841087832
1534238841088486
1534238841088837
1534238841593121
1534238841622705
1534238841623356
1534238841623768
1534238841623903
1534238842089530
1534238842089646
1534238842092215
1534238842092395
1534238842588189
1534238842588861
1534238842589256
1534238842589526
1534238842589599
1534238843087087
1534238843087701
1534238843088501
1534238843088721
1534238843089003
1534238843589551
1534238843589805
1534238843590297
1534238843590493
1534238844087309
1534238844087807
1534238844088254
1534238844088730
1534238844089726
1534238844622825
1534238844622860
1534238844622870
1534238844622885
1534238844623445
1534238844623515
1534238845094052
1534238845094526
1534238845094732
1534238845094862
1534238845588002
1534238845588427
1534238845588989
1534238845589375
1534238845589629
1534238846087944
1534238846088099
1534238846088345
1534238846089124
1534238846089373
1534238846587423
1534238846588439
1534238846589095
1534238846589792
1534238846590114
1534238846590194
1534238847089022
1534238847090724
1534238847091486
1534238847093886
1534238847094488
1534238847589937
1534238847591493
1534238847591711
1534238847591883
1534238847592194
1534238847592340
1534238847622603
1534238848090471
1534238848090693
1534238848091096
1534238848091282
1534238848589432
1534238848589507
1534238848589634
1534238848590493
1534238848591078
1534238848591569
1534238849089760
1534238849090352
1534238849090634
1534238849090652
1534238849090823
1534238849091045
1534238849591260
1534238849622637
1534238849623151
1534238849623500
1534238849623871
1534238850089690
1534238850090421
1534238850090707
1534238850090797
1534238850090941
1534238850589615
1534238850590017
1534238850590544
1534238850591527
1534238850591712
1534238851090086
1534238851090965
1534238851091271
1534238851091433
1534238851091598
1534238851590852
1534238851591284
1534238851591906
1534238851592196
1534238852090839
1534238852091303
1534238852091352
1534238852091419
1534238852590451
1534238852590647
1534238852591551
1534238852592172
1534238852592776
1534238852593232
1534238853090663
1534238853091295
1534238853091808
1534238853092137
1534238853092510
1534238853622352
1534238853623309
1534238853623610
1534238853623887
1534238853624153
1534238854091479
1534238854091640
1534238854092156
1534238854092520
1534238854092769
1534238854092876
1534238854591647
1534238854591974
1534238854592184
1534238854592360
1534238854592427
1534238855093389
1534238855097096
1534238855097868
1534238855098361
1534238855099380
1534238855592802
1534238855592859
1534238855592954
1534238855593308
1534238856092792
1534238856093346
1534238856093678
1534238856093889
1534238856593725
1534238856622376
1534238856623073
1534238856623748
