1534238757568462
1534238758567280
1534238759067290
1534238759567172
1534238760567630
1534238761067354
1534238761569555
1534238762569380
1534238763568012
1534238764568524
1534238765068737
1534238765567990
1534238767068481
1534238767568724
1534238768068794
1534238769069439
1534238769569873
1534238770069178
1534238770569147
1534238771069391
1534238772070479
1534238773571631
1534238774071539
1534238775071139
1534238776072197
1534238777571161
1534238778572059
1534238779074767
1534238779572340
1534238780073000
1534238780572200
1534238781073932
1534238781572886
1534238782572561
1534238783073128
1534238783572318
1534238785074753
1534238786574950
1534238788073335
1534238788573971
1534238789074067
1534238789573958
1534238790074045
1534238790573865
1534238791574726
1534238792076096
1534238793075705
1534238794577117
1534238797077984
1534238797576820
1534238799077726
1534238800578792
1534238803584181
1534238805078955
1534238806578882
1534238809080086
1534238809579252
1534238811080660
1534238812581950
1534238813583022
1534238814083659
1534238815082420
1534238815582202
1534238816082430
1534238817082269
1534238818084656
1534238818583779
1534238819090795
1534238820584987
1534238822083820
1534238823584724
1534238824593777
1534238826087354
1534238826586973
1534238827086584
1534238828088125
1534238828592120
1534238830086130
1534238831085612
1534238833086098
1534238833588565
1534238834588123
1534238835091397
1534238836088165
1534238837087502
1534238839088574
1534238840590071
1534238842590814
1534238843590757
1534238844624605
1534238845096138
1534238846089902
1534238848091842
1534238849091687
1534238849624761
1534238851092650
1534238851592466
1534238852092993
1534238853624770
1534238854594508
1534238855623230
