1532011648810108
1532011649310230
1532011649810334
1532011650310405
1532011650810479
1532011651310554
1532011651810630
1532011652310715
1532011652810805
1532011653310882
1532011653810965
1532011654311045
1532011654811121
1532011655311200
1532011655811293
1532011656311375
1532011656811481
1532011657311584
1532011657811661
1532011658311733
1532011658811806
1532011659311883
1532011659811979
1532011660312066
1532011660812140
1532011661312235
1532011661812332
1532011662312416
1532011662812494
1532011663312571
1532011663812646
1532011664312742
1532011664812832
1532011665312919
1532011665812992
1532011666313072
1532011666813145
1532011667313265
1532011667813363
1532011668313439
1532011668813539
1532011669313638
1532011669813735
1532011670313812
1532011670813909
1532011671313990
1532011671814071
1532011672314150
1532011672814227
1532011673314307
1532011673814396
1532011674314484
1532011674814561
1532011675314644
1532011675814746
1532011676314823
1532011676814906
1532011677315004
1532011677815109
1532011678315194
1532011678815269
1532011679315350
1532011679815434
1532011680315512
1532011680815618
1532011681315693
1532011681815774
1532011682315855
1532011682815935
1532011683316027
1532011683816128
1532011684316215
1532011684816293
1532011685316376
1532011685816511
1532011686316601
1532011686816676
1532011687316754
1532011687816913
1532011688316985
1532011688817064
1532011689317139
1532011689817212
1532011690317294
1532011690817380
1532011691317468
1532011691817545
1532011692317630
1532011692817739
1532011693317819
1532011693817899
1532011694317993
1532011694818083
1532011695318178
1532011695818285
1532011696318377
1532011696818487
1532011697318566
1532011697818650
1532011698318737
1532011698818850
1532011699318949
1532011699819041
1532011700319167
1532011700819267
1532011701319347
1532011701819429
1532011702319528
1532011702819609
1532011703319697
1532011703819776
1532011704319858
1532011704819939
1532011705320015
1532011705820113
1532011706320268
1532011706820381
1532011707320484
1532011707820588
1532011708320673
1532011708820879
1532011709320978
1532011709821061
1532011710321141
1532011710821228
1532011711321320
1532011711821406
1532011712321497
1532011712821587
1532011713321849
1532011713821934
1532011714322008
1532011714822095
1532011715322189
1532011715822263
1532011716322376
1532011716822461
1532011717322536
1532011717822610
1532011718322685
1532011718822760
1532011719322839
1532011719822932
1532011720323017
1532011720823117
1532011721323196
1532011721823283
1532011722323364
1532011722823447
1532011723323540
1532011723823620
1532011724323736
1532011724823813
1532011725323901
1532011725823987
1532011726324074
1532011726824168
1532011727324245
1532011727824351
1532011728324429
1532011728824501
1532011729324592
1532011729824667
1532011730324742
1532011730824847
1532011731324932
1532011731825028
1532011732325111
1532011732825188
1532011733325258
1532011733825341
1532011734325427
1532011734825507
1532011735325608
1532011735825687
1532011736325869
1532011736825993
1532011737326184
1532011737826265
1532011738326381
1532011738826489
1532011739326575
1532011739826669
1532011740326746
1532011740826846
1532011741326944
1532011741827019
1532011742327133
1532011742827213
1532011743327290
1532011743827379
1532011744327463
1532011744827550
1532011745327628
1532011745827730
1532011746327817
1532011746827892
1532011747327987
1532011747828101
