1532011648810771
1532011649310744
1532011649810791
1532011650310887
1532011650810893
1532011651310936
1532011651811124
1532011652311160
1532011652811278
1532011653311431
1532011653811529
1532011654311576
1532011654811553
1532011655311805
1532011655811833
1532011656311898
1532011656812072
1532011657312025
1532011657812139
1532011658312150
1532011658812149
1532011659312322
1532011659812447
1532011660312468
1532011660812614
1532011661312824
1532011661812823
1532011662312953
1532011662813140
1532011663313133
1532011663813118
1532011664313169
1532011664813367
1532011665313349
1532011665813408
1532011666313602
1532011666813849
1532011667314034
1532011667813976
1532011668313912
1532011668814055
1532011669314355
1532011669814345
1532011670314344
1532011670814309
1532011671314477
1532011671814783
1532011672314791
1532011672814678
1532011673314756
1532011673815260
1532011674315310
1532011674815148
1532011675315100
1532011675815430
1532011676315363
1532011676815551
1532011677315610
1532011677815698
1532011678315843
1532011678815917
1532011679315966
1532011679816073
1532011680316450
1532011680816334
1532011681316261
1532011681816753
1532011682316340
1532011682816893
1532011683316659
1532011683816622
1532011684317164
1532011684816915
1532011685316885
1532011685817012
1532011686317208
1532011686817191
1532011687317255
1532011687817429
1532011688317465
1532011688817506
1532011689317661
1532011689817818
1532011690317842
1532011690818019
1532011691318117
1532011691818080
1532011692318053
1532011692818283
1532011693318347
1532011693818612
1532011694318806
1532011694818880
1532011695318743
1532011695819441
1532011696318943
1532011696819158
1532011697319143
1532011697819270
1532011698319444
1532011698819640
1532011699319543
1532011699819575
1532011700320374
1532011700819890
1532011701319935
1532011701820036
1532011702320592
1532011702820348
1532011703320229
1532011703320255
1532011703820733
1532011704320554
1532011704820905
1532011705320523
1532011705820637
1532011706321814
1532011706821033
1532011707320942
1532011707821052
1532011708321091
1532011708822000
1532011709321903
1532011709821698
1532011710322274
1532011710821832
1532011711322169
1532011711821882
1532011712322283
1532011712822027
1532011713322403
1532011713822620
1532011714322465
1532011714822618
1532011715322908
1532011715822867
1532011716322909
1532011716822991
1532011717323001
1532011717823033
1532011718323379
1532011718823312
1532011719323700
1532011719823783
1532011720323794
1532011720824325
1532011721324055
1532011721824046
1532011722324532
1532011722824032
1532011723324020
1532011723824157
1532011724324317
1532011724824445
1532011725324529
1532011725824648
1532011726324661
1532011726824887
1532011727324741
1532011727825197
1532011728324955
1532011728824952
1532011729325180
1532011729825107
1532011730325372
1532011730825277
1532011731325612
1532011731825491
1532011732326132
1532011732825747
1532011733325732
1532011733825894
1532011734326123
1532011734826306
1532011735326337
1532011735826461
1532011736326639
1532011736826720
1532011737326800
1532011737826835
1532011738327874
1532011738826993
1532011739327228
1532011739827339
1532011739827367
1532011740327283
1532011740827343
1532011741327553
1532011741827619
1532011742327834
1532011742827751
1532011743327851
1532011743828023
1532011744328182
1532011744828204
1532011745328105
1532011745828187
1532011746328596
1532011746828417
1532011747329001
1532011747828686
1532011748334609
