1534175864426866
1534175864926947
1534175865427022
1534175865927105
1534175866427178
1534175867427316
1534175868427463
1534175868927547
1534175869427618
1534175870427771
1534175871427924
1534175871928000
1534175872928153
1534175874428378
1534175874928452
1534175876428676
1534175876928747
1534175877428815
1534175877928880
1534175878929036
1534175879429130
1534175879929206
1534175882429564
1534175882929647
1534175883929779
1534175885930085
1534175887430295
1534175889430604
1534175890430753
1534175891430893
1534175892431025
1534175892931091
1534175893431167
1534175895431437
1534175896431586
1534175900432171
1534175900932242
1534175901432312
1534175901932394
1534175902432462
1534175904432758
1534175904932837
1534175905432923
1534175906433067
1534175906933133
1534175908433352
1534175908933428
1534175909933560
1534175910933715
1534175912433939
1534175913934176
1534175914434202
1534175914934287
1534175915434360
1534175916934606
1534175917934754
1534175919434961
1534175919935042
1534175921935337
1534175922435404
1534175922935465
1534175923435537
1534175923935607
1534175924435674
1534175925435818
1534175929436484
1534175930936704
1534175931436769
1534175932436915
1534175933437064
1534175933937166
1534175934937313
1534175939437974
1534175940438114
1534175944438664
1534175944938733
1534175946438961
1534175948439246
1534175948939317
1534175950939597
1534175951939778
1534175952439847
1534175953439984
1534175956440429
1534175956940498
1534175958440706
1534175959940919
1534175961941216
