1534175863927272
1534175863927524
1534175863927628
1534175863928079
1534175863928159
1534175863928218
1534175863928445
1534175863928506
1534175863928659
1534175863928724
1534175863928764
1534175863928829
1534175863928966
1534175864428133
1534175864428248
1534175864428335
1534175864428467
1534175864428667
1534175864428805
1534175864928104
1534175864928204
1534175864928301
1534175864929360
1534175864929494
1534175864929590
1534175865428549
1534175865428754
1534175865428927
1534175865429104
1534175865429288
1534175865429366
1534175865928503
1534175865928888
1534175865928960
1534175865929157
1534175865929356
1534175865929429
1534175866427635
1534175866428193
1534175866428457
1534175866428630
1534175866429138
1534175866429248
1534175866429419
1534175866429500
1534175866927627
1534175866928268
1534175866928585
1534175866928868
1534175866929087
1534175866929209
1534175866929285
1534175867428288
1534175867428481
1534175867428689
1534175867428852
1534175867428989
1534175867429103
1534175867429169
1534175867928675
1534175867928888
1534175867929192
1534175867929442
1534175867929586
1534175867929685
1534175868430301
1534175868430385
1534175868430469
1534175868430547
1534175868430632
1534175868430691
1534175868929313
1534175868929366
1534175868929445
1534175868929541
1534175868929613
1534175868929667
1534175868929681
1534175868929794
1534175869428129
1534175869428248
1534175869428541
1534175869428733
1534175869428886
1534175869429116
1534175869429261
1534175869429341
1534175869429426
1534175869928280
1534175869928392
1534175869928733
1534175869928740
1534175869928751
1534175869928896
1534175869928972
1534175869929094
1534175869929293
1534175869929729
1534175869929809
1534175870428500
1534175870428757
1534175870429011
1534175870429060
1534175870429090
1534175870429323
1534175870429352
1534175870429617
1534175870429752
1534175870429839
1534175870928640
1534175870928899
1534175870929098
1534175870929298
1534175870929577
1534175870929724
1534175870929875
1534175871428668
1534175871428964
1534175871429195
1534175871429492
1534175871429690
1534175871429826
1534175871429924
1534175871430020
1534175871928383
1534175871928505
1534175871928946
1534175871929107
1534175871929178
1534175871929257
1534175871929305
1534175871929738
1534175871929889
1534175871929990
1534175871930366
1534175871930448
1534175872429825
1534175872429964
1534175872430199
1534175872430322
1534175872430442
1534175872430506
1534175872928832
1534175872928975
1534175872929148
1534175872929277
1534175872929393
1534175872929446
1534175872929486
1534175872929515
1534175872929537
1534175873430215
1534175873430313
1534175873430414
1534175873430483
1534175873430598
1534175873430622
1534175873430697
1534175873928769
1534175873928941
1534175873929054
1534175873929215
1534175873929496
1534175873929774
1534175873929967
1534175873930120
1534175873930264
1534175874428969
1534175874429363
1534175874429540
1534175874429675
1534175874430398
1534175874430579
1534175874430702
1534175874430764
1534175874930209
1534175874930502
1534175874930719
1534175874930932
1534175874931021
1534175874931079
1534175875429729
1534175875430373
1534175875430495
1534175875430599
1534175875430783
1534175875430928
1534175875431133
1534175875929774
1534175875930090
1534175875930289
1534175875930485
1534175875930683
1534175875930742
1534175875930821
1534175876429220
1534175876429279
1534175876429668
1534175876429753
1534175876429831
1534175876430546
1534175876430758
1534175876430889
1534175876430997
1534175876930287
1534175876930401
1534175876930579
1534175876930737
1534175876930851
1534175876930923
1534175877429589
1534175877429839
1534175877429861
1534175877429914
1534175877430056
1534175877430082
1534175877430103
1534175877430144
1534175877430197
1534175877430218
1534175877430237
1534175877929589
1534175877929801
1534175877930112
1534175877930231
1534175877930566
1534175877930664
1534175877930763
1534175878429714
1534175878429834
1534175878429930
1534175878430742
1534175878430875
1534175878431077
1534175878431194
1534175878930324
1534175878930569
1534175878930810
1534175878931012
1534175878931208
1534175878931293
1534175878931540
1534175879430310
1534175879430660
1534175879430840
1534175879430996
1534175879431102
1534175879431197
1534175879929962
1534175879930107
1534175879930137
1534175879930202
1534175879930332
1534175879930648
1534175879930778
1534175879930902
1534175879931002
1534175880429941
1534175880430256
1534175880430450
1534175880430625
1534175880430890
1534175880431032
1534175880431135
1534175880930227
1534175880930477
1534175880930606
1534175880930738
1534175880930846
1534175880931051
1534175880931350
1534175880931529
1534175881430071
1534175881430383
1534175881430628
1534175881430947
1534175881431176
1534175881431359
1534175881431458
1534175881930775
1534175881930829
1534175881930902
1534175881931022
1534175881931123
1534175881931197
1534175882430810
1534175882430881
1534175882430983
1534175882431136
1534175882431247
1534175882431299
1534175882930256
1534175882930517
1534175882930871
1534175882931119
1534175882931357
1534175882931432
1534175882931550
1534175883430279
1534175883430352
1534175883430865
1534175883431244
1534175883431424
1534175883431511
1534175883431671
1534175883431765
1534175883930812
1534175883930852
1534175883930919
1534175883931006
1534175883931089
1534175883931122
1534175883931212
1534175884431040
1534175884431179
1534175884431347
1534175884431685
1534175884431765
1534175884431856
1534175884930678
1534175884930910
1534175884931190
1534175884931464
1534175884931670
1534175884931888
1534175884931990
1534175885430518
1534175885431268
1534175885431406
1534175885431657
1534175885431738
1534175885431873
1534175885432057
1534175885432167
1534175885432293
1534175885930814
1534175885930827
1534175885931026
1534175885931084
1534175885931306
1534175885931557
1534175885931708
1534175885931929
1534175886430720
1534175886431151
1534175886431572
1534175886431859
1534175886432109
1534175886432194
1534175886432295
1534175886930995
1534175886931181
1534175886931359
1534175886931482
1534175886931563
1534175886931655
1534175886931686
1534175886931754
1534175887431691
1534175887431733
1534175887431818
1534175887431917
1534175887431998
1534175887432051
1534175887930985
1534175887931208
1534175887931356
1534175887931460
1534175887931533
1534175887931613
1534175887931648
1534175887932323
1534175887932364
1534175888432007
1534175888433032
1534175888433120
1534175888433223
1534175888433249
1534175888433343
1534175888433429
1534175888932434
1534175888932838
1534175888932956
1534175888933117
1534175888933191
1534175888933283
1534175889431232
1534175889431376
1534175889431616
1534175889431761
1534175889431914
1534175889432043
1534175889432142
1534175889931088
1534175889931583
1534175889931892
1534175889932162
1534175889932306
1534175889932469
1534175889932562
1534175890431611
1534175890431852
1534175890431988
1534175890432358
1534175890432586
1534175890432638
1534175890432720
1534175890932131
1534175890932297
1534175890932483
1534175890932677
1534175890932818
1534175890932922
1534175891431594
1534175891431816
1534175891432113
1534175891432256
1534175891432391
1534175891432480
1534175891932184
1534175891932286
1534175891932501
1534175891932761
1534175891932784
1534175891932840
1534175891932935
1534175892431967
1534175892432204
1534175892432566
1534175892432965
1534175892433225
1534175892433473
1534175892433585
1534175892932808
1534175892932909
1534175892933026
1534175892933253
1534175892933364
1534175892933477
1534175893431813
1534175893432129
1534175893432413
1534175893432663
1534175893432850
1534175893433007
1534175893433100
1534175893932536
1534175893933056
1534175893933168
1534175893933290
1534175893933389
1534175893933436
1534175894432517
1534175894432683
1534175894432952
1534175894433162
1534175894433249
1534175894433311
1534175894932023
1534175894932137
1534175894932327
1534175894932562
1534175894932763
1534175894932964
1534175894933216
1534175894933356
1534175895432871
1534175895433047
1534175895433251
1534175895433398
1534175895433492
1534175895433557
1534175895433589
1534175895933331
1534175895933401
1534175895933500
1534175895933601
1534175895933696
1534175895934144
1534175895934201
1534175896432305
1534175896433048
1534175896433328
1534175896433610
1534175896433852
1534175896434014
1534175896434138
1534175896932501
1534175896932745
1534175896933088
1534175896933167
1534175896933278
1534175896933585
1534175896933707
1534175897432647
1534175897432884
1534175897433188
1534175897433470
1534175897433679
1534175897433808
1534175897433886
1534175897932362
1534175897932616
1534175897932772
1534175897932827
1534175897933065
1534175897933454
1534175897933585
1534175897933819
1534175897933923
1534175898432602
1534175898432764
1534175898433144
1534175898433456
1534175898433682
1534175898433815
1534175898932703
1534175898933088
1534175898933305
1534175898933577
1534175898933817
1534175898933955
1534175898934025
1534175899432589
1534175899432844
1534175899433057
1534175899433397
1534175899433636
1534175899433848
1534175899433983
1534175899932682
1534175899932883
1534175899933020
1534175899933255
1534175899933590
1534175899933787
1534175899933951
1534175899934090
1534175900433044
1534175900433349
1534175900433625
1534175900433798
1534175900433947
1534175900434112
1534175900932968
1534175900933224
1534175900933436
1534175900933540
1534175900933727
1534175900933817
1534175900933964
1534175900933992
1534175900934017
1534175901433785
1534175901433920
1534175901434139
1534175901434261
1534175901434421
1534175901434441
1534175901434446
1534175901434458
1534175901933530
1534175901933655
1534175901933884
1534175901934111
1534175901934288
1534175901934431
1534175902434914
1534175902434974
1534175902435031
1534175902435139
1534175902435255
1534175902435323
1534175902933138
1534175902933317
1534175902933481
1534175902933656
1534175902933787
1534175902933875
1534175902933967
1534175902934484
1534175902934571
1534175903433892
1534175903434583
1534175903434646
1534175903434753
1534175903434867
1534175903434946
1534175903934089
1534175903934259
1534175903934483
1534175903934711
1534175903934798
1534175903934881
1534175904433240
1534175904433529
1534175904433941
1534175904434312
1534175904434479
1534175904434576
1534175904434647
1534175904933721
1534175904934016
1534175904934173
1534175904934262
1534175904934314
1534175904934446
1534175904934540
1534175905434033
1534175905434228
1534175905434437
1534175905434708
1534175905434917
1534175905435050
1534175905933650
1534175905933907
1534175905934117
1534175905934548
1534175905934697
1534175905934815
1534175905934905
1534175906434763
1534175906434892
1534175906435182
1534175906435328
1534175906435436
1534175906435491
1534175906933970
1534175906934066
1534175906934319
1534175906934538
1534175906934680
1534175906934850
1534175906934983
1534175907433745
1534175907433757
1534175907434421
1534175907434573
1534175907434775
1534175907434997
1534175907435116
1534175907435267
1534175907934159
1534175907934207
1534175907934473
1534175907934589
1534175907934669
1534175907934717
1534175907934892
1534175907935286
1534175908433807
1534175908434412
1534175908434650
1534175908434877
1534175908435056
1534175908435210
1534175908435311
1534175908435405
1534175908934579
1534175908934630
1534175908934742
1534175908934934
1534175908935093
1534175908935212
1534175908935320
1534175909433973
1534175909434050
1534175909434479
1534175909434598
1534175909434794
1534175909435080
1534175909435137
1534175909435195
1534175909435313
1534175909435916
1534175909436017
1534175909935301
1534175909935494
1534175909935851
1534175909936010
1534175909936124
1534175909936284
1534175910434386
1534175910434592
1534175910434942
1534175910435220
1534175910435436
1534175910435524
1534175910435676
1534175910934916
1534175910934974
1534175910935051
1534175910935145
1534175910935209
1534175910935249
1534175910935351
1534175911435832
1534175911435900
1534175911436080
1534175911436226
1534175911436288
1534175911436313
1534175911436320
1534175911436453
1534175911934369
1534175911934559
1534175911934729
1534175911934799
1534175911934953
1534175911935402
1534175911935688
1534175911935854
1534175911935986
1534175912434494
1534175912434549
1534175912434638
1534175912435210
1534175912435477
1534175912435615
1534175912435710
1534175912435876
1534175912934979
1534175912935223
1534175912935525
1534175912935631
1534175912935783
1534175912935907
1534175912935995
1534175913435224
1534175913435412
1534175913435558
1534175913435642
1534175913435914
1534175913435970
1534175913934775
1534175913934989
1534175913935223
1534175913935461
1534175913935590
1534175913935664
1534175913935739
1534175913936322
1534175913936450
1534175914434783
1534175914435076
1534175914435278
1534175914435455
1534175914435587
1534175914435849
1534175914435985
1534175914436228
1534175914934792
1534175914935814
1534175914935994
1534175914936343
1534175914936668
1534175914936748
1534175914936888
1534175914936903
1534175914937038
1534175914937066
1534175915434802
1534175915434893
1534175915435108
1534175915435216
1534175915435241
1534175915435246
1534175915435259
1534175915435954
1534175915436156
1534175915436241
1534175915436264
1534175915436385
1534175915934847
1534175915935092
1534175915935154
1534175915935576
1534175915936395
1534175915936510
1534175915936687
1534175915936819
1534175916435026
1534175916435124
1534175916435252
1534175916435359
1534175916436238
1534175916436357
1534175916436508
1534175916436612
1534175916935760
1534175916935921
1534175916936195
1534175916936373
1534175916936527
1534175916936657
1534175917435072
1534175917435214
1534175917435526
1534175917435909
1534175917436041
1534175917436124
1534175917436185
1534175917436338
1534175917436865
1534175917436876
1534175917935473
1534175917935928
1534175917936122
1534175917936326
1534175917936437
1534175917936581
1534175918435398
1534175918435473
1534175918435922
1534175918436096
1534175918436142
1534175918436572
1534175918436670
1534175918436726
1534175918436788
1534175918935276
1534175918935322
1534175918935868
1534175918936021
1534175918936283
1534175918936589
1534175918936841
1534175918937015
1534175919435604
1534175919435898
1534175919436012
1534175919436182
1534175919436293
1534175919436408
1534175919437088
1534175919437115
1534175919935707
1534175919935911
1534175919936246
1534175919936392
1534175919936683
1534175919936850
1534175919937012
1534175920435986
1534175920436116
1534175920436383
1534175920436548
1534175920436705
1534175920436887
1534175920437023
1534175920935823
1534175920936027
1534175920937055
1534175920937141
1534175920937247
1534175920937340
1534175920937363
1534175920937368
1534175920937381
1534175921436638
1534175921436826
1534175921436977
1534175921437186
1534175921437339
1534175921437462
1534175921937573
1534175921937886
1534175921938147
1534175921938222
1534175921938322
1534175921938380
1534175922436710
1534175922437102
1534175922437159
1534175922437236
1534175922437418
1534175922437466
1534175922437800
1534175922437814
1534175922438019
1534175922438076
1534175922438265
1534175922935916
1534175922936058
1534175922936175
1534175922936313
1534175922936402
1534175922936861
1534175922937023
1534175922937185
1534175922937311
1534175922937539
1534175923435961
1534175923436240
1534175923436348
1534175923436529
1534175923436918
1534175923437249
1534175923437438
1534175923437541
1534175923936327
1534175923936604
1534175923936857
1534175923937202
1534175923937454
1534175923937648
1534175923937726
1534175924437697
1534175924437835
1534175924437947
1534175924438066
1534175924438216
1534175924438424
1534175924936639
1534175924936722
1534175924936820
1534175924936999
1534175924937135
1534175924937240
1534175924937324
1534175924937366
1534175924937421
1534175925436290
1534175925436442
1534175925436536
1534175925436586
1534175925436727
1534175925436870
1534175925437302
1534175925437527
1534175925437744
1534175925437936
1534175925936451
1534175925937060
1534175925937385
1534175925937611
1534175925937811
1534175925937932
1534175925937996
1534175926437015
1534175926437650
1534175926437830
1534175926438069
1534175926438101
1534175926438221
1534175926438387
1534175926936854
1534175926936865
1534175926936884
1534175926937347
1534175926937437
1534175926937482
1534175926937574
1534175926937652
1534175927436592
1534175927437558
1534175927437777
1534175927437997
1534175927438159
1534175927438296
1534175927438397
1534175927936755
1534175927937095
1534175927937375
1534175927937691
1534175927937890
1534175927938134
1534175927938310
1534175928436926
1534175928437048
1534175928437701
1534175928437985
1534175928438131
1534175928438258
1534175928438385
1534175928937631
1534175928937762
1534175928937964
1534175928938075
1534175928938317
1534175928938431
1534175929438118
1534175929438165
1534175929438243
1534175929438334
1534175929438423
1534175929438482
1534175929937419
1534175929937792
1534175929938063
1534175929938216
1534175929938483
1534175929938664
1534175929939026
1534175929939147
1534175930437066
1534175930437339
1534175930437485
1534175930437549
1534175930438224
1534175930438508
1534175930438808
1534175930438833
1534175930439028
1534175930439109
1534175930439130
1534175930937885
1534175930937980
1534175930938106
1534175930938243
1534175930938381
1534175930938466
1534175931437413
1534175931437558
1534175931437869
1534175931438086
1534175931438306
1534175931438605
1534175931438792
1534175931937363
1534175931937424
1534175931937777
1534175931937920
1534175931938020
1534175931938941
1534175931938989
1534175931939048
1534175931939105
1534175931939157
1534175932437684
1534175932437902
1534175932437926
1534175932438147
1534175932438438
1534175932438564
1534175932438703
1534175932937484
1534175932937577
1534175932937845
1534175932937973
1534175932938571
1534175932938754
1534175932938894
1534175932939118
1534175932939212
1534175932939330
1534175932939363
1534175933437870
1534175933438199
1534175933438355
1534175933438482
1534175933438624
1534175933438779
1534175933438894
1534175933937953
1534175933938304
1534175933938510
1534175933938825
1534175933939051
1534175933939223
1534175933939329
1534175934438249
1534175934439365
1534175934439465
1534175934439563
1534175934439715
1534175934439757
1534175934938863
1534175934938971
1534175934939209
1534175934939231
1534175934939373
1534175934939472
1534175934939513
1534175934939526
1534175935438003
1534175935438228
1534175935438511
1534175935438744
1534175935439036
1534175935439356
1534175935439410
1534175935938164
1534175935938419
1534175935938658
1534175935938997
1534175935939178
1534175935939267
1534175935939336
1534175936438447
1534175936438623
1534175936438843
1534175936438958
1534175936439031
1534175936439119
1534175936938493
1534175936938760
1534175936938977
1534175936938999
1534175936939155
1534175936939345
1534175936939570
1534175936939648
1534175937439387
1534175937439972
1534175937440178
1534175937440254
1534175937440405
1534175937440487
1534175937939149
1534175937939248
1534175937939404
1534175937939729
1534175937939873
1534175937940080
1534175937940166
1534175938438806
1534175938438971
1534175938439174
1534175938439338
1534175938439393
1534175938439502
1534175938938901
1534175938939110
1534175938939349
1534175938939535
1534175938939764
1534175938939850
1534175938939911
1534175939440018
1534175939440249
1534175939440409
1534175939440506
1534175939440610
1534175939440696
1534175939938863
1534175939939232
1534175939939621
1534175939939909
1534175939940079
1534175939940197
1534175939940263
1534175940438794
1534175940439187
1534175940439332
1534175940439502
1534175940439652
1534175940439737
1534175940439832
1534175940939687
1534175940939833
1534175940940014
1534175940940185
1534175940940326
1534175940940452
1534175941438876
1534175941439532
1534175941439833
1534175941440035
1534175941440196
1534175941440279
1534175941440414
1534175941941238
1534175941941303
1534175941941368
1534175941941445
1534175941941489
1534175941941871
1534175942438943
1534175942439159
1534175942439530
1534175942439770
1534175942439960
1534175942440113
1534175942440176
1534175942939614
1534175942940237
1534175942940735
1534175942940834
1534175942940912
1534175942941238
1534175942941271
1534175942941341
1534175943439752
1534175943440047
1534175943440198
1534175943440322
1534175943440509
1534175943440632
1534175943939129
1534175943939282
1534175943939429
1534175943939544
1534175943939647
1534175943939672
1534175943939709
1534175943939749
1534175944439789
1534175944440192
1534175944440486
1534175944440551
1534175944440693
1534175944440741
1534175944440764
1534175944940287
1534175944940504
1534175944940684
1534175944940844
1534175944941056
1534175944941172
1534175945439496
1534175945439697
1534175945439988
1534175945440250
1534175945440506
1534175945440697
1534175945440757
1534175945939633
1534175945939675
1534175945939925
1534175945940079
1534175945940371
1534175945940523
1534175945940638
1534175946440167
1534175946440624
1534175946440737
1534175946440826
1534175946440923
1534175946441061
1534175946940430
1534175946940528
1534175946940660
1534175946940822
1534175946940983
1534175946941091
1534175947439562
1534175947439752
1534175947439850
1534175947440383
1534175947440545
1534175947440670
1534175947440855
1534175947440909
1534175947940346
1534175947940469
1534175947940621
1534175947940864
1534175947941328
1534175947941481
1534175947941585
1534175947941699
1534175948439980
1534175948440718
1534175948440899
1534175948441129
1534175948441321
1534175948441516
1534175948441539
1534175948441628
1534175948441682
1534175948940574
1534175948940784
1534175948940922
1534175948941030
1534175948941139
1534175948941164
1534175948941222
1534175949440389
1534175949440664
1534175949440756
1534175949440862
1534175949441787
1534175949441823
1534175949441987
1534175949442062
1534175949940890
1534175949940968
1534175949941095
1534175949941320
1534175949941493
1534175949941643
1534175950439990
1534175950440147
1534175950440321
1534175950440438
1534175950440545
1534175950440914
1534175950441127
1534175950441294
1534175950441428
1534175950940484
1534175950940640
1534175950940988
1534175950941216
1534175950941348
1534175950941487
1534175950941545
1534175951441321
1534175951441480
1534175951441658
1534175951441792
1534175951441900
1534175951441966
1534175951940433
1534175951940768
1534175951940969
1534175951941341
1534175951941463
1534175951941485
1534175951941595
1534175951941707
1534175952440925
1534175952441187
1534175952441407
1534175952441610
1534175952441675
1534175952442143
1534175952442270
1534175952442412
1534175952442498
1534175952442593
1534175952940776
1534175952941186
1534175952941372
1534175952941545
1534175952941700
1534175952941776
1534175953440652
1534175953440842
1534175953441181
1534175953441436
1534175953441640
1534175953441727
1534175953441807
1534175953940575
1534175953940722
1534175953940773
1534175953941061
1534175953941257
1534175953941382
1534175953941478
1534175953941529
1534175953942015
1534175953942132
1534175954441350
1534175954441506
1534175954441639
1534175954441702
1534175954441888
1534175954441982
1534175954442051
1534175954442122
1534175954442203
1534175954940680
1534175954940789
1534175954940912
1534175954941064
1534175954941355
1534175954941526
1534175954941733
1534175954941909
1534175954942124
1534175955440982
1534175955441193
1534175955441598
1534175955441792
1534175955441900
1534175955442084
1534175955442174
1534175955940950
1534175955941097
1534175955941550
1534175955941920
1534175955942082
1534175955942256
1534175955942355
1534175956441726
1534175956442323
1534175956442435
1534175956442577
1534175956442763
1534175956442883
1534175956442978
1534175956941097
1534175956941498
1534175956941662
1534175956941840
1534175956942120
1534175956942333
1534175956942418
1534175957442627
1534175957443033
1534175957443127
1534175957443183
1534175957443241
1534175957443320
1534175957942026
1534175957942244
1534175957942592
1534175957942748
1534175957942847
1534175957942917
1534175958441574
1534175958441840
1534175958442031
1534175958442267
1534175958442496
1534175958442642
1534175958442773
1534175958941681
1534175958942054
1534175958942409
1534175958942713
1534175958942931
1534175958943073
1534175958943156
1534175959442732
1534175959443253
1534175959443305
1534175959443383
1534175959443503
1534175959443599
1534175959941480
1534175959941670
1534175959941987
1534175959942098
1534175959942218
1534175959942449
1534175959942552
1534175959942684
1534175959942816
1534175959942860
1534175960441702
1534175960442345
1534175960442543
1534175960442675
1534175960442811
1534175960442951
1534175960443041
1534175960941976
1534175960942292
1534175960942397
1534175960942505
1534175960942673
1534175960942762
1534175960942815
1534175960943104
1534175961442652
1534175961442778
1534175961442904
1534175961442982
1534175961443093
1534175961443156
1534175961941769
1534175961941987
1534175961942174
1534175961942438
1534175961942570
1534175961942803
1534175961942961
1534175962443283
1534175962443328
1534175962443470
1534175962443567
1534175962443638
1534175962443696
1534175962443861
1534175962942226
1534175962942457
1534175962942793
1534175962943064
1534175962943254
1534175962943400
1534175962943499
