1534175864428996
1534175864928706
1534175865429347
1534175865929296
1534175866429578
1534175866929152
1534175867429989
1534175868430903
1534175868929964
1534175869429218
1534175870429460
1534175871430195
1534175871929171
1534175872430555
1534175872930235
1534175873431419
1534175874429931
1534175874930816
1534175876430735
1534175876931033
1534175877430978
1534175877930794
1534175878931332
1534175879431152
1534175879931078
1534175882431507
1534175882931447
1534175883931776
1534175884432032
1534175884933832
1534175885931999
1534175886932227
1534175887432320
1534175889432842
1534175890432597
1534175890932934
1534175891433530
1534175891933195
1534175892432925
1534175892933504
1534175893433129
1534175895433556
1534175896434033
1534175899935286
1534175900434122
1534175900934260
1534175901434933
1534175901934283
1534175902435756
1534175902935127
1534175903934905
1534175904434398
1534175904935293
1534175905434962
1534175906435555
1534175906934710
1534175908435304
1534175908935440
1534175909936047
1534175910435988
1534175910935989
1534175912436107
1534175913935706
1534175914436221
1534175914936540
1534175915435874
1534175916936650
1534175917936403
1534175919436805
1534175919936952
1534175921938109
1534175922438834
1534175922937347
1534175923437579
1534175923938278
1534175924438601
1534175925437510
1534175929439193
1534175930902084
1534175930938559
1534175931438871
1534175932438860
1534175933439345
1534175933939216
1534175934939595
1534175936939537
1534175939440586
1534175940440517
1534175942440536
1534175944440688
1534175944941125
1534175946441089
1534175948441642
1534175948941327
1534175950440983
1534175950941275
1534175951441990
1534175951941825
1534175952441983
1534175952941909
1534175953441956
1534175953942338
1534175956442983
1534175956942334
1534175958442756
1534175959943381
1534175961942951
1534175962443825
