1532000697384629
1532000697884909
1532000698384689
1532000698884552
1532000699384584
1532000699884920
1532000700384856
1532000700884774
1532000701385738
1532000701885024
1532000702385228
1532000702885581
1532000703385571
1532000703885444
1532000704386911
1532000704885681
1532000705385777
1532000705885869
1532000706386636
1532000706886083
1532000707386097
1532000707886392
1532000708386402
1532000708886622
1532000709386459
1532000709886646
1532000710386589
1532000710887261
1532000711386902
1532000711887176
1532000712386951
1532000712887457
1532000713387232
1532000713887515
1532000714387431
1532000714887583
1532000715387688
1532000715888468
1532000716388088
1532000716888149
1532000717388484
1532000717889079
1532000718388975
1532000718888743
1532000719388584
1532000719888993
1532000720388936
1532000720888978
1532000721389279
1532000721889211
1532000722389122
1532000722889408
1532000723389326
1532000723889637
1532000724389950
1532000724889696
1532000725390282
1532000725890240
1532000726390001
1532000726891526
1532000727391146
1532000727890964
1532000728391707
1532000728891869
1532000729391736
1532000729891730
1532000730392752
1532000730892427
1532000731393918
1532000731892192
1532000732392123
1532000732893170
1532000733392569
1532000733892586
1532000734393082
1532000734893105
1532000735392968
1532000735893083
1532000736393308
1532000736893596
1532000737393248
1532000737893392
1532000738394423
1532000738893933
1532000739393789
1532000739894072
1532000740394794
1532000740894451
1532000741394704
1532000741894498
1532000742394764
1532000742895841
1532000743395112
1532000743894984
1532000744395326
1532000744895126
1532000745395438
1532000745895703
1532000746395418
1532000746896282
1532000747396178
1532000747896118
1532000748396735
1532000748897142
1532000749396957
1532000749896811
1532000750398141
1532000750897120
1532000751397635
1532000751898547
1532000752397635
1532000752898835
1532000753397561
1532000753898068
1532000754397701
1532000754898666
1532000755399193
1532000755899510
1532000756648979
1532000756899289
1532000757399578
1532000757901205
1532000758398975
1532000758900534
1532000759399360
1532000759900000
1532000760399970
1532000760900242
1532000761400388
1532000761900292
1532000762400231
1532000762901048
1532000763400826
1532000763901569
1532000764403683
1532000764900849
1532000765400906
1532000765901244
1532000766401580
1532000766902648
1532000767401877
1532000767901555
1532000768401370
1532000768904585
1532000769401985
1532000769902431
1532000770402885
1532000770902404
1532000771402164
1532000771902754
1532000772404453
1532000772903516
1532000773403339
1532000773904251
1532000774403118
1532000774904279
1532000775405020
1532000775906733
1532000776404616
1532000776904573
1532000777405257
1532000777904962
1532000778404539
1532000778904795
1532000779406018
1532000779905205
1532000780406047
1532000780905425
1532000781405859
1532000781905526
1532000782405576
1532000782906702
1532000783406952
1532000783906658
1532000784406451
1532000784907502
1532000785406906
1532000785907538
1532000786406868
1532000786907295
1532000787406933
1532000787907273
1532000788408716
1532000788913162
1532000789407514
1532000789908194
1532000790408706
1532000790907659
1532000791408228
1532000791908667
1532000792409156
1532000792909630
1532000793409926
1532000793911004
1532000794409744
1532000794910279
1532000795411232
1532000795910092
1532000796410649
