1531849136439453
1531849136939531
1531849137439602
1531849137939693
1531849138439771
1531849138939852
1531849139439930
1531849139940000
1531849140440071
1531849140940142
1531849141440219
1531849141940301
1531849142440377
1531849142940458
1531849143440535
1531849143940610
1531849144440682
1531849144940767
1531849145440846
1531849145940917
1531849146440986
1531849146941057
1531849147441129
1531849147941209
1531849148441282
1531849148941352
1531849149441429
1531849149941505
1531849150441580
1531849150941654
1531849151441735
1531849151941811
1531849152441886
1531849152941967
1531849153442043
1531849153942126
1531849154442199
1531849154942269
1531849155442343
1531849155942418
1531849156442495
1531849156942565
1531849157442648
1531849157942734
1531849158442807
1531849158942880
1531849159442954
1531849159943027
1531849160443109
1531849160943197
1531849161443276
1531849161943351
1531849162443424
1531849162943507
1531849163443588
1531849163943658
1531849164443730
1531849164943803
1531849165443885
1531849165943965
1531849166444041
1531849166944121
1531849167444198
1531849167944424
1531849168444495
1531849168944568
1531849169444643
1531849169944717
1531849170444807
1531849170944882
1531849171444963
1531849171945052
1531849172445130
1531849172945604
1531849173445680
1531849173945762
1531849174445841
1531849174945915
1531849175445987
1531849175946062
1531849176446137
1531849176946208
1531849177446289
1531849177946530
1531849178446615
1531849178946690
1531849179446764
1531849179946838
1531849180446916
1531849180946991
1531849181447063
1531849181947202
1531849182447284
1531849182947366
1531849183447446
1531849183947545
1531849184447622
1531849184947799
1531849185447876
1531849185947967
1531849186448047
1531849186948121
1531849187448202
1531849187948281
1531849188448369
1531849189448521
1531849189948595
1531849190448685
1531849190948757
1531849191448831
1531849191948906
1531849192448985
1531849192949063
1531849193449138
1531849193949219
1531849194449299
1531849194949374
1531849195449452
1531849195949532
1531849196449615
1531849196949703
1531849197449782
1531849198449936
1531849198949986
1531849199450059
1531849199950131
1531849200450225
1531849200950299
1531849201450375
1531849201950451
1531849202450530
1531849202950620
1531849203450704
1531849203950789
1531849204450864
1531849204950948
1531849205451031
1531849205951105
1531849206451178
1531849206951265
1531849207451341
1531849207951421
1531849208451495
1531849208951578
1531849209451660
1531849209951751
1531849210451846
1531849210951921
1531849211452000
1531849211952076
1531849212452150
1531849212952235
1531849213452313
1531849213952394
1531849214452485
1531849214952596
1531849215452676
1531849215952758
1531849216452837
1531849216952911
1531849217452983
1531849217953063
1531849218453273
1531849218953353
1531849219453426
1531849219953514
1531849220453608
1531849220953682
1531849221453752
1531849221953839
1531849222453921
1531849222953988
1531849223454061
1531849223954134
1531849224454223
1531849224954294
1531849225454372
1531849225954455
1531849226454534
1531849226954610
1531849227454690
1531849227954775
1531849228454851
1531849228954926
1531849229455000
1531849229955081
1531849230455159
1531849230955234
1531849231455306
1531849231955383
1531849232455461
1531849232955537
1531849233455609
1531849233955726
1531849234455802
1531849234955885
1531849235455971
