1531849136440023
1531849136440059
1531849136440068
1531849136440076
1531849136440081
1531849136440088
1531849136440093
1531849136440100
1531849136940030
1531849136940049
1531849136940061
1531849136940071
1531849136940076
1531849136940082
1531849136940089
1531849136940100
1531849137440054
1531849137440073
1531849137440090
1531849137440098
1531849137440105
1531849137440111
1531849137440116
1531849137440126
1531849137940129
1531849137940149
1531849137940166
1531849137940177
1531849137940184
1531849137940191
1531849137940197
1531849137940209
1531849138440227
1531849138440242
1531849138440248
1531849138440257
1531849138440263
1531849138440268
1531849138440275
1531849138440282
1531849138940200
1531849138940221
1531849138940229
1531849138940238
1531849138940248
1531849138940255
1531849138940261
1531849138940273
1531849139440274
1531849139440292
1531849139440307
1531849139440313
1531849139440318
1531849139440326
1531849139440331
1531849139440338
1531849139940354
1531849139940369
1531849139940377
1531849139940388
1531849139940394
1531849139940400
1531849139940408
1531849139940416
1531849140440414
1531849140440427
1531849140440433
1531849140440443
1531849140440449
1531849140440454
1531849140440460
1531849140440467
1531849140940458
1531849140940475
1531849140940481
1531849140940492
1531849140940498
1531849140940504
1531849140940509
1531849140940526
1531849141440606
1531849141440619
1531849141440626
1531849141440631
1531849141440638
1531849141440643
1531849141440649
1531849141440656
1531849141940709
1531849141940728
1531849141940735
1531849141940741
1531849141940747
1531849141940752
1531849141940757
1531849141940765
1531849142440743
1531849142440758
1531849142440765
1531849142440770
1531849142440775
1531849142440781
1531849142440786
1531849142440793
1531849142940772
1531849142940793
1531849142940799
1531849142940808
1531849142940814
1531849142940819
1531849142940824
1531849142940831
1531849143440882
1531849143440898
1531849143440904
1531849143440909
1531849143440917
1531849143440922
1531849143440928
1531849143440935
1531849143940945
1531849143940960
1531849143940967
1531849143940972
1531849143940978
1531849143940984
1531849143940989
1531849143940997
1531849144440977
1531849144440995
1531849144441001
1531849144441006
1531849144441012
1531849144441017
1531849144441023
1531849144441030
1531849144941067
1531849144941082
1531849144941088
1531849144941094
1531849144941099
1531849144941104
1531849144941112
1531849144941119
1531849145441180
1531849145441195
1531849145441204
1531849145441209
1531849145441215
1531849145441223
1531849145441228
1531849145441235
1531849145941262
1531849145941279
1531849145941287
1531849145941293
1531849145941298
1531849145941304
1531849145941310
1531849145941317
1531849146441367
1531849146441382
1531849146441388
1531849146441393
1531849146441399
1531849146441405
1531849146441410
1531849146441418
1531849146941366
1531849146941381
1531849146941388
1531849146941394
1531849146941400
1531849146941405
1531849146941411
1531849146941417
1531849146941463
1531849147441487
1531849147441500
1531849147441506
1531849147441512
1531849147441518
1531849147441523
1531849147441528
1531849147441535
1531849147941560
1531849147941576
1531849147941582
1531849147941588
1531849147941593
1531849147941599
1531849147941604
1531849147941612
1531849148441666
1531849148441682
1531849148441688
1531849148441693
1531849148441698
1531849148441704
1531849148441709
1531849148441716
1531849148941675
1531849148941694
1531849148941704
1531849148941715
1531849148941721
1531849148941726
1531849148941734
1531849148941742
1531849149441800
1531849149441816
1531849149441823
1531849149441828
1531849149441834
1531849149441839
1531849149441845
1531849149441852
1531849149941851
1531849149941867
1531849149941873
1531849149941879
1531849149941884
1531849149941890
1531849149941895
1531849149941903
1531849150441930
1531849150441952
1531849150441960
1531849150441966
1531849150441971
1531849150441982
1531849150441988
1531849150441995
1531849150942067
1531849150942084
1531849150942091
1531849150942097
1531849150942103
1531849150942109
1531849150942114
1531849150942123
1531849151442046
1531849151442061
1531849151442067
1531849151442073
1531849151442078
1531849151442083
1531849151442088
1531849151442096
1531849151942155
1531849151942169
1531849151942176
1531849151942187
1531849151942195
1531849151942201
1531849151942207
1531849151942214
1531849152442241
1531849152442258
1531849152442264
1531849152442270
1531849152442275
1531849152442281
1531849152442287
1531849152442293
1531849152942349
1531849152942375
1531849152942381
1531849152942387
1531849152942392
1531849152942398
1531849152942405
1531849152942411
1531849153442407
1531849153442424
1531849153442431
1531849153442436
1531849153442441
1531849153442446
1531849153442452
1531849153442460
1531849153942519
1531849153942539
1531849153942546
1531849153942551
1531849153942556
1531849153942562
1531849153942567
1531849153942574
1531849154442531
1531849154442545
1531849154442552
1531849154442557
1531849154442562
1531849154442567
1531849154442573
1531849154442580
1531849154942615
1531849154942635
1531849154942642
1531849154942648
1531849154942654
1531849154942660
1531849154942667
1531849154942674
1531849155442691
1531849155442705
1531849155442712
1531849155442717
1531849155442723
1531849155442728
1531849155442733
1531849155442740
1531849155942766
1531849155942782
1531849155942788
1531849155942794
1531849155942799
1531849155942805
1531849155942810
1531849155942819
1531849156442877
1531849156442892
1531849156442898
1531849156442904
1531849156442909
1531849156442914
1531849156442921
1531849156442929
1531849156942888
1531849156942900
1531849156942907
1531849156942912
1531849156942918
1531849156942923
1531849156942929
1531849156942936
1531849157443060
1531849157443077
1531849157443084
1531849157443089
1531849157443094
1531849157443100
1531849157443105
1531849157443113
1531849157943092
1531849157943111
1531849157943122
1531849157943128
1531849157943134
1531849157943139
1531849157943144
1531849157943151
1531849158443159
1531849158443178
1531849158443185
1531849158443191
1531849158443197
1531849158443202
1531849158443209
1531849158443217
1531849158943250
1531849158943266
1531849158943272
1531849158943278
1531849158943284
1531849158943293
1531849158943299
1531849158943307
1531849159443364
1531849159443382
1531849159443388
1531849159443394
1531849159443400
1531849159443408
1531849159443414
1531849159443421
1531849159943356
1531849159943371
1531849159943383
1531849159943389
1531849159943395
1531849159943401
1531849159943407
1531849159943414
1531849160443688
1531849160443707
1531849160443714
1531849160443720
1531849160443726
1531849160443732
1531849160443737
1531849160443744
1531849160943688
1531849160943706
1531849160943713
1531849160943723
1531849160943728
1531849160943734
1531849160943740
1531849160943747
1531849161443709
1531849161443730
1531849161443737
1531849161443745
1531849161443751
1531849161443757
1531849161443763
1531849161443770
1531849161943768
1531849161943786
1531849161943793
1531849161943799
1531849161943805
1531849161943811
1531849161943817
1531849161943827
1531849162443818
1531849162443836
1531849162443845
1531849162443856
1531849162443862
1531849162443868
1531849162443874
1531849162443883
1531849162943814
1531849162943831
1531849162943838
1531849162943844
1531849162943849
1531849162943855
1531849162943861
1531849162943869
1531849163443941
1531849163443959
1531849163443966
1531849163443971
1531849163443978
1531849163443984
1531849163443990
1531849163443997
1531849163943964
1531849163943986
1531849163943996
1531849163944003
1531849163944008
1531849163944014
1531849163944020
1531849163944028
1531849164444085
1531849164444104
1531849164444112
1531849164444118
1531849164444126
1531849164444132
1531849164444139
1531849164444148
1531849164944191
1531849164944210
1531849164944217
1531849164944224
1531849164944231
1531849164944237
1531849164944243
1531849164944252
1531849165444377
1531849165444398
1531849165444406
1531849165444430
1531849165444438
1531849165444444
1531849165444451
1531849165444464
1531849165944389
1531849165944408
1531849165944416
1531849165944423
1531849165944429
1531849165944436
1531849165944449
1531849165944458
1531849166444487
1531849166444518
1531849166444526
1531849166444532
1531849166444549
1531849166444557
1531849166444570
1531849166444578
1531849166944469
1531849166944484
1531849166944491
1531849166944497
1531849166944503
1531849166944509
1531849166944515
1531849166944523
1531849167444619
1531849167444641
1531849167444649
1531849167444655
1531849167444661
1531849167444667
1531849167444673
1531849167444681
1531849167946018
1531849167946052
1531849167946064
1531849167946075
1531849167946086
1531849167946096
1531849167946107
1531849167946122
1531849168444885
1531849168444900
1531849168444906
1531849168444912
1531849168444918
1531849168444924
1531849168444930
1531849168444937
1531849168944976
1531849168944992
1531849168944999
1531849168945005
1531849168945010
1531849168945016
1531849168945029
1531849168945038
1531849169445035
1531849169445054
1531849169445061
1531849169445067
1531849169445073
1531849169445079
1531849169445084
1531849169445092
1531849169945156
1531849169945173
1531849169945180
1531849169945186
1531849169945193
1531849169945209
1531849169945216
1531849169945224
1531849170445221
1531849170445240
1531849170445246
1531849170445253
1531849170445259
1531849170445266
1531849170445272
1531849170445280
1531849170945396
1531849170945416
1531849170945427
1531849170945440
1531849170945448
1531849170945454
1531849170945460
1531849170945470
1531849171445355
1531849171445369
1531849171445377
1531849171445384
1531849171445390
1531849171445396
1531849171445403
1531849171445411
1531849171945409
1531849171945425
1531849171945433
1531849171945439
1531849171945445
1531849171945451
1531849171945457
1531849171945464
1531849172445520
1531849172445540
1531849172445547
1531849172445560
1531849172445566
1531849172445573
1531849172445583
1531849172445592
1531849172947648
1531849172947669
1531849172947677
1531849172947689
1531849172947696
1531849172947702
1531849172947711
1531849172947719
1531849173446125
1531849173446143
1531849173446151
1531849173446157
1531849173446162
1531849173446168
1531849173446174
1531849173446182
1531849173946202
1531849173946222
1531849173946230
1531849173946236
1531849173946242
1531849173946248
1531849173946254
1531849173946263
1531849174446264
1531849174446281
1531849174446288
1531849174446294
1531849174446300
1531849174446306
1531849174446312
1531849174446320
1531849174946266
1531849174946281
1531849174946293
1531849174946299
1531849174946305
1531849174946311
1531849174946317
1531849174946325
1531849175446406
1531849175446423
1531849175446430
1531849175446436
1531849175446443
1531849175446450
1531849175446455
1531849175446463
1531849175946507
1531849175946522
1531849175946530
1531849175946536
1531849175946542
1531849175946548
1531849175946564
1531849175946577
1531849176446564
1531849176446583
1531849176446591
1531849176446597
1531849176446604
1531849176446610
1531849176446616
1531849176446625
1531849176946595
1531849176946611
1531849176946618
1531849176946625
1531849176946631
1531849176946637
1531849176946643
1531849176946651
1531849177446727
1531849177446745
1531849177446752
1531849177446758
1531849177446764
1531849177446771
1531849177446777
1531849177446785
1531849177947129
1531849177947154
1531849177947163
1531849177947169
1531849177947174
1531849177947180
1531849177947185
1531849177947193
1531849178447096
1531849178447115
1531849178447122
1531849178447129
1531849178447136
1531849178447142
1531849178447151
1531849178447160
1531849178947091
1531849178947113
1531849178947121
1531849178947128
1531849178947135
1531849178947142
1531849178947148
1531849178947157
1531849179447271
1531849179447290
1531849179447298
1531849179447308
1531849179447322
1531849179447329
1531849179447334
1531849179447343
1531849179947271
1531849179947291
1531849179947304
1531849179947314
1531849179947319
1531849179947325
1531849179947331
1531849179947339
1531849180447307
1531849180447327
1531849180447333
1531849180447339
1531849180447349
1531849180447354
1531849180447360
1531849180447368
1531849180947349
1531849180947368
1531849180947375
1531849180947382
1531849180947388
1531849180947394
1531849180947401
1531849180947409
1531849181447461
1531849181447479
1531849181447500
1531849181447507
1531849181447513
1531849181447520
1531849181447526
1531849181447534
1531849181948043
1531849181948058
1531849181948065
1531849181948076
1531849181948082
1531849181948088
1531849181948096
1531849181948103
1531849182447672
1531849182447691
1531849182447698
1531849182447705
1531849182447711
1531849182447718
1531849182447725
1531849182447733
1531849182948043
1531849182948062
1531849182948071
1531849182948077
1531849182948083
1531849182948089
1531849182948095
1531849182948103
1531849183447928
1531849183447950
1531849183447958
1531849183447964
1531849183447972
1531849183447978
1531849183447984
1531849183447992
1531849183948301
1531849183948315
1531849183948323
1531849183948329
1531849183948335
1531849183948341
1531849183948347
1531849183948355
1531849184448051
1531849184448065
1531849184448072
1531849184448078
1531849184448084
1531849184448090
1531849184448096
1531849184448104
1531849184948419
1531849184948434
1531849184948441
1531849184948448
1531849184948454
1531849184948460
1531849184948466
1531849184948474
1531849185448243
1531849185448258
1531849185448265
1531849185448271
1531849185448277
1531849185448285
1531849185448291
1531849185448299
1531849185948408
1531849185948426
1531849185948434
1531849185948441
1531849185948448
1531849185948454
1531849185948461
1531849185948467
1531849185948566
1531849186448554
1531849186448577
1531849186448586
1531849186448593
1531849186448600
1531849186448607
1531849186448613
1531849186448622
1531849186948518
1531849186948540
1531849186948553
1531849186948559
1531849186948568
1531849186948574
1531849186948580
1531849186948587
1531849187448647
1531849187448666
1531849187448679
1531849187448686
1531849187448696
1531849187448702
1531849187448708
1531849187448716
1531849187948637
1531849187948654
1531849187948661
1531849187948668
1531849187948674
1531849187948680
1531849187948686
1531849187948694
1531849188448788
1531849188448809
1531849188448822
1531849188448829
1531849188448836
1531849188448843
1531849188448850
1531849188448867
1531849188948871
1531849188948890
1531849188948898
1531849188948905
1531849188948913
1531849188948919
1531849188948926
1531849188948937
1531849189448893
1531849189448912
1531849189448920
1531849189448926
1531849189448933
1531849189448939
1531849189448945
1531849189448953
1531849189948998
1531849189949016
1531849189949024
1531849189949031
1531849189949038
1531849189949046
1531849189949053
1531849189949061
1531849190449123
1531849190449143
1531849190449152
1531849190449159
1531849190449175
1531849190449183
1531849190449191
1531849190449201
1531849190949235
1531849190949260
1531849190949272
1531849190949279
1531849190949292
1531849190949301
1531849190949309
1531849190949318
1531849191449223
1531849191449240
1531849191449248
1531849191449255
1531849191449262
1531849191449269
1531849191449276
1531849191449285
1531849191949409
1531849191949423
1531849191949439
1531849191949452
1531849191949459
1531849191949473
1531849191949485
1531849191949494
1531849192449456
1531849192449472
1531849192449480
1531849192449486
1531849192449494
1531849192449500
1531849192449507
1531849192449515
1531849192949488
1531849192949508
1531849192949518
1531849192949527
1531849192949534
1531849192949541
1531849192949547
1531849192949556
1531849193449526
1531849193449548
1531849193449563
1531849193449570
1531849193449578
1531849193449584
1531849193449592
1531849193449601
1531849193949673
1531849193949693
1531849193949702
1531849193949710
1531849193949722
1531849193949729
1531849193949736
1531849193949745
1531849194449690
1531849194449706
1531849194449719
1531849194449726
1531849194449733
1531849194449739
1531849194449746
1531849194449754
1531849194949775
1531849194949794
1531849194949803
1531849194949814
1531849194949821
1531849194949828
1531849194949834
1531849194949890
1531849195449927
1531849195449955
1531849195449965
1531849195449973
1531849195449979
1531849195449986
1531849195449993
1531849195450002
1531849195949967
1531849195949988
1531849195950000
1531849195950007
1531849195950014
1531849195950021
1531849195950027
1531849195950036
1531849196450065
1531849196450083
1531849196450106
1531849196450112
1531849196450123
1531849196450129
1531849196450139
1531849196450147
1531849196950159
1531849196950179
1531849196950186
1531849196950192
1531849196950199
1531849196950205
1531849196950211
1531849196950219
1531849197450174
1531849197450192
1531849197450200
1531849197450206
1531849197450229
1531849197450236
1531849197450242
1531849197450272
1531849197950294
1531849197950312
1531849197950325
1531849197950331
1531849197950337
1531849197950343
1531849197950349
1531849197950357
1531849198450324
1531849198450341
1531849198450352
1531849198450363
1531849198450369
1531849198450374
1531849198450381
1531849198450388
1531849198950393
1531849198950409
1531849198950415
1531849198950421
1531849198950427
1531849198950434
1531849198950440
1531849198950448
1531849199450495
1531849199450509
1531849199450516
1531849199450521
1531849199450527
1531849199450533
1531849199450539
1531849199450546
1531849199950525
1531849199950544
1531849199950551
1531849199950558
1531849199950564
1531849199950570
1531849199950576
1531849199950584
1531849200450591
1531849200450610
1531849200450619
1531849200450627
1531849200450633
1531849200450640
1531849200450646
1531849200450654
1531849200950664
1531849200950683
1531849200950691
1531849200950697
1531849200950704
1531849200950711
1531849200950717
1531849200950725
1531849201450802
1531849201450819
1531849201450826
1531849201450832
1531849201450838
1531849201450844
1531849201450850
1531849201450857
1531849201950874
1531849201950890
1531849201950897
1531849201950903
1531849201950909
1531849201950915
1531849201950920
1531849201950932
1531849202451061
1531849202451079
1531849202451085
1531849202451092
1531849202451097
1531849202451103
1531849202451109
1531849202451116
1531849202951069
1531849202951095
1531849202951102
1531849202951115
1531849202951121
1531849202951127
1531849202951134
1531849202951142
1531849203451148
1531849203451169
1531849203451176
1531849203451183
1531849203451192
1531849203451198
1531849203451208
1531849203451217
1531849203951248
1531849203951272
1531849203951280
1531849203951287
1531849203951293
1531849203951299
1531849203951305
1531849203951313
1531849204451282
1531849204451299
1531849204451312
1531849204451319
1531849204451327
1531849204451335
1531849204451342
1531849204451352
1531849204951335
1531849204951352
1531849204951362
1531849204951368
1531849204951375
1531849204951381
1531849204951388
1531849204951396
1531849205451364
1531849205451384
1531849205451394
1531849205451403
1531849205451410
1531849205451417
1531849205451424
1531849205451433
1531849205951521
1531849205951538
1531849205951546
1531849205951555
1531849205951562
1531849205951570
1531849205951578
1531849205951589
1531849206451544
1531849206451560
1531849206451567
1531849206451574
1531849206451581
1531849206451587
1531849206451599
1531849206451608
1531849206951668
1531849206951686
1531849206951693
1531849206951702
1531849206951709
1531849206951716
1531849206951723
1531849206951731
1531849207451788
1531849207451806
1531849207451813
1531849207451820
1531849207451827
1531849207451834
1531849207451845
1531849207451856
1531849207952323
1531849207952343
1531849207952351
1531849207952358
1531849207952365
1531849207952371
1531849207952378
1531849207952386
1531849208451915
1531849208451935
1531849208451943
1531849208451950
1531849208451957
1531849208451963
1531849208451970
1531849208451979
1531849208952029
1531849208952049
1531849208952056
1531849208952063
1531849208952069
1531849208952075
1531849208952082
1531849208952095
1531849209452040
1531849209452059
1531849209452066
1531849209452073
1531849209452079
1531849209452086
1531849209452097
1531849209452105
1531849209952150
1531849209952168
1531849209952176
1531849209952183
1531849209952191
1531849209952198
1531849209952204
1531849209952212
1531849210452281
1531849210452298
1531849210452306
1531849210452313
1531849210452320
1531849210452327
1531849210452334
1531849210452343
1531849210952387
1531849210952407
1531849210952415
1531849210952423
1531849210952429
1531849210952435
1531849210952443
1531849210952453
1531849211452378
1531849211452400
1531849211452414
1531849211452440
1531849211452447
1531849211452454
1531849211452460
1531849211452470
1531849211952507
1531849211952525
1531849211952532
1531849211952539
1531849211952545
1531849211952551
1531849211952560
1531849211952569
1531849212452510
1531849212452526
1531849212452533
1531849212452540
1531849212452552
1531849212452558
1531849212452564
1531849212452572
1531849212952841
1531849212952860
1531849212952867
1531849212952874
1531849212952880
1531849212952887
1531849212952893
1531849212952902
1531849213452735
1531849213452755
1531849213452763
1531849213452769
1531849213452777
1531849213452793
1531849213452802
1531849213452810
1531849213952837
1531849213952853
1531849213952861
1531849213952867
1531849213952873
1531849213952880
1531849213952886
1531849213952894
1531849214453097
1531849214453121
1531849214453135
1531849214453141
1531849214453147
1531849214453153
1531849214453159
1531849214453167
1531849214953037
1531849214953057
1531849214953064
1531849214953071
1531849214953077
1531849214953083
1531849214953090
1531849214953099
1531849215453114
1531849215453133
1531849215453140
1531849215453146
1531849215453152
1531849215453158
1531849215453164
1531849215453172
1531849215953150
1531849215953174
1531849215953182
1531849215953189
1531849215953196
1531849215953203
1531849215953210
1531849215953218
1531849216453306
1531849216453335
1531849216453342
1531849216453353
1531849216453360
1531849216453366
1531849216453373
1531849216453384
1531849216953300
1531849216953315
1531849216953323
1531849216953329
1531849216953335
1531849216953340
1531849216953346
1531849216953354
1531849217453374
1531849217453392
1531849217453399
1531849217453405
1531849217453411
1531849217453417
1531849217453423
1531849217453431
1531849217953643
1531849217953661
1531849217953668
1531849217953674
1531849217953680
1531849217953686
1531849217953692
1531849217953700
1531849218453667
1531849218453686
1531849218453694
1531849218453700
1531849218453707
1531849218453713
1531849218453719
1531849218453727
1531849218953771
1531849218953794
1531849218953801
1531849218953807
1531849218953814
1531849218953820
1531849218953826
1531849218953834
1531849219453881
1531849219453906
1531849219453914
1531849219453920
1531849219453929
1531849219453936
1531849219453970
1531849219453984
1531849219953986
1531849219954004
1531849219954018
1531849219954025
1531849219954032
1531849219954038
1531849219954045
1531849219954053
1531849220454047
1531849220454069
1531849220454076
1531849220454085
1531849220454091
1531849220454097
1531849220454103
1531849220454111
1531849220954086
1531849220954106
1531849220954116
1531849220954129
1531849220954136
1531849220954142
1531849220954148
1531849220954156
1531849221454190
1531849221454208
1531849221454215
1531849221454221
1531849221454227
1531849221454233
1531849221454239
1531849221454247
1531849221954231
1531849221954251
1531849221954258
1531849221954264
1531849221954270
1531849221954275
1531849221954281
1531849221954289
1531849222454286
1531849222454304
1531849222454312
1531849222454318
1531849222454324
1531849222454330
1531849222454335
1531849222454343
1531849222954390
1531849222954413
1531849222954420
1531849222954426
1531849222954436
1531849222954442
1531849222954449
1531849222954456
1531849223454462
1531849223454479
1531849223454486
1531849223454492
1531849223454498
1531849223454505
1531849223454511
1531849223454519
1531849223954548
1531849223954563
1531849223954570
1531849223954577
1531849223954583
1531849223954590
1531849223954596
1531849223954606
1531849224454608
1531849224454629
1531849224454637
1531849224454643
1531849224454656
1531849224454663
1531849224454669
1531849224454678
1531849224954696
1531849224954713
1531849224954720
1531849224954727
1531849224954733
1531849224954739
1531849224954746
1531849224954754
1531849225454815
1531849225454832
1531849225454838
1531849225454844
1531849225454850
1531849225454856
1531849225454863
1531849225454870
1531849225954933
1531849225954947
1531849225954954
1531849225954961
1531849225954967
1531849225954973
1531849225954985
1531849225954994
1531849226455035
1531849226455055
1531849226455063
1531849226455069
1531849226455084
1531849226455090
1531849226455097
1531849226455106
1531849226955131
1531849226955148
1531849226955155
1531849226955161
1531849226955168
1531849226955174
1531849226955180
1531849226955189
1531849227455147
1531849227455164
1531849227455171
1531849227455178
1531849227455184
1531849227455190
1531849227455198
1531849227455207
1531849227955151
1531849227955168
1531849227955175
1531849227955181
1531849227955187
1531849227955194
1531849227955205
1531849227955213
1531849228455289
1531849228455309
1531849228455317
1531849228455323
1531849228455330
1531849228455337
1531849228455343
1531849228455353
1531849228955349
1531849228955367
1531849228955376
1531849228955382
1531849228955389
1531849228955395
1531849228955401
1531849228955410
1531849229455424
1531849229455443
1531849229455450
1531849229455457
1531849229455464
1531849229455470
1531849229455476
1531849229455484
1531849229955526
1531849229955544
1531849229955551
1531849229955599
1531849229955608
1531849229955618
1531849229955625
1531849229955633
1531849230455733
1531849230455749
1531849230455761
1531849230455767
1531849230455774
1531849230455782
1531849230455789
1531849230455799
1531849230955665
1531849230955683
1531849230955690
1531849230955697
1531849230955703
1531849230955709
1531849230955716
1531849230955727
1531849231455725
1531849231455742
1531849231455748
1531849231455755
1531849231455761
1531849231455768
1531849231455774
1531849231455782
1531849231955756
1531849231955771
1531849231955778
1531849231955784
1531849231955790
1531849231955795
1531849231955807
1531849231955815
1531849232455887
1531849232455906
1531849232455916
1531849232455922
1531849232455929
1531849232455936
1531849232455948
1531849232455959
1531849232956055
1531849232956079
1531849232956087
1531849232956093
1531849232956099
1531849232956106
1531849232956112
1531849232956121
1531849233456028
1531849233456043
1531849233456051
1531849233456057
1531849233456064
1531849233456070
1531849233456076
1531849233456084
1531849233956202
1531849233956222
1531849233956230
1531849233956238
1531849233956245
1531849233956252
1531849233956259
1531849233956268
1531849234456183
1531849234456199
1531849234456206
1531849234456217
1531849234456224
1531849234456231
1531849234456238
1531849234456246
1531849234956307
1531849234956327
1531849234956335
1531849234956341
1531849234956348
1531849234956354
1531849234956361
1531849234956370
1531849235456467
1531849235456486
1531849235456496
1531849235456504
1531849235456511
1531849235456552
1531849235456565
1531849235456574
1531849235982088
