1531849136440135
1531849136440156
1531849136440164
1531849136440171
1531849136940071
1531849136940083
1531849136940124
1531849136940135
1531849137440142
1531849137440156
1531849137440163
1531849137440170
1531849137940178
1531849137940192
1531849137940227
1531849137940239
1531849138440296
1531849138440311
1531849138440318
1531849138440327
1531849138440334
1531849138940253
1531849138940302
1531849138940314
1531849138940321
1531849139440320
1531849139440331
1531849139440339
1531849139440392
1531849139940432
1531849139940445
1531849139940452
1531849139940462
1531849140440489
1531849140440506
1531849140440514
1531849140440522
1531849140940493
1531849140940505
1531849140940519
1531849140940538
1531849141440632
1531849141440650
1531849141440659
1531849141440666
1531849141440673
1531849141940765
1531849141940783
1531849141940796
1531849141940806
1531849141940816
1531849142440814
1531849142440829
1531849142440837
1531849142440853
1531849142940820
1531849142940834
1531849142940845
1531849142940858
1531849143440918
1531849143440934
1531849143440941
1531849143440949
1531849143440959
1531849143940978
1531849143940993
1531849143941001
1531849143941008
1531849143941016
1531849144441046
1531849144441060
1531849144441068
1531849144441078
1531849144441087
1531849144941113
1531849144941128
1531849144941136
1531849144941144
1531849144941153
1531849145441177
1531849145441210
1531849145441238
1531849145441245
1531849145441253
1531849145941283
1531849145941298
1531849145941306
1531849145941320
1531849145941328
1531849146441396
1531849146441413
1531849146441421
1531849146441437
1531849146441448
1531849146941398
1531849146941414
1531849146941423
1531849146941499
1531849147441547
1531849147441561
1531849147441569
1531849147441578
1531849147441585
1531849147941625
1531849147941638
1531849147941646
1531849147941657
1531849147941664
1531849148441731
1531849148441744
1531849148441752
1531849148441759
1531849148441766
1531849148941732
1531849148941749
1531849148941757
1531849148941770
1531849149441854
1531849149441879
1531849149441889
1531849149441899
1531849149441912
1531849149941916
1531849149941934
1531849149941945
1531849149941964
1531849150442026
1531849150442042
1531849150442048
1531849150442055
1531849150442062
1531849150942097
1531849150942111
1531849150942128
1531849150942138
1531849150942145
1531849151442089
1531849151442108
1531849151442116
1531849151442129
1531849151942197
1531849151942209
1531849151942217
1531849151942225
1531849151942238
1531849152442263
1531849152442278
1531849152442285
1531849152442292
1531849152442303
1531849152942373
1531849152942393
1531849152942403
1531849152942418
1531849152942426
1531849153442475
1531849153442489
1531849153442497
1531849153442511
1531849153442518
1531849153942542
1531849153942559
1531849153942568
1531849153942582
1531849153942590
1531849154442566
1531849154442586
1531849154442595
1531849154442607
1531849154942686
1531849154942704
1531849154942712
1531849154942726
1531849154942734
1531849155442756
1531849155442770
1531849155442779
1531849155442785
1531849155442792
1531849155942817
1531849155942833
1531849155942840
1531849155942850
1531849155942859
1531849156442899
1531849156442917
1531849156442926
1531849156442937
1531849156442945
1531849156942926
1531849156942950
1531849156942957
1531849156942964
1531849157442981
1531849157443126
1531849157443136
1531849157443144
1531849157443157
1531849157943169
1531849157943186
1531849157943195
1531849157943210
1531849157943221
1531849158443226
1531849158443244
1531849158443254
1531849158443263
1531849158943297
1531849158943314
1531849158943322
1531849158943335
1531849158943342
1531849159443429
1531849159443444
1531849159443452
1531849159443461
1531849159443469
1531849159943424
1531849159943439
1531849159943450
1531849159943458
1531849160443532
1531849160443756
1531849160443767
1531849160443774
1531849160443781
1531849160943766
1531849160943783
1531849160943792
1531849160943799
1531849161443748
1531849161443763
1531849161443771
1531849161443779
1531849161943790
1531849161943803
1531849161943812
1531849161943829
1531849161943838
1531849162443864
1531849162443879
1531849162443906
1531849162443916
1531849162943883
1531849162943900
1531849162943908
1531849162943923
1531849163443967
1531849163443979
1531849163443988
1531849163444001
1531849163444008
1531849163944007
1531849163944021
1531849163944029
1531849163944044
1531849164444108
1531849164444128
1531849164444137
1531849164444150
1531849164444159
1531849164944225
1531849164944242
1531849164944250
1531849164944265
1531849164944273
1531849165444326
1531849165444433
1531849165444445
1531849165444481
1531849165444494
1531849165944451
1531849165944471
1531849165944480
1531849165944489
1531849166444591
1531849166444616
1531849166444625
1531849166444635
1531849166444644
1531849166944535
1531849166944549
1531849166944557
1531849166944566
1531849167444695
1531849167444714
1531849167444723
1531849167444731
1531849167444739
1531849167944917
1531849167946189
1531849167946224
1531849167946239
1531849167946254
1531849168444951
1531849168444964
1531849168444973
1531849168444985
1531849168945040
1531849168945056
1531849168945065
1531849168945074
1531849168945083
1531849169445105
1531849169445122
1531849169445131
1531849169445139
1531849169445147
1531849169945176
1531849169945189
1531849169945215
1531849169945225
1531849169945234
1531849170445258
1531849170445280
1531849170445290
1531849170445299
1531849170445311
1531849170945399
1531849170945459
1531849170945470
1531849170945485
1531849170945495
1531849171445385
1531849171445404
1531849171445413
1531849171445424
1531849171945478
1531849171945494
1531849171945502
1531849171945511
1531849171945518
1531849172445562
1531849172445581
1531849172445591
1531849172445605
1531849172445613
1531849172945794
1531849172947741
1531849172947756
1531849172947764
1531849172947772
1531849173446203
1531849173446222
1531849173446230
1531849173446245
1531849173946270
1531849173946290
1531849173946301
1531849173946315
1531849173946323
1531849174446316
1531849174446339
1531849174446348
1531849174446366
1531849174946343
1531849174946357
1531849174946367
1531849174946381
1531849175446477
1531849175446492
1531849175446507
1531849175446515
1531849175446523
1531849175946582
1531849175946601
1531849175946610
1531849175946618
1531849175946626
1531849176446640
1531849176446656
1531849176446666
1531849176446675
1531849176446684
1531849176946673
1531849176946690
1531849176946700
1531849176946710
1531849177446788
1531849177446809
1531849177446820
1531849177446829
1531849177446838
1531849177947114
1531849177947197
1531849177947210
1531849177947218
1531849177947227
1531849178447153
1531849178447174
1531849178447185
1531849178447195
1531849178947173
1531849178947192
1531849178947202
1531849178947211
1531849179447288
1531849179447361
1531849179447376
1531849179447384
1531849179447397
1531849179947414
1531849179947433
1531849179947442
1531849179947458
1531849180447378
1531849180447395
1531849180447404
1531849180447414
1531849180947450
1531849180947466
1531849180947474
1531849180947483
1531849180947491
1531849181447509
1531849181447523
1531849181447532
1531849181447543
1531849181948123
1531849181948137
1531849181948146
1531849181948160
1531849181948168
1531849182447720
1531849182447735
1531849182447753
1531849182447762
1531849182947997
1531849182948123
1531849182948137
1531849182948147
1531849182948156
1531849183448008
1531849183448030
1531849183448039
1531849183448047
1531849183948142
1531849183948357
1531849183948372
1531849183948380
1531849183948394
1531849184448118
1531849184448131
1531849184448140
1531849184448156
1531849184948244
1531849184948487
1531849184948498
1531849184948506
1531849184948520
1531849185448284
1531849185448302
1531849185448311
1531849185448329
1531849185948477
1531849185948494
1531849185948504
1531849185948519
1531849185948594
1531849186448607
1531849186448626
1531849186448636
1531849186448647
1531849186948591
1531849186948605
1531849186948613
1531849186948629
1531849187448746
1531849187448763
1531849187448772
1531849187448786
1531849187448795
1531849187948695
1531849187948713
1531849187948722
1531849187948736
1531849188448824
1531849188448845
1531849188448856
1531849188448865
1531849188448874
1531849188948952
1531849188948979
1531849188948991
1531849188949000
1531849188949010
1531849189448941
1531849189448957
1531849189448969
1531849189448978
1531849189949045
1531849189949065
1531849189949076
1531849189949085
1531849189949093
1531849190449171
1531849190449192
1531849190449203
1531849190449215
1531849190449224
1531849190949288
1531849190949309
1531849190949327
1531849190949338
1531849190949346
1531849191449298
1531849191449317
1531849191449327
1531849191449343
1531849191949410
1531849191949452
1531849191949523
1531849191949535
1531849191949546
1531849192449545
1531849192449559
1531849192449568
1531849192449576
1531849192949575
1531849192949594
1531849192949603
1531849192949615
1531849193449576
1531849193449594
1531849193449604
1531849193449618
1531849193949722
1531849193949740
1531849193949750
1531849193949759
1531849193949768
1531849194449765
1531849194449783
1531849194449791
1531849194449803
1531849194949815
1531849194949831
1531849194949896
1531849194949908
1531849195450017
1531849195450034
1531849195450044
1531849195450053
1531849195450061
1531849195950053
1531849195950069
1531849195950082
1531849195950090
1531849196450144
1531849196450164
1531849196450174
1531849196450183
1531849196450191
1531849196950212
1531849196950234
1531849196950243
1531849196950256
1531849196950265
1531849197450218
1531849197450240
1531849197450286
1531849197450302
1531849197950371
1531849197950385
1531849197950395
1531849197950404
1531849197950413
1531849198450366
1531849198450387
1531849198450395
1531849198450405
1531849198950435
1531849198950455
1531849198950464
1531849198950475
1531849198950482
1531849199450537
1531849199450560
1531849199450569
1531849199450577
1531849199450585
1531849199950601
1531849199950625
1531849199950636
1531849199950645
1531849200450645
1531849200450662
1531849200450671
1531849200450705
1531849200950702
1531849200950716
1531849200950724
1531849200950732
1531849201450871
1531849201450886
1531849201450895
1531849201450902
1531849201450913
1531849201950949
1531849201950966
1531849201950974
1531849201950987
1531849201950995
1531849202451130
1531849202451155
1531849202451164
1531849202451172
1531849202451179
1531849202951118
1531849202951132
1531849202951140
1531849202951148
1531849203451209
1531849203451224
1531849203451237
1531849203451250
1531849203451263
1531849203951329
1531849203951350
1531849203951362
1531849203951370
1531849203951379
1531849204451356
1531849204451380
1531849204451392
1531849204451401
1531849204951414
1531849204951431
1531849204951440
1531849204951450
1531849205451413
1531849205451429
1531849205451441
1531849205451475
1531849205951501
1531849205951556
1531849205951571
1531849205951597
1531849205951607
1531849206451603
1531849206451623
1531849206451632
1531849206451641
1531849206951746
1531849206951761
1531849206951773
1531849206951782
1531849206951792
1531849207451847
1531849207451865
1531849207451875
1531849207451890
1531849207451900
1531849207952251
1531849207952401
1531849207952413
1531849207952424
1531849207952433
1531849208451955
1531849208451971
1531849208451982
1531849208452017
1531849208952114
1531849208952136
1531849208952146
1531849208952160
1531849208952169
1531849209452120
1531849209452136
1531849209452145
1531849209452160
1531849209952174
1531849209952189
1531849209952198
1531849209952213
1531849209952222
1531849210452312
1531849210452331
1531849210452347
1531849210452357
1531849210452369
1531849210952453
1531849210952475
1531849210952493
1531849210952504
1531849210952514
1531849211452457
1531849211452476
1531849211452487
1531849211452503
1531849211952590
1531849211952605
1531849211952614
1531849211952623
1531849211952632
1531849212452551
1531849212452570
1531849212452580
1531849212452589
1531849212952984
1531849212952999
1531849212953009
1531849212953019
1531849212953028
1531849213452806
1531849213452821
1531849213452830
1531849213452839
1531849213952915
1531849213952934
1531849213952944
1531849213952953
1531849213952962
1531849214453051
1531849214453224
1531849214453238
1531849214453248
1531849214453258
1531849214953120
1531849214953141
1531849214953150
1531849214953159
1531849215453190
1531849215453229
1531849215453239
1531849215453248
1531849215453257
1531849215953235
1531849215953253
1531849215953263
1531849215953271
1531849216453390
1531849216453408
1531849216453418
1531849216453435
1531849216453444
1531849216953360
1531849216953378
1531849216953390
1531849216953405
1531849217453447
1531849217453464
1531849217453472
1531849217453482
1531849217453490
1531849217953604
1531849217953715
1531849217953735
1531849217953745
1531849217953756
1531849218453755
1531849218453772
1531849218453783
1531849218453792
1531849218953850
1531849218953872
1531849218953880
1531849218953891
1531849218953900
1531849219453928
1531849219453945
1531849219453959
1531849219453997
1531849219454007
1531849219954064
1531849219954080
1531849219954089
1531849219954099
1531849220454089
1531849220454110
1531849220454126
1531849220454135
1531849220954173
1531849220954192
1531849220954208
1531849220954217
1531849221454224
1531849221454241
1531849221454250
1531849221454273
1531849221954306
1531849221954321
1531849221954332
1531849221954353
1531849221954362
1531849222454369
1531849222454385
1531849222454393
1531849222454403
1531849222954438
1531849222954455
1531849222954465
1531849222954474
1531849222954482
1531849223454493
1531849223454512
1531849223454522
1531849223454530
1531849223454541
1531849223954619
1531849223954633
1531849223954646
1531849223954654
1531849223954665
1531849224454655
1531849224454676
1531849224454686
1531849224454699
1531849224954760
1531849224954780
1531849224954791
1531849224954800
1531849224954811
1531849225454842
1531849225454854
1531849225454863
1531849225454871
1531849225454879
1531849225955016
1531849225955032
1531849225955041
1531849225955056
1531849225955066
1531849226455097
1531849226455119
1531849226455135
1531849226455144
1531849226455156
1531849226955209
1531849226955226
1531849226955234
1531849226955243
1531849226955254
1531849227455220
1531849227455244
1531849227455257
1531849227455265
1531849227955206
1531849227955224
1531849227955233
1531849227955244
1531849228455366
1531849228455382
1531849228455395
1531849228455403
1531849228455413
1531849228955424
1531849228955439
1531849228955448
1531849228955457
1531849229455499
1531849229455516
1531849229455529
1531849229455539
1531849229455548
1531849229955562
1531849229955621
1531849229955633
1531849229955643
1531849229955654
1531849230455730
1531849230455783
1531849230455797
1531849230455814
1531849230455824
1531849230955729
1531849230955743
1531849230955752
1531849230955760
1531849231455763
1531849231455781
1531849231455789
1531849231455801
1531849231955806
1531849231955823
1531849231955832
1531849231955846
1531849232455915
1531849232455930
1531849232455939
1531849232456002
1531849232456015
1531849232956162
1531849232956183
1531849232956192
1531849232956202
1531849232956211
1531849233456098
1531849233456111
1531849233456119
1531849233456128
1531849233956304
1531849233956325
1531849233956336
1531849233956352
1531849233956364
1531849234456221
1531849234456240
1531849234456249
1531849234456258
1531849234956385
1531849234956402
1531849234956414
1531849234956424
1531849234956433
1531849235456490
1531849235456507
1531849235456589
1531849235456602
1531849235456615
1531849235964611
