1534165936139827
1534165936639897
1534165937139964
1534165937640041
1534165938140110
1534165938640186
1534165939140252
1534165939640321
1534165940140389
1534165940640459
1534165941140535
1534165941640601
1534165942140669
1534165942640736
1534165943140804
1534165943640866
1534165944140935
1534165944641003
1534165945141070
1534165945641133
1534165946141194
1534165946641253
1534165947141320
1534165947641387
1534165948141454
1534165948641521
1534165949141589
1534165949641656
1534165950141725
1534165950641792
1534165951141849
1534165951641917
1534165952141984
1534165952642058
1534165953142133
1534165953642201
1534165954142270
1534165954642337
1534165955142404
1534165956142551
1534165956642621
1534165957142693
1534165957642763
1534165958142833
1534165958642901
1534165959142969
1534165959643036
1534165960143097
1534165960643157
1534165961143217
1534165961643277
1534165962143345
1534165962643413
1534165963143495
1534165963643576
1534165964143644
1534165964643712
1534165965143773
1534165965643832
1534165966143899
1534165967144045
1534165967644114
1534165968144182
1534165968644250
1534165969144318
1534165969644385
1534165970144453
1534165970644520
1534165971144589
1534165971644658
1534165972144725
1534165972644792
1534165973144859
1534165973644926
1534165974145000
1534165974645075
1534165975145143
1534165975645211
1534165976145282
1534165976645352
1534165977145420
1534165977645490
1534165978145560
1534165978645629
1534165979145699
1534165979645767
1534165980145843
1534165980645916
1534165981145982
1534165981646050
1534165982146119
1534165982646186
1534165983146253
1534165983646320
1534165984146388
1534165984646455
1534165985146522
1534165985646589
1534165986146656
1534165986646723
1534165987146790
1534165987646858
1534165988146927
1534165988646995
1534165989147061
1534165989647128
1534165990147202
1534165990647276
1534165991147343
1534165991647410
1534165992147478
1534165992647556
1534165993147624
1534165994147767
1534165994647831
1534165995147891
1534165995647953
1534165996148022
1534165996648097
1534165997148170
1534165997648239
1534165998148308
1534165998648375
1534165999148443
1534165999648509
1534166000148576
1534166000648643
1534166001648778
1534166002148845
1534166002648911
1534166003148978
1534166003649047
1534166004149114
1534166004649181
1534166005149247
1534166005649313
1534166006149382
1534166006649455
1534166007149531
1534166008149666
1534166008649741
1534166009149812
1534166009649889
1534166010149956
1534166010650024
1534166011150093
1534166011650172
1534166012150241
1534166012650309
1534166013150377
1534166013650444
1534166014150511
1534166014650579
1534166015150647
1534166015650714
1534166016150781
1534166016650848
1534166017150916
1534166017650983
1534166018151051
1534166018651118
1534166019151192
1534166019651262
1534166020151332
1534166020651402
1534166021151470
1534166021651540
1534166022151624
1534166022651685
1534166023151751
1534166023651818
1534166024151886
1534166024651955
1534166025152018
1534166025652077
1534166026152136
1534166026652196
1534166027152266
1534166027652335
1534166028652473
1534166029152543
1534166029652611
1534166030652753
1534166031152825
1534166031652888
1534166032152948
1534166032653007
1534166033153066
1534166033653132
1534166034153198
1534166034653264
1534166035153329
1534166035653390
1534166036153450
1534166036653509
1534166037153568
1534166037653627
1534166038153686
