1534165935644322
1534165935644433
1534165935644473
1534165935644504
1534165936140602
1534165936140654
1534165936140717
1534165936640410
1534165936640557
1534165936640631
1534165937140374
1534165937140516
1534165937140624
1534165937640603
1534165937640667
1534165937640741
1534165938140686
1534165938140771
1534165938140819
1534165938640518
1534165938640563
1534165938640843
1534165938640906
1534165939140785
1534165939140877
1534165939140911
1534165939640816
1534165939640982
1534165939641010
1534165939641053
1534165940140849
1534165940141003
1534165940141061
1534165940640977
1534165940641001
1534165940641069
1534165940641126
1534165941141092
1534165941141190
1534165941141264
1534165941641124
1534165941641224
1534165941641290
1534165942141194
1534165942141291
1534165942141353
1534165942641273
1534165942641306
1534165942641312
1534165942641326
1534165942641409
1534165943141539
1534165943141596
1534165943141637
1534165943641218
1534165943641402
1534165943641496
1534165944141463
1534165944141610
1534165944141675
1534165944641521
1534165944641582
1534165944641673
1534165945141535
1534165945141609
1534165945141627
1534165945141663
1534165945641824
1534165945641873
1534165945641920
1534165946141644
1534165946141751
1534165946141823
1534165946641663
1534165946641689
1534165946641697
1534165946641800
1534165947141905
1534165947141934
1534165947141968
1534165947141987
1534165947142032
1534165947641875
1534165947641904
1534165947642025
1534165947642075
1534165948141982
1534165948142043
1534165948142095
1534165948642112
1534165948642196
1534165948642241
1534165949142065
1534165949142159
1534165949142237
1534165949642174
1534165949642242
1534165949642316
1534165950142316
1534165950142378
1534165950142416
1534165950642326
1534165950642393
1534165950642444
1534165951142512
1534165951142546
1534165951142600
1534165951142637
1534165951142655
1534165951642475
1534165951642536
1534165951642599
1534165952142553
1534165952142671
1534165952142726
1534165952642558
1534165952642621
1534165952642760
1534165953142651
1534165953142793
1534165953142816
1534165953142866
1534165953642667
1534165953642755
1534165953642807
1534165953642938
1534165954142824
1534165954142895
1534165954142911
1534165954142988
1534165954642864
1534165954642919
1534165954643016
1534165955142985
1534165955143014
1534165955143056
1534165955143120
1534165955643044
1534165955643131
1534165955643170
1534165956143129
1534165956143203
1534165956143259
1534165956643074
1534165956643256
1534165956643279
1534165956643342
1534165957143089
1534165957143143
1534165957143187
1534165957643179
1534165957643291
1534165957643467
1534165957643510
1534165958143241
1534165958143370
1534165958143397
1534165958143454
1534165958643513
1534165958643544
1534165958643607
1534165958643631
1534165958643668
1534165959143523
1534165959143693
1534165959143724
1534165959143772
1534165959643597
1534165959643707
1534165959643752
1534165960143524
1534165960143647
1534165960143709
1534165960643572
1534165960643619
1534165960643729
1534165960643804
1534165961143637
1534165961143744
1534165961143793
1534165961643712
1534165961643842
1534165961643917
1534165962143855
1534165962144027
1534165962144092
1534165962643871
1534165962644007
1534165962644108
1534165963144079
1534165963144210
1534165963144233
1534165963144251
1534165963644058
1534165963644169
1534165963644231
1534165964144101
1534165964144173
1534165964144235
1534165964644154
1534165964644298
1534165964644407
1534165965144156
1534165965144347
1534165965144397
1534165965644279
1534165965644355
1534165965644421
1534165966144441
1534165966144559
1534165966144597
1534165966644446
1534165966644549
1534165966644620
1534165967144524
1534165967144639
1534165967144728
1534165967644625
1534165967644677
1534165967644747
1534165968144721
1534165968144871
1534165968144934
1534165968644654
1534165968644853
1534165968644909
1534165969144820
1534165969144850
1534165969144921
1534165969144968
1534165969644946
1534165969645032
1534165969645068
1534165970144965
1534165970144995
1534165970145001
1534165970145160
1534165970645103
1534165970645136
1534165970645235
1534165970645312
1534165971145138
1534165971145257
1534165971145335
1534165971645142
1534165971645330
1534165971645372
1534165972145103
1534165972145407
1534165972145447
1534165972645320
1534165972645397
1534165972645470
1534165973145334
1534165973145480
1534165973145531
1534165973645513
1534165973645598
1534165973645696
1534165974145443
1534165974145622
1534165974145740
1534165974645510
1534165974645648
1534165974645768
1534165974645820
1534165975145754
1534165975145798
1534165975145861
1534165975645868
1534165975645913
1534165975645961
1534165976145770
1534165976145915
1534165976146009
1534165976645848
1534165976645978
1534165976646078
1534165977146021
1534165977146051
1534165977146060
1534165977146073
1534165977146090
1534165977645899
1534165977646004
1534165977646127
1534165978146156
1534165978146203
1534165978146265
1534165978646044
1534165978646197
1534165978646289
1534165979146329
1534165979146417
1534165979146488
1534165979646241
1534165979646292
1534165979646330
1534165980146340
1534165980146406
1534165980146450
1534165980646465
1534165980646521
1534165980646598
1534165981146484
1534165981146513
1534165981146519
1534165981146646
1534165981646580
1534165981646717
1534165981646743
1534165981646767
1534165982146624
1534165982146742
1534165982146791
1534165982646713
1534165982646793
1534165982646879
1534165983146781
1534165983146897
1534165983146960
1534165983646886
1534165983646986
1534165983647040
1534165984146867
1534165984147034
1534165984147059
1534165984147091
1534165984646852
1534165984646914
1534165984646967
1534165985147106
1534165985147138
1534165985147180
1534165985147241
1534165985647079
1534165985647209
1534165985647278
1534165986147120
1534165986147232
1534165986147372
1534165986647253
1534165986647348
1534165986647462
1534165987147313
1534165987147415
1534165987147501
1534165987647197
1534165987647402
1534165987647446
1534165988147443
1534165988147549
1534165988147572
1534165988147605
1534165988647562
1534165988647687
1534165988647735
1534165989147435
1534165989147558
1534165989147688
1534165989647584
1534165989647768
1534165989647842
1534165990147765
1534165990147879
1534165990147897
1534165990147917
1534165990647811
1534165990647898
1534165990647996
1534165991147990
1534165991148063
1534165991148102
1534165991647890
1534165991647986
1534165991648061
1534165992148050
1534165992148166
1534165992148225
1534165992648064
1534165992648183
1534165992648243
1534165993148205
1534165993148261
1534165993148348
1534165993648173
1534165993648243
1534165993648291
1534165994148220
1534165994148399
1534165994148426
1534165994148465
1534165994648283
1534165994648310
1534165994648424
1534165994648481
1534165995148356
1534165995148383
1534165995148459
1534165995148483
1534165995148496
1534165995648408
1534165995648598
1534165995648647
1534165996148544
1534165996148611
1534165996148735
1534165996148757
1534165996648598
1534165996648623
1534165996648730
1534165996648763
1534165996648770
1534165997148822
1534165997148896
1534165997148947
1534165997648797
1534165997648884
1534165997648968
1534165998148960
1534165998149006
1534165998149041
1534165998648929
1534165998649011
1534165998649100
1534165999148953
1534165999149048
1534165999149109
1534165999648889
1534165999648978
1534165999649060
1534166000149046
1534166000149170
1534166000149360
1534166000649115
1534166000649331
1534166000649356
1534166000649381
1534166001149321
1534166001149376
1534166001149427
1534166001649266
1534166001649415
1534166001649449
1534166002149415
1534166002149493
1534166002149563
1534166002649457
1534166002649553
1534166002649646
1534166003149581
1534166003149605
1534166003149663
1534166003149751
1534166003649494
1534166003649619
1534166003649660
1534166004149577
1534166004149702
1534166004149783
1534166004649630
1534166004649752
1534166004649796
1534166005149793
1534166005149864
1534166005149961
1534166005649845
1534166005649976
1534166005650058
1534166006149861
1534166006149983
1534166006150064
1534166006649985
1534166006650090
1534166006650142
1534166007150153
1534166007150203
1534166007150237
1534166007650067
1534166007650163
1534166007650278
1534166008150119
1534166008150260
1534166008150329
1534166008150414
1534166008650386
1534166008650441
1534166008650490
1534166009150245
1534166009150365
1534166009150464
1534166009650428
1534166009650520
1534166009650605
1534166010150529
1534166010150622
1534166010150685
1534166010650601
1534166010650683
1534166010650747
1534166011150656
1534166011150817
1534166011150845
1534166011150901
1534166011650817
1534166011650898
1534166011650956
1534166012150755
1534166012150845
1534166012150901
1534166012650833
1534166012650940
1534166012650992
1534166013150884
1534166013150975
1534166013151051
1534166013650926
1534166013651043
1534166013651162
1534166014151107
1534166014151160
1534166014151209
1534166014651137
1534166014651191
1534166014651292
1534166015151232
1534166015151303
1534166015151371
1534166015651154
1534166015651349
1534166015651418
1534166016151305
1534166016151438
1534166016151495
1534166016651346
1534166016651423
1534166016651524
1534166017151435
1534166017151551
1534166017151631
1534166017651411
1534166017651566
1534166017651622
1534166018151606
1534166018151709
1534166018151772
1534166018651650
1534166018651770
1534166018651827
1534166019151668
1534166019151838
1534166019151910
1534166019651803
1534166019651929
1534166019652039
1534166020151830
1534166020151872
1534166020152049
1534166020651787
1534166020652007
1534166020652081
1534166021151971
1534166021152084
1534166021152160
1534166021651860
1534166021651928
1534166021652040
1534166021652180
1534166022152008
1534166022152171
1534166022152237
1534166022652084
1534166022652250
1534166022652276
1534166022652337
1534166023152401
1534166023152449
1534166023152485
1534166023652384
1534166023652448
1534166023652498
1534166024152392
1534166024152551
1534166024152620
1534166024652512
1534166024652553
1534166024652567
1534166024652623
1534166025152544
1534166025152580
1534166025152623
1534166025152684
1534166025652558
1534166025652616
1534166025652676
1534166026152596
1534166026152665
1534166026152710
1534166026652629
1534166026652730
1534166026652815
1534166027152831
1534166027152878
1534166027152936
1534166027652824
1534166027652939
1534166027653031
1534166028152845
1534166028152950
1534166028152968
1534166028153002
1534166028652978
1534166028653114
1534166028653165
1534166029152985
1534166029153225
1534166029153301
1534166029653171
1534166029653264
1534166029653290
1534166029653349
1534166030153082
1534166030153254
1534166030153396
1534166030653327
1534166030653357
1534166030653431
1534166030653489
1534166031153438
1534166031153461
1534166031153474
1534166031153510
1534166031153542
1534166031653392
1534166031653507
1534166031653548
1534166032153427
1534166032153530
1534166032153622
1534166032653482
1534166032653573
1534166032653635
1534166033153508
1534166033153623
1534166033153693
1534166033653602
1534166033653734
1534166033653856
1534166034153706
1534166034153793
1534166034153898
1534166034653744
1534166034653868
1534166034653982
1534166035153957
1534166035154025
1534166035154068
1534166035653850
1534166035653969
1534166035654021
1534166036153932
1534166036154022
1534166036154103
1534166036653997
1534166036654016
1534166036654111
1534166036654194
1534166037154043
1534166037154138
1534166037154211
1534166037654051
1534166037654201
1534166037654226
1534166037654284
1534166038154219
1534166038154299
1534166038154340
