1534165935644947
1534165936141218
1534165936641005
1534165937141031
1534165937641602
1534165938141407
1534165938641218
1534165939141527
1534165939641589
1534165940141429
1534165940641708
1534165941142025
1534165941641828
1534165942141891
1534165942641951
1534165943142290
1534165943641831
1534165944142383
1534165944642191
1534165945142521
1534165945642826
1534165946142377
1534165946642437
1534165947142767
1534165947642560
1534165948143127
1534165948642685
1534165949142733
1534165949642800
1534165950143362
1534165950642920
1534165951143490
1534165951643295
1534165952143148
1534165952643161
1534165953143224
1534165953643290
1534165954143388
1534165954643451
1534165955143982
1534165956143859
1534165956643711
1534165957143744
1534165957643801
1534165958143895
1534165958644427
1534165959144241
1534165959644303
1534165960144124
1534165960644177
1534165961144261
1534165961644304
1534165962144868
1534165962644464
1534165963144739
1534165963644810
1534165964144867
1534165964644700
1534165965144767
1534165965644856
1534165966145390
1534165967145247
1534165967645583
1534165968145366
1534165968645422
1534165969145483
1534165969645551
1534165970145621
1534165970645974
1534165971145736
1534165971645797
1534165972145859
1534165972645931
1534165973145983
1534165973646085
1534165974146104
1534165974646168
1534165975146730
1534165975646546
1534165976146377
1534165976646444
1534165977146982
1534165977646541
1534165978147103
1534165978646660
1534165979147225
1534165979647026
1534165980147087
1534165980647404
1534165981147209
1534165981647270
1534165982147328
1534165982647392
1534165983147453
1534165983647517
1534165984147571
1534165984647639
1534165985147965
1534165985647764
1534165986147815
1534165986647884
1534165987147951
1534165987647799
1534165988148362
1534165988648399
1534165989148185
1534165989648243
1534165990148352
1534165990648404
1534165991148675
1534165991648489
1534165992149053
1534165992648637
1534165993149172
1534165994148826
1534165994648857
1534165995148964
1534165995648995
1534165996149287
1534165996649345
1534165997149668
1534165997649465
1534165998149805
1534165998649588
1534165999149646
1534165999649471
1534166000150022
1534166000649836
1534166001649950
1534166002150016
1534166002650074
1534166003150141
1534166003650198
1534166004150256
1534166004650321
1534166005150646
1534166005650470
1534166006150501
1534166006650592
1534166007151121
1534166008150739
1534166008651046
1534166009150858
1534166009651167
1534166010151230
1534166010651288
1534166011151356
1534166011651415
1534166012151468
1534166012651529
1534166013151587
1534166013651658
1534166014151718
1534166014651777
1534166015151838
1534166015651892
1534166016151958
1534166016652011
1534166017152078
1534166017652138
1534166018152201
1534166018652251
1534166019152307
1534166019652603
1534166020152416
1534166020652446
1534166021152755
1534166021652559
1534166022152607
1534166022652948
1534166023153472
1534166023653266
1534166024153062
1534166024653634
1534166025153169
1534166025653219
1534166026153268
1534166026653322
1534166027153656
1534166027653434
1534166028653563
1534166029153594
1534166029653896
1534166030654005
1534166031154064
1534166031654117
1534166032154173
1534166032654226
1534166033158059
1534166033654325
1534166034154382
1534166034654434
1534166035155003
1534166035654543
1534166036154597
1534166036654655
1534166037154706
1534166037654763
1534166038154825
