1534176112804653
1534176113304735
1534176114304831
1534176117305010
1534176120305263
1534176121305351
1534176121805397
1534176129806323
1534176132306597
1534176135307020
1534176136307154
1534176139307614
1534176140807853
1534176143308225
1534176146308686
1534176147808897
1534176150309270
1534176151309440
1534176163811188
1534176165811472
1534176170812206
1534176171312274
1534176172312421
1534176173312565
1534176176312986
1534176178813355
1534176180813679
1534176181313747
1534176184814270
1534176190815123
1534176191815258
1534176193315464
1534176196815994
1534176198816300
1534176203817040
1534176205817405
