1534176112305754
1534176112305965
1534176112306039
1534176112306105
1534176112306126
1534176112306303
1534176112306430
1534176112306511
1534176112306561
1534176112307260
1534176112307458
1534176112307668
1534176112307744
1534176112805988
1534176112806107
1534176112806241
1534176112806431
1534176112806691
1534176112806889
1534176112807047
1534176112807182
1534176112807264
1534176113305509
1534176113305645
1534176113305707
1534176113305736
1534176113305800
1534176113306229
1534176113306283
1534176113306337
1534176113306356
1534176113306390
1534176113307105
1534176113307153
1534176113307237
1534176113307291
1534176113307822
1534176113308016
1534176113308273
1534176113806029
1534176113806094
1534176113806237
1534176113806279
1534176113806396
1534176113806446
1534176113806541
1534176113806672
1534176113806957
1534176113807019
1534176113807274
1534176113807508
1534176113807828
1534176113807954
1534176113808019
1534176114306624
1534176114306692
1534176114306816
1534176114306957
1534176114307326
1534176114307516
1534176114307685
1534176114307814
1534176114307895
1534176114806364
1534176114806469
1534176114806694
1534176114806889
1534176114807127
1534176114807327
1534176114807510
1534176114807693
1534176114807781
1534176115305539
1534176115305626
1534176115305721
1534176115306058
1534176115306200
1534176115306326
1534176115306382
1534176115307015
1534176115307219
1534176115307357
1534176115307407
1534176115307464
1534176115806323
1534176115806479
1534176115806668
1534176115807080
1534176115807241
1534176115807454
1534176115807617
1534176115807708
1534176115807757
1534176115807813
1534176116306183
1534176116306203
1534176116306217
1534176116306345
1534176116306519
1534176116306849
1534176116307044
1534176116307250
1534176116307463
1534176116307641
1534176116307842
1534176116806815
1534176116806903
1534176116807036
1534176116807087
1534176116807429
1534176116807611
1534176116807796
1534176116807911
1534176116808014
1534176117305759
1534176117306117
1534176117306582
1534176117306813
1534176117307037
1534176117307258
1534176117307453
1534176117307594
1534176117307737
1534176117307800
1534176117805548
1534176117805880
1534176117805990
1534176117806616
1534176117807176
1534176117807416
1534176117807444
1534176117807548
1534176117807938
1534176117808039
1534176117808146
1534176118305438
1534176118306024
1534176118306312
1534176118306554
1534176118306775
1534176118306945
1534176118307186
1534176118307523
1534176118307668
1534176118307998
1534176118308130
1534176118805720
1534176118805949
1534176118806332
1534176118806579
1534176118806741
1534176118806991
1534176118807197
1534176118807448
1534176118807492
1534176118807553
1534176119306229
1534176119306391
1534176119306531
1534176119306791
1534176119307119
1534176119307317
1534176119307581
1534176119307682
1534176119307761
1534176119806513
1534176119806677
1534176119806914
1534176119807175
1534176119807382
1534176119807602
1534176119807768
1534176119807918
1534176119808009
1534176120305814
1534176120306060
1534176120306320
1534176120306526
1534176120306866
1534176120307103
1534176120307378
1534176120307540
1534176120307625
1534176120307723
1534176120806174
1534176120806204
1534176120806361
1534176120806466
1534176120806674
1534176120806700
1534176120806787
1534176120806905
1534176120807321
1534176120807360
1534176120807487
1534176120807543
1534176120808418
1534176120808500
1534176120808550
1534176121305887
1534176121306150
1534176121306244
1534176121306413
1534176121306653
1534176121306909
1534176121307218
1534176121307479
1534176121307606
1534176121307910
1534176121308019
1534176121807163
1534176121807212
1534176121807293
1534176121807346
1534176121807459
1534176121807858
1534176121808065
1534176121808233
1534176121808299
1534176121808340
1534176122305859
1534176122306912
1534176122307230
1534176122307447
1534176122307708
1534176122307859
1534176122308193
1534176122308421
1534176122308591
1534176122308688
1534176122806562
1534176122806861
1534176122807155
1534176122807470
1534176122807763
1534176122807998
1534176122808167
1534176122808264
1534176122808311
1534176123306248
1534176123306491
1534176123306704
1534176123306948
1534176123307149
1534176123307411
1534176123307619
1534176123307782
1534176123308003
1534176123308135
1534176123308236
1534176123806757
1534176123807049
1534176123807206
1534176123807444
1534176123807679
1534176123807910
1534176123808012
1534176123808142
1534176123808303
1534176124306643
1534176124307493
1534176124307602
1534176124308070
1534176124308099
1534176124308183
1534176124308358
1534176124308446
1534176124308565
1534176124308643
1534176124308666
1534176124308677
1534176124806959
1534176124807722
1534176124807853
1534176124808013
1534176124808175
1534176124808359
1534176124808533
1534176124808656
1534176124808851
1534176125306243
1534176125306254
1534176125306266
1534176125306769
1534176125306905
1534176125307093
1534176125307257
1534176125307280
1534176125307386
1534176125307408
1534176125307519
1534176125307683
1534176125307757
1534176125307848
1534176125308158
1534176125308324
1534176125806476
1534176125806635
1534176125806902
1534176125807134
1534176125807429
1534176125807786
1534176125808082
1534176125808246
1534176125808375
1534176125808481
1534176126307029
1534176126307072
1534176126307311
1534176126307591
1534176126307837
1534176126308088
1534176126308316
1534176126308496
1534176126308601
1534176126308749
1534176126806558
1534176126807034
1534176126807338
1534176126807451
1534176126807556
1534176126807646
1534176126807704
1534176126807903
1534176126808210
1534176126808424
1534176126808646
1534176126808802
1534176126808871
1534176127306537
1534176127306606
1534176127307445
1534176127307637
1534176127307723
1534176127307826
1534176127308008
1534176127308122
1534176127308128
1534176127308139
1534176127308235
1534176127308260
1534176127308289
1534176127309000
1534176127309086
1534176127309166
1534176127806576
1534176127806953
1534176127807118
1534176127807297
1534176127807555
1534176127807884
1534176127808171
1534176127808186
1534176127808385
1534176127808479
1534176127808651
1534176127808764
1534176128306864
1534176128307048
1534176128307222
1534176128307384
1534176128307427
1534176128307594
1534176128307670
1534176128308156
1534176128308217
1534176128308316
1534176128308372
1534176128309262
1534176128309328
1534176128309385
1534176128807094
1534176128807216
1534176128807477
1534176128807740
1534176128808094
1534176128808312
1534176128808517
1534176128808661
1534176128808776
1534176128808848
1534176129307549
1534176129307615
1534176129307694
1534176129307754
1534176129307936
1534176129308179
1534176129308394
1534176129308521
1534176129308908
1534176129308998
1534176129309081
1534176129807001
1534176129807154
1534176129807240
1534176129807299
1534176129808042
1534176129808377
1534176129808682
1534176129808881
1534176129809012
1534176129809120
1534176129809149
1534176129809206
1534176130308000
1534176130308085
1534176130308156
1534176130308402
1534176130308596
1534176130308781
1534176130308907
1534176130309016
1534176130309134
1534176130807279
1534176130807511
1534176130807617
1534176130807757
1534176130807863
1534176130807923
1534176130807982
1534176130808772
1534176130808837
1534176130808956
1534176130809023
1534176130809078
1534176131307179
1534176131307592
1534176131307859
1534176131308008
1534176131308209
1534176131308514
1534176131308746
1534176131308973
1534176131309182
1534176131309364
1534176131309524
1534176131808324
1534176131808432
1534176131808621
1534176131808796
1534176131809076
1534176131809247
1534176131809380
1534176131809461
1534176131809585
1534176131809610
1534176132307525
1534176132307630
1534176132307684
1534176132307759
1534176132308377
1534176132308494
1534176132308726
1534176132308774
1534176132308957
1534176132309054
1534176132310107
1534176132310300
1534176132310397
1534176132808711
1534176132808884
1534176132808997
1534176132809175
1534176132809197
1534176132809361
1534176132809567
1534176132809677
1534176132809690
1534176132809783
1534176132809849
1534176133308596
1534176133309247
1534176133309744
1534176133309822
1534176133309927
1534176133310059
1534176133310178
1534176133310270
1534176133310371
1534176133807545
1534176133807903
1534176133808207
1534176133808495
1534176133808773
1534176133808956
1534176133809172
1534176133809331
1534176133809449
1534176133809554
1534176134307857
1534176134308277
1534176134308389
1534176134308625
1534176134308808
1534176134309046
1534176134309260
1534176134309426
1534176134309554
1534176134309631
1534176134807866
1534176134807922
1534176134808038
1534176134808193
1534176134808393
1534176134808610
1534176134808703
1534176134808848
1534176134809003
1534176134809121
1534176134809186
1534176134809243
1534176135309081
1534176135309170
1534176135309250
1534176135309272
1534176135309381
1534176135309530
1534176135309752
1534176135310006
1534176135310165
1534176135310232
1534176135807752
1534176135807940
1534176135808190
1534176135808425
1534176135808532
1534176135808640
1534176135808825
1534176135808882
1534176135808922
1534176135809534
1534176135809623
1534176135809681
1534176136307626
1534176136307783
1534176136307803
1534176136308046
1534176136308205
1534176136308431
1534176136308686
1534176136308869
1534176136309072
1534176136309333
1534176136309578
1534176136309738
1534176136310087
1534176136310271
1534176136310345
1534176136807813
1534176136808142
1534176136808330
1534176136808613
1534176136809007
1534176136809214
1534176136809396
1534176136809518
1534176136809684
1534176136809771
1534176136809892
1534176137308065
1534176137308334
1534176137308615
1534176137308808
1534176137309021
1534176137309199
1534176137309487
1534176137309741
1534176137309864
1534176137310003
1534176137807872
1534176137808092
1534176137808193
1534176137808252
1534176137808392
1534176137808689
1534176137809043
1534176137809222
1534176137809273
1534176137809464
1534176137809539
1534176137809875
1534176137809974
1534176137810081
1534176138308905
1534176138309005
1534176138309189
1534176138309435
1534176138309697
1534176138309919
1534176138310090
1534176138310228
1534176138310389
1534176138808674
1534176138808802
1534176138808964
1534176138809128
1534176138809304
1534176138809436
1534176138809577
1534176138809651
1534176138809774
1534176138809961
1534176138810028
1534176138810211
1534176138810278
1534176139308340
1534176139308535
1534176139308954
1534176139309091
1534176139309454
1534176139309686
1534176139309927
1534176139310131
1534176139310301
1534176139310418
1534176139310508
1534176139808258
1534176139808731
1534176139808990
1534176139809280
1534176139809506
1534176139809735
1534176139809964
1534176139810186
1534176139810259
1534176139810342
1534176140308480
1534176140308635
1534176140309179
1534176140309494
1534176140309747
1534176140309968
1534176140310136
1534176140310291
1534176140310444
1534176140310621
1534176140809125
1534176140809207
1534176140809278
1534176140809512
1534176140809657
1534176140809737
1534176140809896
1534176140809961
1534176140810405
1534176140810473
1534176140810564
1534176141309217
1534176141309329
1534176141309496
1534176141309693
1534176141309918
1534176141310134
1534176141310270
1534176141310389
1534176141310455
1534176141808944
1534176141809335
1534176141809466
1534176141809764
1534176141809786
1534176141810020
1534176141810200
1534176141810411
1534176141810564
1534176141810656
1534176142309450
1534176142309570
1534176142309722
1534176142309873
1534176142310269
1534176142310468
1534176142310672
1534176142310763
1534176142310868
1534176142809765
1534176142810313
1534176142810411
1534176142810557
1534176142810728
1534176142810984
1534176142811138
1534176142811275
1534176142811374
1534176143309814
1534176143309900
1534176143310013
1534176143310079
1534176143310209
1534176143310331
1534176143310760
1534176143310853
1534176143310980
1534176143311401
1534176143311647
1534176143311779
1534176143311843
1534176143808770
1534176143808960
1534176143809110
1534176143809197
1534176143809250
1534176143809301
1534176143809731
1534176143809820
1534176143809936
1534176143810021
1534176143810489
1534176143810579
1534176143810649
1534176143810720
1534176143811305
1534176143811349
1534176143811425
1534176144310062
1534176144310355
1534176144310479
1534176144310744
1534176144310993
1534176144311221
1534176144311370
1534176144311531
1534176144311619
1534176144809131
1534176144809297
1534176144809502
1534176144809736
1534176144809907
1534176144810036
1534176144810102
1534176144810281
1534176144810425
1534176144810564
1534176144810684
1534176144810752
1534176144810787
1534176145309035
1534176145309207
1534176145309297
1534176145309371
1534176145309419
1534176145310086
1534176145310421
1534176145310885
1534176145311090
1534176145311248
1534176145311367
1534176145311506
1534176145810606
1534176145810667
1534176145810749
1534176145810943
1534176145811212
1534176145811356
1534176145811487
1534176145811580
1534176145811637
1534176146309527
1534176146309758
1534176146309972
1534176146310262
1534176146310506
1534176146310665
1534176146310863
1534176146310996
1534176146311119
1534176146311231
1534176146809145
1534176146809617
1534176146809806
1534176146810228
1534176146810483
1534176146810809
1534176146811041
1534176146811144
1534176146811207
1534176146811354
1534176147309452
1534176147309543
1534176147309653
1534176147309718
1534176147309787
1534176147309810
1534176147309863
1534176147309928
1534176147310964
1534176147311025
1534176147311093
1534176147311294
1534176147311371
1534176147810598
1534176147811291
1534176147811379
1534176147811476
1534176147811615
1534176147811851
1534176147812121
1534176147812162
1534176147812176
1534176147812243
1534176148309846
1534176148309892
1534176148310122
1534176148310427
1534176148310742
1534176148310898
1534176148311027
1534176148311053
1534176148311113
1534176148311173
1534176148809720
1534176148809863
1534176148809970
1534176148810051
1534176148810112
1534176148810582
1534176148810862
1534176148811013
1534176148811423
1534176148811653
1534176148811842
1534176148811894
1534176149309835
1534176149310099
1534176149310303
1534176149310677
1534176149310949
1534176149311267
1534176149311443
1534176149311612
1534176149311734
1534176149311782
1534176149811019
1534176149811113
1534176149811221
1534176149811328
1534176149811499
1534176149811705
1534176149811927
1534176149812057
1534176149812176
1534176150309806
1534176150310062
1534176150310223
1534176150310352
1534176150310439
1534176150310593
1534176150310781
1534176150310886
1534176150310962
1534176150311309
1534176150311411
1534176150311485
1534176150311559
1534176150809825
1534176150809926
1534176150810118
1534176150810460
1534176150810712
1534176150810852
1534176150811034
1534176150811171
1534176150811294
1534176150811386
1534176150811469
1534176150811538
1534176150812067
1534176150812189
1534176150812239
1534176151311442
1534176151311569
1534176151311688
1534176151311845
1534176151312033
1534176151312108
1534176151312317
1534176151312402
1534176151312510
1534176151312585
1534176151810119
1534176151810310
1534176151810331
1534176151810652
1534176151810881
1534176151811083
1534176151811365
1534176151811504
1534176151811663
1534176151811874
1534176151812002
1534176151812110
1534176152311446
1534176152311607
1534176152311715
1534176152311824
1534176152311979
1534176152312152
1534176152312337
1534176152312544
1534176152312652
1534176152810412
1534176152810739
1534176152810962
1534176152811288
1534176152811589
1534176152811852
1534176152812059
1534176152812168
1534176152812318
1534176152812396
1534176153310345
1534176153310660
1534176153310875
1534176153311069
1534176153311345
1534176153311640
1534176153311917
1534176153312017
1534176153312114
1534176153312277
1534176153810479
1534176153810792
1534176153810996
1534176153811253
1534176153811530
1534176153811854
1534176153812044
1534176153812298
1534176153812359
1534176153812421
1534176154310534
1534176154310678
1534176154310939
1534176154311260
1534176154311505
1534176154311781
1534176154312095
1534176154312319
1534176154312517
1534176154312676
1534176154811500
1534176154811682
1534176154811955
1534176154811978
1534176154812273
1534176154812553
1534176154812735
1534176154812839
1534176154812935
1534176154813020
1534176155311081
1534176155311238
1534176155311327
1534176155311469
1534176155311894
1534176155312013
1534176155312213
1534176155312385
1534176155312790
1534176155312929
1534176155810543
1534176155810742
1534176155810967
1534176155811085
1534176155811304
1534176155811392
1534176155811653
1534176155811765
1534176155811839
1534176155811954
1534176155812060
1534176155812483
1534176155812636
1534176155812752
1534176156310781
1534176156311065
1534176156311421
1534176156311663
1534176156311898
1534176156312008
1534176156312204
1534176156312299
1534176156312432
1534176156313300
1534176156811826
1534176156811971
1534176156812160
1534176156812333
1534176156812581
1534176156812780
1534176156812963
1534176156813115
1534176156813218
1534176157311218
1534176157311430
1534176157311628
1534176157311879
1534176157312070
1534176157312180
1534176157312280
1534176157312376
1534176157312404
1534176157312810
1534176157312914
1534176157313005
1534176157812004
1534176157812046
1534176157812117
1534176157812287
1534176157812536
1534176157812723
1534176157812881
1534176157813008
1534176157813112
1534176158312261
1534176158312349
1534176158312461
1534176158312633
1534176158312880
1534176158313157
1534176158313254
1534176158313275
1534176158313279
1534176158313410
1534176158811135
1534176158811434
1534176158811748
1534176158811986
1534176158812317
1534176158812548
1534176158812777
1534176158812920
1534176158813049
1534176158813163
1534176159311477
1534176159311724
1534176159311968
1534176159312152
1534176159312274
1534176159312443
1534176159312607
1534176159312756
1534176159312832
1534176159313667
1534176159313772
1534176159313858
1534176159813480
1534176159813604
1534176159814352
1534176159814442
1534176159814545
1534176159814691
1534176159814832
1534176159814935
1534176159815025
1534176160312125
1534176160312256
1534176160312546
1534176160312736
1534176160312912
1534176160313030
1534176160313288
1534176160313323
1534176160313489
1534176160812847
1534176160812893
1534176160812988
1534176160813030
1534176160813074
1534176160813117
1534176160813225
1534176160813560
1534176160813768
1534176160813881
1534176160814062
1534176160814112
1534176161311430
1534176161311795
1534176161312124
1534176161312429
1534176161312657
1534176161312815
1534176161313005
1534176161313138
1534176161313278
1534176161313414
1534176161313494
1534176161313587
1534176161313651
1534176161811305
1534176161811472
1534176161811732
1534176161811899
1534176161812048
1534176161812188
1534176161812352
1534176161812588
1534176161812654
1534176161812721
1534176161812877
1534176161812964
1534176161813116
1534176161813249
1534176161813359
1534176162313576
1534176162313726
1534176162313852
1534176162313960
1534176162314113
1534176162314280
1534176162314398
1534176162314538
1534176162314834
1534176162314989
1534176162811691
1534176162811889
1534176162812093
1534176162812232
1534176162812423
1534176162812507
1534176162812576
1534176162813214
1534176162813422
1534176162813826
1534176162813917
1534176163311901
1534176163312187
1534176163312464
1534176163312739
1534176163312964
1534176163313296
1534176163313525
1534176163313655
1534176163313733
1534176163812241
1534176163812395
1534176163812575
1534176163812813
1534176163813167
1534176163813514
1534176163813697
1534176163813804
1534176163813864
1534176163813918
1534176163814010
1534176164311952
1534176164312671
1534176164312794
1534176164312991
1534176164313221
1534176164313481
1534176164313698
1534176164313926
1534176164314054
1534176164314113
1534176164812239
1534176164812338
1534176164812424
1534176164812473
1534176164812927
1534176164813110
1534176164813157
1534176164813314
1534176164813377
1534176164813505
1534176164813700
1534176164813795
1534176164813907
1534176164814008
1534176164814099
1534176164814230
1534176165312042
1534176165312248
1534176165312423
1534176165312642
1534176165312751
1534176165312871
1534176165313024
1534176165313286
1534176165313391
1534176165313471
1534176165313524
1534176165314217
1534176165314365
1534176165314480
1534176165314517
1534176165811775
1534176165811916
1534176165812102
1534176165812290
1534176165812350
1534176165812460
1534176165812601
1534176165812743
1534176165812926
1534176165813064
1534176165813232
1534176165813714
1534176165813882
1534176165813993
1534176165814148
1534176166312023
1534176166312127
1534176166312268
1534176166312406
1534176166312446
1534176166312469
1534176166312480
1534176166312824
1534176166312979
1534176166313081
1534176166313136
1534176166313174
1534176166313213
1534176166313248
1534176166812846
1534176166812964
1534176166813138
1534176166813301
1534176166813508
1534176166813733
1534176166813892
1534176166814003
1534176166814121
1534176167313101
1534176167313776
1534176167313876
1534176167313923
1534176167314367
1534176167314521
1534176167314650
1534176167314693
1534176167314756
1534176167812952
1534176167813220
1534176167813395
1534176167813596
1534176167813892
1534176167814194
1534176167814465
1534176167814662
1534176167814862
1534176167814959
1534176167815095
1534176168312509
1534176168313195
1534176168313367
1534176168313934
1534176168314148
1534176168314375
1534176168314544
1534176168314715
1534176168315024
1534176168315132
1534176168813394
1534176168813556
1534176168813746
1534176168813868
1534176168814077
1534176168814324
1534176168814465
1534176168814628
1534176168814725
1534176169312773
1534176169313059
1534176169313314
1534176169313484
1534176169313770
1534176169313982
1534176169314439
1534176169314519
1534176169314544
1534176169314605
1534176169812996
1534176169813303
1534176169813472
1534176169813856
1534176169814164
1534176169814432
1534176169814716
1534176169814873
1534176169814970
1534176169815040
1534176170313656
1534176170313819
1534176170314033
1534176170314284
1534176170314517
1534176170314720
1534176170314870
1534176170314970
1534176170315154
1534176170812787
1534176170812980
1534176170813218
1534176170813338
1534176170813504
1534176170813700
1534176170814158
1534176170814326
1534176170814609
1534176170814737
1534176170814923
1534176171313401
1534176171313446
1534176171313505
1534176171313604
1534176171313645
1534176171313766
1534176171313824
1534176171313870
1534176171313941
1534176171314508
1534176171314819
1534176171315198
1534176171315575
1534176171315600
1534176171315681
1534176171813519
1534176171813635
1534176171813693
1534176171813985
1534176171814318
1534176171814580
1534176171814960
1534176171815099
1534176171815326
1534176171815461
1534176172313539
1534176172313640
1534176172313692
1534176172314559
1534176172314699
1534176172314935
1534176172315066
1534176172315235
1534176172315362
1534176172315526
1534176172813234
1534176172813453
1534176172813820
1534176172813972
1534176172814240
1534176172814619
1534176172814909
1534176172815025
1534176172815130
1534176172815278
1534176173313237
1534176173313386
1534176173313590
1534176173313768
1534176173313884
1534176173313999
1534176173314099
1534176173315211
1534176173315235
1534176173315341
1534176173315530
1534176173315609
1534176173813294
1534176173813498
1534176173813594
1534176173813656
1534176173814508
1534176173814672
1534176173814882
1534176173815159
1534176173815432
1534176173815558
1534176173815637
1534176173815755
1534176174313592
1534176174313885
1534176174314286
1534176174314657
1534176174314949
1534176174315176
1534176174315318
1534176174315562
1534176174315893
1534176174315944
1534176174813889
1534176174814247
1534176174814363
1534176174814524
1534176174814840
1534176174815025
1534176174815241
1534176174815381
1534176174815443
1534176175313658
1534176175313879
1534176175313905
1534176175314050
1534176175314187
1534176175314350
1534176175314509
1534176175315148
1534176175315370
1534176175315487
1534176175315543
1534176175813544
1534176175814002
1534176175814323
1534176175814758
1534176175815113
1534176175815445
1534176175815647
1534176175815752
1534176175815850
1534176175816024
1534176176314727
1534176176315083
1534176176315233
1534176176315446
1534176176315669
1534176176315878
1534176176316075
1534176176316255
1534176176316365
1534176176316503
1534176176813762
1534176176814049
1534176176814251
1534176176814514
1534176176814662
1534176176814946
1534176176815189
1534176176815419
1534176176815496
1534176176815657
1534176177314068
1534176177314224
1534176177314479
1534176177314612
1534176177314792
1534176177314957
1534176177315085
1534176177315182
1534176177315258
1534176177315300
1534176177814038
1534176177814559
1534176177814822
1534176177815063
1534176177815545
1534176177815611
1534176177815670
1534176177815716
1534176177815782
1534176178314010
1534176178314301
1534176178314594
1534176178314753
1534176178314965
1534176178315147
1534176178315389
1534176178315598
1534176178315723
1534176178315843
1534176178315963
1534176178815036
1534176178815165
1534176178815320
1534176178815491
1534176178815755
1534176178815945
1534176178816083
1534176178816224
1534176178816300
1534176179314065
1534176179314402
1534176179314667
1534176179314908
1534176179315150
1534176179315357
1534176179315527
1534176179315755
1534176179315844
1534176179316006
1534176179316050
1534176179316138
1534176179814514
1534176179814637
1534176179814750
1534176179814921
1534176179815622
1534176179815982
1534176179816075
1534176179816174
1534176179816219
1534176180314035
1534176180314127
1534176180314631
1534176180314858
1534176180315120
1534176180315353
1534176180315540
1534176180315562
1534176180315567
1534176180315578
1534176180315801
1534176180315873
1534176180316459
1534176180316561
1534176180316632
1534176180815546
1534176180815658
1534176180815847
1534176180816069
1534176180816237
1534176180816342
1534176180816507
1534176180816716
1534176180816908
1534176180817032
1534176181314268
1534176181314524
1534176181314688
1534176181314786
1534176181314882
1534176181315370
1534176181315462
1534176181315791
1534176181315887
1534176181315970
1534176181316023
1534176181316202
1534176181316241
1534176181316354
1534176181316381
1534176181317039
1534176181317077
1534176181317192
1534176181815106
1534176181815259
1534176181815428
1534176181815581
1534176181815740
1534176181815882
1534176181816001
1534176181816147
1534176181816520
1534176181816571
1534176181816594
1534176181816678
1534176182315404
1534176182315552
1534176182315679
1534176182315881
1534176182316147
1534176182316373
1534176182316515
1534176182316626
1534176182316677
1534176182814356
1534176182814516
1534176182814532
1534176182814971
1534176182815110
1534176182815270
1534176182815392
1534176182815523
1534176182815600
1534176182816489
1534176182816668
1534176182816777
1534176182816844
1534176182816911
1534176183315033
1534176183315466
1534176183315720
1534176183315938
1534176183316194
1534176183316392
1534176183316615
1534176183316795
1534176183316950
1534176183317080
1534176183814665
1534176183815204
1534176183815297
1534176183815345
1534176183815854
1534176183815964
1534176183816033
1534176183816087
1534176183816770
1534176183816950
1534176183817055
1534176183817083
1534176183817155
1534176183817243
1534176184314695
1534176184314826
1534176184315128
1534176184315296
1534176184315593
1534176184315812
1534176184316057
1534176184316344
1534176184316593
1534176184316820
1534176184316843
1534176184316914
1534176184814863
1534176184815196
1534176184815280
1534176184815524
1534176184815709
1534176184816033
1534176184816209
1534176184816451
1534176184816612
1534176184816951
1534176184817072
1534176184817152
1534176185316088
1534176185316218
1534176185316354
1534176185316484
1534176185316617
1534176185316710
1534176185316805
1534176185317298
1534176185317377
1534176185317566
1534176185815720
1534176185816089
1534176185816203
1534176185816363
1534176185816615
1534176185816819
1534176185816975
1534176185817156
1534176185817237
1534176186314864
1534176186315128
1534176186315335
1534176186315682
1534176186315925
1534176186316219
1534176186316547
1534176186316678
1534176186316770
1534176186316847
1534176186815413
1534176186815600
1534176186815801
1534176186816057
1534176186816216
1534176186816281
1534176186816421
1534176186817161
1534176186817356
1534176186817435
1534176186817461
1534176187315580
1534176187316177
1534176187316260
1534176187316375
1534176187316542
1534176187316715
1534176187316830
1534176187316944
1534176187316960
1534176187317011
1534176187815375
1534176187815567
1534176187815589
1534176187815728
1534176187815911
1534176187816167
1534176187816188
1534176187816405
1534176187816661
1534176187816735
1534176187816903
1534176187816979
1534176188315279
1534176188315420
1534176188315613
1534176188315754
1534176188315896
1534176188316065
1534176188316352
1534176188316534
1534176188316628
1534176188316772
1534176188815721
1534176188816347
1534176188816522
1534176188816635
1534176188816787
1534176188816870
1534176188816951
1534176188817004
1534176188817260
1534176188817434
1534176188817507
1534176188817667
1534176188817733
1534176188817861
1534176188817908
1534176189316021
1534176189316667
1534176189316805
1534176189316833
1534176189316975
1534176189317003
1534176189317130
1534176189317338
1534176189317561
1534176189317746
1534176189317878
1534176189816081
1534176189816253
1534176189816463
1534176189816608
1534176189816743
1534176189816874
1534176189816997
1534176189817053
1534176189817881
1534176189818043
1534176189818088
1534176190315674
1534176190315736
1534176190316035
1534176190316394
1534176190316640
1534176190316967
1534176190317093
1534176190317236
1534176190317433
1534176190317514
1534176190816396
1534176190816651
1534176190816748
1534176190817089
1534176190817572
1534176190817806
1534176190817923
1534176190818278
1534176190818373
1534176190818532
1534176190818713
1534176190818802
1534176191316701
1534176191316810
1534176191316902
1534176191316986
1534176191317092
1534176191317161
1534176191317710
1534176191317779
1534176191317885
1534176191318598
1534176191318650
1534176191815917
1534176191816138
1534176191816305
1534176191816430
1534176191816527
1534176191816613
1534176191816744
1534176191817407
1534176191817670
1534176191817909
1534176191818030
1534176191818074
1534176191818263
1534176192316634
1534176192316841
1534176192317249
1534176192317544
1534176192317998
1534176192318169
1534176192318313
1534176192318430
1534176192318524
1534176192817439
1534176192817588
1534176192818388
1534176192819027
1534176192819202
1534176192819355
1534176192819437
1534176192819480
1534176192819544
1534176193315996
1534176193316332
1534176193316566
1534176193316592
1534176193316775
1534176193316955
1534176193317201
1534176193317438
1534176193317616
1534176193317825
1534176193317946
1534176193318032
1534176193818474
1534176193818571
1534176193818632
1534176193818761
1534176193818913
1534176193819045
1534176193819121
1534176193819187
1534176193819849
1534176193819927
1534176194316983
1534176194317083
1534176194317199
1534176194317450
1534176194317661
1534176194317840
1534176194318103
1534176194318316
1534176194318459
1534176194318548
1534176194816694
1534176194817074
1534176194817266
1534176194817518
1534176194817764
1534176194818051
1534176194818260
1534176194818393
1534176194818546
1534176194818620
1534176195316297
1534176195316481
1534176195316574
1534176195316641
1534176195317582
1534176195317621
1534176195317909
1534176195318232
1534176195318413
1534176195318652
1534176195318786
1534176195318876
1534176195816883
1534176195816926
1534176195816992
1534176195817101
1534176195817158
1534176195817193
1534176195817533
1534176195817622
1534176195817669
1534176195817693
1534176195817725
1534176195818152
1534176195818215
1534176195818300
1534176195818327
1534176196316819
1534176196316932
1534176196317218
1534176196317394
1534176196317526
1534176196317703
1534176196317923
1534176196318046
1534176196318217
1534176196318314
1534176196816688
1534176196817320
1534176196817705
1534176196817934
1534176196818311
1534176196818510
1534176196818781
1534176196818925
1534176196819022
1534176196819093
1534176197317137
1534176197317458
1534176197317707
1534176197317974
1534176197318245
1534176197318544
1534176197318706
1534176197318822
1534176197318896
1534176197818835
1534176197819020
1534176197819351
1534176197819538
1534176197819648
1534176197819873
1534176197820050
1534176197820215
1534176197820237
1534176197820274
1534176198317236
1534176198317428
1534176198317699
1534176198317966
1534176198318160
1534176198318333
1534176198318511
1534176198318745
1534176198318788
1534176198818798
1534176198818871
1534176198818989
1534176198819135
1534176198819402
1534176198819614
1534176198819770
1534176198819867
1534176198819958
1534176199317368
1534176199317967
1534176199318248
1534176199318538
1534176199318845
1534176199319032
1534176199319149
1534176199319232
1534176199319309
1534176199817158
1534176199817305
1534176199817445
1534176199817504
1534176199817797
1534176199817975
1534176199818087
1534176199818203
1534176199818389
1534176199818592
1534176199818692
1534176199818713
1534176199818889
1534176199819297
1534176200317690
1534176200317806
1534176200317937
1534176200318047
1534176200318085
1534176200318474
1534176200318628
1534176200318865
1534176200319153
1534176200319360
1534176200319453
1534176200817086
1534176200817382
1534176200817544
1534176200817641
1534176200818127
1534176200818173
1534176200818285
1534176200818875
1534176200819053
1534176200819219
1534176200819471
1534176200819567
1534176200819613
1534176201318298
1534176201318410
1534176201319076
1534176201319160
1534176201319238
1534176201319253
1534176201319326
1534176201319423
1534176201319490
1534176201319653
1534176201319762
1534176201817493
1534176201818223
1534176201818338
1534176201818448
1534176201819167
1534176201819315
1534176201819520
1534176201819709
1534176201819833
1534176201819962
1534176202318058
1534176202318077
1534176202318558
1534176202318685
1534176202318877
1534176202319139
1534176202319327
1534176202319498
1534176202319613
1534176202319740
1534176202817439
1534176202817682
1534176202817750
1534176202817928
1534176202818072
1534176202818130
1534176202818330
1534176202818429
1534176202818477
1534176202818500
1534176202818521
1534176203317632
1534176203317872
1534176203318163
1534176203318432
1534176203318869
1534176203319224
1534176203319340
1534176203319415
1534176203319491
1534176203319557
1534176203817814
1534176203818069
1534176203818376
1534176203818541
1534176203818672
1534176203818771
1534176203819294
1534176203819381
1534176203819616
1534176203819747
1534176203819927
1534176203820002
1534176204318379
1534176204318827
1534176204318970
1534176204319239
1534176204319534
1534176204319799
1534176204319991
1534176204320111
1534176204320178
1534176204818467
1534176204818600
1534176204818767
1534176204818964
1534176204819181
1534176204819331
1534176204819505
1534176204819581
1534176204819682
1534176204819797
1534176204819843
1534176205317926
1534176205318052
1534176205318334
1534176205318572
1534176205318725
1534176205318999
1534176205319203
1534176205319304
1534176205319713
1534176205319823
1534176205819241
1534176205819748
1534176205820110
1534176205820677
1534176205820760
1534176205820833
1534176205820886
1534176205821028
1534176205821112
1534176206318032
1534176206318209
1534176206318468
1534176206318623
1534176206318841
1534176206319101
1534176206319278
1534176206319668
1534176206319911
1534176206320081
1534176206320236
1534176206818157
1534176206818516
1534176206818820
1534176206818957
1534176206819247
1534176206819505
1534176206819585
1534176206819826
1534176206819941
1534176206820063
1534176207318817
1534176207318974
1534176207319035
1534176207319152
1534176207319286
1534176207319371
1534176207319508
1534176207319906
1534176207320186
1534176207320287
1534176207320322
1534176207321071
1534176207321213
1534176207321287
1534176207818515
1534176207818710
1534176207818879
1534176207819210
1534176207819552
1534176207819770
1534176207820002
1534176207820172
1534176207820300
1534176207820456
1534176207820516
1534176208318483
1534176208318873
1534176208319234
1534176208319416
1534176208319670
1534176208319882
1534176208319904
1534176208320110
1534176208320400
1534176208320593
1534176208320700
1534176208818754
1534176208819407
1534176208819495
1534176208819666
1534176208819901
1534176208820126
1534176208820282
1534176208820413
1534176208820508
1534176208820620
1534176209318593
1534176209318857
1534176209319077
1534176209319319
1534176209319553
1534176209319812
1534176209320005
1534176209320288
1534176209320404
1534176209320542
1534176209818657
1534176209819058
1534176209819154
1534176209819402
1534176209819501
1534176209819696
1534176209819821
1534176209819912
1534176209819936
1534176209820080
1534176209820117
1534176209820360
1534176209820424
1534176210318509
1534176210318636
1534176210318804
1534176210319024
1534176210319167
1534176210319320
1534176210319531
1534176210319643
1534176210319704
1534176210319788
1534176210320157
1534176210320343
1534176210320502
1534176210320713
1534176210818982
1534176210819009
1534176210819053
1534176210819067
1534176210819145
1534176210819899
1534176210820015
1534176210820160
1534176210820255
1534176210820367
1534176210820440
1534176210820772
1534176210820839
1534176210820880
1534176211318634
1534176211318747
1534176211319383
1534176211319553
1534176211319779
1534176211319955
1534176211320354
1534176211320459
1534176211320543
1534176211320781
1534176211320918
1534176211321001
1534176211321145
