1534176112307833
1534176112806946
1534176113306916
1534176114308326
1534176115810375
1534176117307002
1534176120307434
1534176121308266
1534176121808380
1534176123309894
1534176123310192
1534176123310703
1534176127309777
1534176129808101
1534176132308857
1534176133809081
1534176134309240
1534176135310041
1534176136309963
1534176138309864
1534176139309934
1534176139809699
1534176140810642
1534176141812352
1534176143310698
1534176146311020
1534176147313991
1534176147811419
1534176150311053
1534176151313431
1534176153311862
1534176155811830
1534176158813216
1534176158815932
1534176160813632
1534176161316305
1534176163813311
1534176165813134
1534176166314438
1534176170813926
1534176171314341
1534176172316135
1534176173314110
1534176174814917
1534176176316128
1534176177815929
1534176178815970
1534176180816607
1534176181315034
1534176184816371
1534176186816331
1534176187316500
1534176187816443
1534176190817042
1534176191318697
1534176191817101
1534176193317644
1534176193820147
1534176196818316
1534176197318348
1534176198321427
1534176198819755
1534176200318779
1534176202819140
1534176203818858
1534176205820356
1534176206319942
1534176207820099
