1532014042636921
1532014043136999
1532014043636994
1532014044137022
1532014044637102
1532014045137164
1532014045637268
1532014046137385
1532014046637354
1532014047137449
1532014047637536
1532014048137624
1532014048637743
1532014049137971
1532014049637911
1532014050138073
1532014050638175
1532014051138414
1532014051638358
1532014052138394
1532014052638392
1532014053138439
1532014053138495
1532014053638515
1532014054138626
1532014054638712
1532014055138687
1532014055638846
1532014056138904
1532014056639040
1532014057139120
1532014057639194
1532014058139229
1532014058639431
1532014059139564
1532014059639565
1532014060139729
1532014060639816
1532014061139850
1532014061639968
1532014062140139
1532014062640110
1532014063140574
1532014063640285
1532014064140320
1532014064640396
1532014065140505
1532014065640607
1532014066140734
1532014066640860
1532014067140896
1532014067640939
1532014068142044
1532014068641068
1532014069141157
1532014069641238
1532014070141302
1532014070641411
1532014071141445
1532014071641935
1532014072141636
1532014072641734
1532014073141818
1532014073641957
1532014074141996
1532014074642141
1532014075142164
1532014075642726
1532014076142358
1532014076642429
1532014077142558
1532014077642675
1532014078142703
1532014078642772
1532014079142821
1532014079642918
1532014080143065
1532014080643117
1532014081143193
1532014081643230
1532014082143450
1532014082643532
1532014083143606
1532014083644942
1532014084143768
1532014084643789
1532014085143874
1532014085643897
1532014086144051
1532014086644096
1532014087144210
1532014087645497
1532014088144523
1532014088644522
1532014089144648
1532014089644644
1532014089644799
1532014090144762
1532014090644840
1532014091144909
1532014091645591
1532014092145267
1532014092645354
1532014093145478
1532014093645570
1532014094145801
1532014094645760
1532014095145803
1532014095646102
1532014096145928
1532014096646210
1532014097146138
1532014097646209
1532014098146274
1532014098646298
1532014099146432
1532014099646430
1532014100146516
1532014100646699
1532014101146684
1532014101646763
1532014102146873
1532014102646929
1532014103146930
1532014103647100
1532014104147143
1532014104647203
1532014105147518
1532014105647406
1532014106147542
1532014106647585
1532014107147651
1532014107649188
1532014108148050
1532014108648219
1532014109148516
1532014109648425
1532014110148788
1532014110648601
1532014111149181
1532014111648731
1532014112149259
1532014112648850
1532014113149434
1532014113649031
1532014114149548
1532014114649089
1532014114649141
1532014115149623
1532014115651608
1532014115651948
1532014116149713
1532014116649720
1532014117149933
1532014117649914
1532014118149997
1532014118650177
1532014118650306
1532014119150186
1532014119650268
1532014120150461
1532014120650481
1532014121150516
1532014121650600
1532014122150653
1532014122650687
1532014123150810
1532014123650957
1532014124150966
1532014124651058
1532014125151044
1532014125651203
1532014126151347
1532014126651377
1532014127151427
1532014127653200
1532014128151692
1532014128651793
1532014129152031
1532014129651907
1532014130151981
1532014130652064
1532014131152221
1532014131652441
1532014132152468
1532014132652609
1532014133152863
1532014133652720
1532014134152863
1532014134652867
1532014135152988
1532014135653110
1532014136153103
1532014136653138
1532014137153234
1532014137653316
1532014138153413
1532014138153587
1532014138653525
1532014139153578
1532014139654047
1532014140153783
1532014140653874
1532014141153899
1532014141654034
1532014142162443
