1532014042637485
1532014043137877
1532014043637540
1532014044137581
1532014044637841
1532014045137852
1532014045638117
1532014046138125
1532014046637986
1532014047138202
1532014047638256
1532014048138473
1532014048638515
1532014049138765
1532014049638613
1532014050138839
1532014050639055
1532014051139293
1532014051638952
1532014052138970
1532014052639004
1532014053139234
1532014053639466
1532014054139492
1532014054639358
1532014055139391
1532014055639635
1532014056139499
1532014056639883
1532014057139923
1532014057639808
1532014058139806
1532014058640232
1532014059140460
1532014059640166
1532014060140574
1532014060640638
1532014061140482
1532014061640882
1532014062140925
1532014062640791
1532014063141232
1532014063641016
1532014064140922
1532014064641280
1532014065141309
1532014065641360
1532014066141595
1532014066641620
1532014067141482
1532014067641536
1532014068143137
1532014068641760
1532014069142006
1532014069642026
1532014070141885
1532014070642286
1532014071142153
1532014071642837
1532014072142259
1532014072642509
1532014073142675
1532014073642912
1532014074142558
1532014074642996
1532014075142849
1532014075643536
1532014076142908
1532014076643147
1532014077143375
1532014077643438
1532014078143285
1532014078643671
1532014079143519
1532014079643727
1532014080143983
1532014080643825
1532014081144068
1532014081643915
1532014082144166
1532014082644369
1532014083144212
1532014083645635
1532014084144476
1532014084644510
1532014085144740
1532014085644591
1532014086144816
1532014086644883
1532014087145082
1532014087647569
1532014088145236
1532014088645211
1532014089145436
1532014089645300
1532014090145354
1532014090645749
1532014091145788
1532014091646533
1532014092145924
1532014092646132
1532014093146404
1532014093646425
1532014094146795
1532014094646486
1532014095146505
1532014095646778
1532014096146576
1532014096647173
1532014097146869
1532014097647057
1532014098146908
1532014098646977
1532014099147358
1532014099647427
1532014100147246
1532014100647513
1532014101147298
1532014101647535
1532014102147761
1532014102647627
1532014103147513
1532014103647901
1532014104147719
1532014105148197
1532014105648032
1532014106148294
1532014106648317
1532014107148585
1532014107650026
1532014108148752
1532014108649043
1532014109149529
1532014109649148
1532014110149373
1532014110649200
1532014111149811
1532014111649457
1532014112150054
1532014112649532
1532014113150113
1532014113649616
1532014114150217
1532014114649681
1532014115150281
1532014115654265
1532014116150365
1532014116650411
1532014117150820
1532014117650516
1532014118150903
1532014118650969
1532014119150793
1532014119651231
1532014120151242
1532014120651075
1532014121151120
1532014121651360
1532014122151223
1532014122651247
1532014123151656
1532014123651703
1532014124151552
1532014124651956
1532014125151597
1532014125652024
1532014126152069
1532014126651937
1532014127151981
1532014127654033
1532014128152244
1532014128652648
1532014129152874
1532014129652541
1532014130152758
1532014130652855
1532014131153044
1532014131653278
1532014132153146
1532014132653554
1532014133153626
1532014133653423
1532014134153682
1532014134653559
1532014135153933
1532014135654029
1532014136153819
1532014137153885
1532014137654121
1532014138154344
1532014138654198
1532014139154237
1532014139655441
1532014140154571
1532014140654855
1532014141154657
1532014141654973
1532014142165245
