1531848786771246
1531848787271315
1531848787771385
1531848788271463
1531848788771534
1531848789271616
1531848789771699
1531848790271777
1531848790771851
1531848791271948
1531848791772021
1531848792272093
1531848792772166
1531848793272247
1531848793772324
1531848794272396
1531848794772473
1531848795272551
1531848795772626
1531848796272699
1531848796772776
1531848797272848
1531848797772920
1531848798272993
1531848798773062
1531848799273133
1531848799773210
1531848800273281
1531848800773357
1531848801273427
1531848801773500
1531848802273573
1531848802773646
1531848803273716
1531848803773811
1531848804273884
1531848804773956
1531848805274029
1531848805774101
1531848806274171
1531848806774249
1531848807274322
1531848807774394
1531848808274469
1531848808774547
1531848809274623
1531848809774692
1531848810274766
1531848810774862
1531848811274934
1531848811775010
1531848812275093
1531848812775168
1531848813275238
1531848813775318
1531848814275394
1531848814775471
1531848815275542
1531848815775617
1531848816275689
1531848816775775
1531848817275847
1531848817775920
1531848818275991
1531848818776068
1531848819276147
1531848819776219
1531848820276296
1531848820776374
1531848821276478
1531848821776553
1531848822276631
1531848822776707
1531848823276795
1531848823776869
1531848824276941
1531848824777017
1531848825277087
1531848825777162
1531848826277237
1531848826777317
1531848827277396
1531848827777470
1531848828277557
1531848828777669
1531848829277751
1531848829777832
1531848830277916
1531848830778002
1531848831278092
1531848831778164
1531848832278240
1531848832778329
1531848833278407
1531848833778478
1531848834278550
1531848834778634
1531848835278708
1531848835778787
1531848836278867
1531848836778957
1531848837279029
1531848837779104
1531848838279197
1531848838779283
1531848839279357
1531848839779430
1531848840279507
1531848840779580
1531848841279657
1531848841779732
1531848842279824
1531848842779907
1531848843279992
1531848843780082
1531848844280154
1531848844780242
1531848845280326
1531848845780436
1531848846280519
1531848846780609
1531848847280686
1531848847780759
1531848848280840
1531848848780913
1531848849280987
1531848849781061
1531848850281145
1531848850781224
1531848851281298
1531848851781369
1531848852281452
1531848852781535
1531848853281612
1531848853781687
1531848854281766
1531848854781843
1531848855281922
1531848855782000
1531848856282071
1531848856782147
1531848857282221
1531848857782303
1531848858282383
1531848858782458
1531848859282530
1531848859782611
1531848860282703
1531848860782782
1531848861282861
1531848861782933
1531848862283006
1531848862783085
1531848863283164
1531848863783238
1531848864283313
1531848864783385
1531848865283461
1531848865783537
1531848866283615
1531848866783691
1531848867283767
1531848867783845
1531848868283919
1531848868783998
1531848869284071
1531848869784145
1531848870284229
1531848870784310
1531848871284385
1531848871784472
1531848872284548
1531848872784623
1531848873284697
1531848873784775
1531848874284848
1531848874784946
1531848875285024
1531848875785116
1531848876285196
1531848876785271
1531848877285353
1531848877785444
1531848878285533
1531848878785612
1531848879285697
1531848879785774
1531848880285861
1531848880785938
1531848881286015
1531848881786108
1531848882286205
1531848882786281
1531848883286358
1531848883786432
1531848884286504
1531848884786578
1531848885286670
1531848885787643
