1531848786271683
1531848786771660
1531848787271770
1531848787771740
1531848788271847
1531848788771886
1531848789272020
1531848789772109
1531848790272171
1531848790772164
1531848791272301
1531848791772395
1531848792272407
1531848792772505
1531848793272589
1531848793772713
1531848794272746
1531848794772895
1531848795272907
1531848795773002
1531848796273026
1531848796773061
1531848797273178
1531848797773218
1531848798273317
1531848798773377
1531848799273469
1531848799773711
1531848800273625
1531848800773633
1531848801273768
1531848801773826
1531848802273917
1531848802774007
1531848803274011
1531848803774150
1531848804274193
1531848804774335
1531848804774435
1531848805274339
1531848805774432
1531848806274549
1531848806774633
1531848807274676
1531848807774722
1531848808274822
1531848808774970
1531848809274972
1531848809775023
1531848810275108
1531848810775317
1531848811275280
1531848811775361
1531848812275461
1531848812775499
1531848813275582
1531848813775637
1531848814275742
1531848814775823
1531848815275902
1531848815775967
1531848816275999
1531848816776078
1531848817276245
1531848817776263
1531848818276334
1531848818776434
1531848819276471
1531848819776608
1531848820276646
1531848820776884
1531848821277340
1531848821777006
1531848822277144
1531848822777195
1531848823277167
1531848823777265
1531848824277298
1531848824777398
1531848825277534
1531848825777567
1531848826277778
1531848826777839
1531848827277741
1531848827777847
1531848828277941
1531848828778127
1531848829278155
1531848829778201
1531848830278364
1531848830778489
1531848831278533
1531848831778553
1531848832278740
1531848832778752
1531848833278782
1531848833778878
1531848834278920
1531848834779050
1531848835279097
1531848835779196
1531848836279327
1531848836779355
1531848837279430
1531848837779564
1531848838279582
1531848838779679
1531848839279751
1531848839779807
1531848840279872
1531848840780092
1531848841280117
1531848841780427
1531848842280289
1531848842780961
1531848843280381
1531848843780839
1531848844280508
1531848844781003
1531848845280780
1531848845781138
1531848846281020
1531848846781032
1531848847281134
1531848847781172
1531848848281244
1531848848781276
1531848849281366
1531848849781475
1531848850281598
1531848850781597
1531848850781622
1531848851281693
1531848851281783
1531848851781755
1531848852281883
1531848852781983
1531848853282074
1531848853782130
1531848854282150
1531848854782290
1531848855282329
1531848855782496
1531848856282458
1531848856782518
1531848857282698
1531848857782650
1531848858282886
1531848858782894
1531848859282977
1531848859782983
1531848860283221
1531848860783224
1531848861283288
1531848861783309
1531848862283394
1531848862783481
1531848862783528
1531848863283539
1531848863783608
1531848864283725
1531848864783806
1531848865283850
1531848865783984
1531848866284008
1531848866784210
1531848867284203
1531848867784196
1531848868284326
1531848868784486
1531848869284401
1531848869784562
1531848870284643
1531848870784778
1531848871284919
1531848871784889
1531848872284930
1531848872785014
1531848873285082
1531848873785111
1531848874285296
1531848874785909
1531848875285514
1531848875785630
1531848876285703
1531848876785771
1531848877285913
1531848877785904
1531848878285967
1531848878786223
1531848879286182
1531848879786313
1531848880286330
1531848880786346
1531848881286493
1531848881786590
1531848882286739
1531848882786726
1531848883286738
1531848883786855
1531848884286920
1531848884787047
1531848885287176
1531848885793516
