1531848786772379
1531848787272687
1531848787772491
1531848788272807
1531848788772596
1531848789272920
1531848789772999
1531848790273032
1531848790772839
1531848791273168
1531848791773440
1531848792273010
1531848792773550
1531848793273610
1531848793773664
1531848794273462
1531848794773773
1531848795273590
1531848795773900
1531848796273698
1531848796773747
1531848797274061
1531848797773864
1531848798274180
1531848798774234
1531848799274295
1531848799774607
1531848800274386
1531848800774218
1531848801274751
1531848801774812
1531848802274864
1531848802774931
1531848803274719
1531848803775042
1531848804275099
1531848804775160
1531848805274959
1531848805775285
1531848806275561
1531848806775613
1531848807275422
1531848807775732
1531848808275778
1531848808775854
1531848809275647
1531848809775954
1531848810276021
1531848810776084
1531848811275876
1531848811776203
1531848812276493
1531848812776298
1531848813276599
1531848813776656
1531848814276744
1531848814776769
1531848815276822
1531848815776888
1531848816276678
1531848816777004
1531848817277071
1531848817776866
1531848818277167
1531848818777463
1531848819277057
1531848819777584
1531848820277390
1531848820777856
1531848821278045
1531848821777841
1531848822278175
1531848822778197
1531848823277785
1531848823778296
1531848824278100
1531848824778417
1531848825278480
1531848825778535
1531848826278831
1531848826778887
1531848827278441
1531848827778760
1531848828278810
1531848828779125
1531848829278910
1531848829778966
1531848830279365
1531848830779383
1531848831279173
1531848831779204
1531848832279540
1531848832779557
1531848833279410
1531848833780008
1531848834279822
1531848834780390
1531848835280117
1531848835779938
1531848836280212
1531848836780058
1531848837280339
1531848837780633
1531848838280208
1531848838780732
1531848839280791
1531848839780600
1531848840280901
1531848840781011
1531848841280778
1531848841781094
1531848842280900
1531848842781951
1531848843280996
1531848843781540
1531848844281130
1531848844781668
1531848845281475
1531848845781831
1531848846281816
1531848846781667
1531848847282196
1531848847781770
1531848848282302
1531848848781891
1531848849282419
1531848849782470
1531848850282549
1531848850782340
1531848851282645
1531848851782446
1531848852282767
1531848852782832
1531848853283116
1531848853783173
1531848854282754
1531848854783290
1531848855283346
1531848855783399
1531848856283199
1531848856783516
1531848857283569
1531848857783966
1531848858283699
1531848858783506
1531848859284037
1531848859783612
1531848860284150
1531848860783960
1531848861284282
1531848861784074
1531848862284389
1531848862784448
1531848863284256
1531848863784554
1531848864284615
1531848864784679
1531848865284732
1531848865785026
1531848866284605
1531848866785137
1531848867284938
1531848867784984
1531848868285290
1531848868785376
1531848869285159
1531848869785489
1531848870285543
1531848870785894
1531848871285980
1531848871785706
1531848872285539
1531848872786057
1531848873286115
1531848873785907
1531848874286237
1531848874786960
1531848875286410
1531848875786706
1531848876286730
1531848876786789
1531848877286887
1531848877786670
1531848878286995
1531848878787031
1531848879286852
1531848879787362
1531848880287024
1531848880786981
1531848881287541
1531848881787584
1531848882287689
1531848882787497
1531848883287498
1531848883787817
1531848884287879
1531848884787944
1531848885288233
1531848885796185
