1534236908190575
1534236908690648
1534236909190788
1534236909690864
1534236910190948
1534236910691594
1534236911191668
1534236911691775
1534236912191848
1534236912691931
1534236913192003
1534236913692098
1534236914192174
1534236914692256
1534236915192356
1534236915692434
1534236916192514
1534236916692585
1534236917192682
1534236917692758
1534236918192860
1534236918692938
1534236919193040
1534236919693161
1534236920193238
1534236920693315
1534236921193412
1534236921693502
1534236922193577
1534236922693650
1534236923193722
1534236923693832
1534236924193905
1534236924693986
1534236925194067
1534236925694142
1534236926194216
1534236926694298
1534236927194374
1534236927694463
1534236928194540
1534236928694624
1534236929194701
1534236929694773
1534236930194858
1534236930695064
1534236931195135
1534236931695208
1534236932195280
1534236932695402
1534236933195472
1534236933695546
1534236934195652
1534236934695739
1534236935195818
1534236935695929
1534236936196002
1534236936696099
1534236937196186
1534236937696275
1534236938196359
1534236938696445
1534236939196541
1534236939696616
1534236940196692
1534236940696782
1534236941196889
1534236941696981
1534236942197067
1534236943197247
1534236943697338
1534236944197416
1534236944697516
1534236945197607
1534236945697718
1534236946197794
1534236946697907
1534236947197997
1534236947698111
1534236948198186
1534236948698260
1534236949198405
1534236949698538
1534236950198631
1534236950698712
1534236951198839
1534236951698913
1534236952198989
1534236952699069
1534236953199158
1534236953699239
1534236954199315
1534236954699428
1534236955199509
1534236955699595
1534236956199680
1534236956699819
1534236957199910
1534236957700018
1534236958200145
1534236958700229
1534236959200318
1534236959700467
1534236960200551
1534236960700631
1534236961200732
1534236961700836
1534236962200930
1534236962701011
1534236963201162
1534236963701281
1534236964201379
1534236964701475
1534236965201570
1534236965701769
1534236966201890
1534236966701980
1534236967202081
1534236967702198
1534236968202282
1534236968702368
1534236969202488
1534236969702564
1534236970202687
1534236970702802
1534236971202933
1534236971703008
1534236972203090
1534236972703207
1534236973203330
1534236973703411
1534236974203514
1534236974703629
1534236975203713
1534236975703806
1534236976203917
1534236976704019
1534236977204094
1534236977704218
1534236978204312
1534236978704385
1534236979204462
1534236979704541
1534236980204616
1534236980704709
1534236981204841
1534236981704949
1534236982205025
1534236982705147
1534236983205232
1534236983705343
1534236984205430
1534236984705521
1534236985205605
1534236985705693
1534236986205799
1534236986705875
1534236987205950
1534236987706027
1534236988206105
1534236988706186
1534236989206263
1534236989706353
1534236990206477
1534236990706652
1534236991206727
1534236991706804
1534236992207003
1534236992707137
1534236993207213
1534236993707286
1534236994207363
1534236994707458
1534236995207536
1534236995707627
1534236996207729
1534236996707804
1534236997207879
1534236997707980
1534236998208054
1534236998708131
1534236999208213
1534236999708308
1534237000208405
1534237000708489
1534237001208567
1534237001708651
1534237002208753
1534237002708844
1534237003208927
1534237003709040
1534237004209137
1534237004709215
1534237005209293
1534237005709533
1534237006209610
1534237006709721
