1534236907691479
1534236908191611
1534236908691621
1534236909191416
1534236909691513
1534236910191539
1534236910692357
1534236911192706
1534236911692375
1534236912192552
1534236912692751
1534236913192808
1534236913693233
1534236914192779
1534236914693106
1534236915192956
1534236915692994
1534236916193105
1534236916693298
1534236917193563
1534236917693504
1534236918194001
1534236918693755
1534236919193620
1534236919694809
1534236920194316
1534236920694073
1534236921194029
1534236921694139
1534236922194212
1534236922694554
1534236923194302
1534236923694429
1534236924194632
1534236924694577
1534236925194824
1534236925694660
1534236926194870
1534236926695169
1534236927195183
1534236927695242
1534236928195090
1534236928695310
1534236929195895
1534236929695670
1534236930195669
1534236930696405
1534236931196034
1534236931695755
1534236932195821
1534236932696169
1534236933196121
1534236933696222
1534236934196273
1534236934696429
1534236935196467
1534236935696754
1534236936196783
1534236936696681
1534236937197378
1534236937696998
1534236938197559
1534236938697943
1534236939197507
1534236939697240
1534236940197531
1534236940697709
1534236941197761
1534236941698301
1534236942197888
1534236942698019
1534236943198411
1534236943698365
1534236944198232
1534236944698260
1534236945198369
1534236945698650
1534236946198669
1534236946698840
1534236947198968
1534236947699368
1534236948198895
1534236948699034
1534236949199503
1534236949700081
1534236950199677
1534236950699874
1534236950699902
1534236951200392
1534236951700094
1534236952200313
1534236952700470
1534236953200726
1534236953700234
1534236954200036
1534236954700274
1534236955200430
1534236955700776
1534236956201331
1534236956703476
1534236957201088
1534236957701308
1534236958201943
1534236958702210
1534236959200997
1534236959702063
1534236960201370
1534236960702057
1534236961201434
1534236961201660
1534236961702097
1534236962201942
1534236962701972
1534236963202521
1534236963702172
1534236964202184
1534236964702656
1534236965202483
1534236965704074
1534236966202915
1534236966702946
1534236967202857
1534236967702991
1534236968203778
1534236968703160
1534236969204370
1534236969703705
1534236970203693
1534236970704010
1534236971204360
1534236971704181
1534236972203890
1534236972703948
1534236973204754
1534236973704263
1534236974204618
1534236974704637
1534236975204439
1534236975704697
1534236976204656
1534236976705106
1534236977205704
1534236977705024
1534236978205179
1534236978705636
1534236979206025
1534236979705687
1534236980205768
1534236980705387
1534236981205947
1534236981705989
1534236982205878
1534236982706400
1534236983205985
1534236983706374
1534236984206423
1534236984706704
1534236985206617
1534236985706555
1534236986206800
1534236986707503
1534236987207284
1534236987707097
1534236988208079
1534236988707159
1534236989207144
1534236989707563
1534236990208046
1534236990707786
1534236991208124
1534236991707802
1534236992208188
1534236992707837
1534236993208676
1534236993708264
1534236994208140
1534236994708559
1534236995208269
1534236995708919
1534236996208781
1534236996709435
1534236997208954
1534236997709307
1534236997709340
1534236998208975
1534236998708910
1534236999209542
1534236999709254
1534237000209209
1534237000709316
1534237001209850
1534237001709854
1534237002210146
1534237002709966
1534237003209962
1534237003710342
1534237004209974
1534237004710123
1534237005211306
1534237005711695
1534237005711889
1534237006210684
1534237006710884
