1534236907691597
1534236907691614
1534236907691622
1534236907691628
1534236907691635
1534236907691641
1534236908191682
1534236908191696
1534236908191704
1534236908191710
1534236908191717
1534236908191723
1534236908191730
1534236908691695
1534236908691708
1534236908691721
1534236908691729
1534236908691736
1534236908691753
1534236909191511
1534236909191526
1534236909191533
1534236909191539
1534236909191546
1534236909191553
1534236909691557
1534236909691571
1534236909691578
1534236909691586
1534236909691593
1534236909691600
1534236910191574
1534236910191587
1534236910191595
1534236910191602
1534236910191609
1534236910191616
1534236910691698
1534236910692424
1534236910692440
1534236910692447
1534236910692455
1534236910692463
1534236910692470
1534236911192549
1534236911192768
1534236911192780
1534236911192787
1534236911192794
1534236911192801
1534236911192807
1534236911692443
1534236911692457
1534236911692464
1534236911692471
1534236911692480
1534236911692486
1534236912192586
1534236912192599
1534236912192606
1534236912192613
1534236912192620
1534236912192628
1534236912192635
1534236912692809
1534236912692823
1534236912692830
1534236912692842
1534236912692849
1534236912692860
1534236912692866
1534236913192872
1534236913192887
1534236913192896
1534236913192909
1534236913192916
1534236913192923
1534236913693031
1534236913693299
1534236913693308
1534236913693315
1534236913693321
1534236913693328
1534236913693335
1534236914192853
1534236914192870
1534236914192878
1534236914192888
1534236914192896
1534236914192904
1534236914693155
1534236914693169
1534236914693177
1534236914693185
1534236914693191
1534236914693198
1534236914693205
1534236915193100
1534236915193112
1534236915193119
1534236915193126
1534236915193132
1534236915193139
1534236915693084
1534236915693103
1534236915693110
1534236915693122
1534236915693128
1534236915693135
1534236916193224
1534236916193240
1534236916193248
1534236916193255
1534236916193262
1534236916193269
1534236916193279
1534236916693338
1534236916693355
1534236916693363
1534236916693369
1534236916693376
1534236916693383
1534236916693391
1534236917193466
1534236917193608
1534236917193618
1534236917193625
1534236917193632
1534236917193639
1534236917193646
1534236917693610
1534236917693622
1534236917693629
1534236917693636
1534236917693643
1534236917693649
1534236918194038
1534236918194052
1534236918194060
1534236918194067
1534236918194074
1534236918194080
1534236918194087
1534236918693794
1534236918693806
1534236918693817
1534236918693825
1534236918693832
1534236918693839
1534236919193655
1534236919193669
1534236919193677
1534236919193684
1534236919193691
1534236919193698
1534236919693835
1534236919694919
1534236919694931
1534236919694939
1534236919694948
1534236919694958
1534236919694965
1534236920194383
1534236920194399
1534236920194407
1534236920194415
1534236920194423
1534236920194431
1534236920694122
1534236920694137
1534236920694148
1534236920694155
1534236920694161
1534236920694173
1534236921194079
1534236921194093
1534236921194101
1534236921194108
1534236921194116
1534236921194123
1534236921694216
1534236921694228
1534236921694235
1534236921694242
1534236921694248
1534236921694255
1534236921694262
1534236922194322
1534236922194336
1534236922194343
1534236922194350
1534236922194357
1534236922194363
1534236922194370
1534236922694463
1534236922694608
1534236922694620
1534236922694627
1534236922694634
1534236922694640
1534236922694650
1534236923194357
1534236923194378
1534236923194386
1534236923194394
1534236923194402
1534236923194410
1534236923694511
1534236923694525
1534236923694533
1534236923694541
1534236923694548
1534236923694554
1534236923694562
1534236924194681
1534236924194697
1534236924194705
1534236924194711
1534236924194718
1534236924194725
1534236924194731
1534236924694655
1534236924694669
1534236924694676
1534236924694686
1534236924694693
1534236924694700
1534236925194888
1534236925194907
1534236925194920
1534236925194928
1534236925194935
1534236925194941
1534236925194947
1534236925694768
1534236925694780
1534236925694788
1534236925694796
1534236925694803
1534236925694809
1534236926194929
1534236926194953
1534236926194962
1534236926194970
1534236926194978
1534236926194985
1534236926194992
1534236926695061
1534236926695215
1534236926695224
1534236926695231
1534236926695238
1534236926695245
1534236926695256
1534236927195292
1534236927195311
1534236927195322
1534236927195331
1534236927195340
1534236927195348
1534236927195356
1534236927695298
1534236927695315
1534236927695323
1534236927695331
1534236927695339
1534236927695347
1534236928195165
1534236928195181
1534236928195190
1534236928195197
1534236928195209
1534236928195217
1534236928695359
1534236928695376
1534236928695384
1534236928695397
1534236928695405
1534236928695412
1534236928695423
1534236929195665
1534236929195923
1534236929195934
1534236929195941
1534236929195949
1534236929195955
1534236929195963
1534236929695724
1534236929695745
1534236929695752
1534236929695759
1534236929695766
1534236929695773
1534236930195719
1534236930195734
1534236930195743
1534236930195750
1534236930195758
1534236930195765
1534236930695985
1534236930696489
1534236930696503
1534236930696512
1534236930696521
1534236930696528
1534236930696539
1534236931196103
1534236931196120
1534236931196128
1534236931196141
1534236931196148
1534236931196156
1534236931695796
1534236931695816
1534236931695825
1534236931695836
1534236931695844
1534236931695851
1534236932195915
1534236932195932
1534236932195940
1534236932195954
1534236932195962
1534236932195970
1534236932195983
1534236932696220
1534236932696238
1534236932696246
1534236932696255
1534236932696263
1534236932696272
1534236932696280
1534236933196246
1534236933196266
1534236933196274
1534236933196287
1534236933196294
1534236933196302
1534236933696305
1534236933696322
1534236933696332
1534236933696341
1534236933696350
1534236933696358
1534236934196459
1534236934196477
1534236934196487
1534236934196496
1534236934196504
1534236934196513
1534236934196520
1534236934696491
1534236934696506
1534236934696515
1534236934696525
1534236934696533
1534236934696541
1534236935196543
1534236935196560
1534236935196569
1534236935196576
1534236935196585
1534236935196592
1534236935696697
1534236935696788
1534236935696798
1534236935696805
1534236935696812
1534236935696820
1534236935696827
1534236936196835
1534236936196856
1534236936196869
1534236936196877
1534236936196886
1534236936196895
1534236936696775
1534236936696790
1534236936696799
1534236936696813
1534236936696821
1534236936696828
1534236937196908
1534236937197458
1534236937197472
1534236937197481
1534236937197495
1534236937197505
1534236937197518
1534236937697084
1534236937697111
1534236937697120
1534236937697129
1534236937697137
1534236937697150
1534236938197343
1534236938197599
1534236938197611
1534236938197621
1534236938197636
1534236938197645
1534236938197654
1534236938697722
1534236938698016
1534236938698031
1534236938698040
1534236938698049
1534236938698057
1534236938698069
1534236939197551
1534236939197568
1534236939197578
1534236939197587
1534236939197596
1534236939197605
1534236939697776
1534236939697794
1534236939697804
1534236939697813
1534236939697823
1534236939697832
1534236939697840
1534236940197770
1534236940197794
1534236940197810
1534236940197819
1534236940197831
1534236940197840
1534236940697757
1534236940697775
1534236940697784
1534236940697798
1534236940697806
1534236940697814
1534236941197809
1534236941197829
1534236941197839
1534236941197852
1534236941197861
1534236941197871
1534236941698355
1534236941698373
1534236941698383
1534236941698393
1534236941698401
1534236941698411
1534236941698420
1534236942197959
1534236942197979
1534236942197988
1534236942198000
1534236942198009
1534236942198019
1534236942698072
1534236942698090
1534236942698100
1534236942698114
1534236942698123
1534236942698132
1534236942698150
1534236943198251
1534236943198453
1534236943198466
1534236943198475
1534236943198491
1534236943198500
1534236943198508
1534236943698413
1534236943698433
1534236943698443
1534236943698452
1534236943698462
1534236943698471
1534236944198301
1534236944198318
1534236944198328
1534236944198337
1534236944198346
1534236944198355
1534236944698319
1534236944698338
1534236944698349
1534236944698369
1534236944698378
1534236944698387
1534236945198502
1534236945198517
1534236945198528
1534236945198538
1534236945198546
1534236945198554
1534236945198563
1534236945698813
1534236945698827
1534236945698835
1534236945698850
1534236945698858
1534236945698866
1534236945698874
1534236946198792
1534236946198813
1534236946198823
1534236946198832
1534236946198841
1534236946198851
1534236946698878
1534236946698899
1534236946698908
1534236946698918
1534236946698927
1534236946698936
1534236946698945
1534236947199058
1534236947199076
1534236947199087
1534236947199096
1534236947199104
1534236947199113
1534236947199122
1534236947699230
1534236947699430
1534236947699443
1534236947699451
1534236947699459
1534236947699468
1534236947699476
1534236948198973
1534236948198992
1534236948199002
1534236948199010
1534236948199019
1534236948199029
1534236948699072
1534236948699089
1534236948699099
1534236948699108
1534236948699118
1534236948699126
1534236948699135
1534236949199989
1534236949200004
1534236949200013
1534236949200026
1534236949200033
1534236949200041
1534236949200049
1534236949700143
1534236949700156
1534236949700165
1534236949700173
1534236949700181
1534236949700189
1534236949700197
1534236950199788
1534236950199806
1534236950199815
1534236950199830
1534236950199845
1534236950199853
1534236950700135
1534236950700156
1534236950700165
1534236950700173
1534236950700181
1534236950700189
1534236950700196
1534236951200377
1534236951200470
1534236951200482
1534236951200490
1534236951200507
1534236951200515
1534236951200528
1534236951700134
1534236951700149
1534236951700158
1534236951700167
1534236951700176
1534236951700190
1534236952200324
1534236952200339
1534236952200349
1534236952200359
1534236952200368
1534236952200375
1534236952200383
1534236952700842
1534236952700861
1534236952700870
1534236952700879
1534236952700887
1534236952700894
1534236952700903
1534236953200809
1534236953200825
1534236953200838
1534236953200846
1534236953200858
1534236953200867
1534236953700311
1534236953700328
1534236953700338
1534236953700346
1534236953700354
1534236953700362
1534236954200192
1534236954200211
1534236954200220
1534236954200229
1534236954200237
1534236954200245
1534236954700314
1534236954700330
1534236954700338
1534236954700347
1534236954700355
1534236954700362
1534236954700370
1534236955201101
1534236955201115
1534236955201123
1534236955201137
1534236955201144
1534236955201152
1534236955201159
1534236955700892
1534236955700907
1534236955700917
1534236955700938
1534236955700947
1534236955700966
1534236956201061
1534236956201391
1534236956201405
1534236956201413
1534236956201421
1534236956201429
1534236956201437
1534236956701633
1534236956703511
1534236956703527
1534236956703537
1534236956703545
1534236956703553
1534236956703562
1534236957201300
1534236957201317
1534236957201325
1534236957201337
1534236957201349
1534236957201358
1534236957701379
1534236957701394
1534236957701402
1534236957701416
1534236957701424
1534236957701432
1534236957701439
1534236958201600
1534236958201980
1534236958201993
1534236958202006
1534236958202015
1534236958202028
1534236958202036
1534236958702169
1534236958702290
1534236958702304
1534236958702312
1534236958702320
1534236958702328
1534236958702336
1534236959201050
1534236959201067
1534236959201076
1534236959201085
1534236959201093
1534236959201100
1534236959701185
1534236959702128
1534236959702142
1534236959702154
1534236959702163
1534236959702171
1534236959702179
1534236960201512
1534236960201532
1534236960201541
1534236960201550
1534236960201562
1534236960201571
1534236960701702
1534236960702141
1534236960702155
1534236960702163
1534236960702171
1534236960702180
1534236960702192
1534236961201617
1534236961201633
1534236961201646
1534236961201655
1534236961201663
1534236961201672
1534236961701748
1534236961702160
1534236961702173
1534236961702182
1534236961702191
1534236961702203
1534236961702211
1534236962202032
1534236962202050
1534236962202059
1534236962202068
1534236962202076
1534236962202084
1534236962702093
1534236962702108
1534236962702118
1534236962702126
1534236962702136
1534236962702144
1534236963202900
1534236963202914
1534236963202929
1534236963202938
1534236963202945
1534236963202953
1534236963202966
1534236963702206
1534236963702228
1534236963702239
1534236963702246
1534236963702259
1534236963702267
1534236964202224
1534236964202241
1534236964202250
1534236964202260
1534236964202268
1534236964202276
1534236964702441
1534236964702716
1534236964702728
1534236964702736
1534236964702744
1534236964702753
1534236964702761
1534236965202567
1534236965202586
1534236965202594
1534236965202604
1534236965202611
1534236965202619
1534236965702840
1534236965704172
1534236965704190
1534236965704200
1534236965704209
1534236965704216
1534236965704225
1534236966203133
1534236966203149
1534236966203158
1534236966203167
1534236966203175
1534236966203184
1534236966703067
1534236966703083
1534236966703092
1534236966703101
1534236966703109
1534236966703118
1534236967202899
1534236967202916
1534236967202925
1534236967202934
1534236967202942
1534236967202950
1534236967703326
1534236967703347
1534236967703358
1534236967703366
1534236967703377
1534236967703391
1534236967703399
1534236968203502
1534236968203825
1534236968203842
1534236968203860
1534236968203870
1534236968203878
1534236968203887
1534236968703246
1534236968703262
1534236968703271
1534236968703286
1534236968703294
1534236968703302
1534236969203492
1534236969204404
1534236969204419
1534236969204430
1534236969204440
1534236969204448
1534236969204457
1534236969703762
1534236969703781
1534236969703790
1534236969703800
1534236969703808
1534236969703816
1534236970203747
1534236970203762
1534236970203772
1534236970203780
1534236970203793
1534236970203801
1534236970703925
1534236970704041
1534236970704053
1534236970704061
1534236970704075
1534236970704084
1534236970704092
1534236971204308
1534236971204402
1534236971204416
1534236971204425
1534236971204434
1534236971204442
1534236971204450
1534236971704242
1534236971704259
1534236971704269
1534236971704277
1534236971704285
1534236971704293
1534236972204067
1534236972204086
1534236972204095
1534236972204104
1534236972204112
1534236972204120
1534236972704007
1534236972704024
1534236972704035
1534236972704045
1534236972704053
1534236972704061
1534236973205074
1534236973205087
1534236973205095
1534236973205110
1534236973205118
1534236973205126
1534236973205133
1534236973704499
1534236973704516
1534236973704525
1534236973704535
1534236973704543
1534236973704550
1534236974204633
1534236974204652
1534236974204670
1534236974204678
1534236974204686
1534236974204694
1534236974204708
1534236974704887
1534236974704902
1534236974704915
1534236974704923
1534236974704931
1534236974704940
1534236974704948
1534236975204525
1534236975204542
1534236975204551
1534236975204560
1534236975204569
1534236975204577
1534236975704701
1534236975704752
1534236975704769
1534236975704778
1534236975704789
1534236975704798
1534236975704807
1534236976204738
1534236976204758
1534236976204767
1534236976204776
1534236976204784
1534236976204792
1534236976705597
1534236976705615
1534236976705624
1534236976705638
1534236976705646
1534236976705655
1534236976705663
1534236977205783
1534236977205797
1534236977205806
1534236977205816
1534236977205824
1534236977205832
1534236977205840
1534236977705072
1534236977705091
1534236977705099
1534236977705109
1534236977705118
1534236977705127
1534236978205214
1534236978205230
1534236978205239
1534236978205248
1534236978205256
1534236978205264
1534236978205272
1534236978705400
1534236978705675
1534236978705687
1534236978705695
1534236978705704
1534236978705712
1534236978705720
1534236979205827
1534236979206059
1534236979206072
1534236979206080
1534236979206090
1534236979206098
1534236979206106
1534236979705751
1534236979705771
1534236979705781
1534236979705790
1534236979705798
1534236979705806
1534236980205868
1534236980205883
1534236980205891
1534236980205906
1534236980205914
1534236980205923
1534236980205931
1534236980705534
1534236980705554
1534236980705563
1534236980705578
1534236980705588
1534236980705601
1534236981206030
1534236981206047
1534236981206056
1534236981206065
1534236981206073
1534236981206081
1534236981206091
1534236981706196
1534236981706214
1534236981706222
1534236981706230
1534236981706238
1534236981706245
1534236981706258
1534236982206020
1534236982206040
1534236982206048
1534236982206061
1534236982206069
1534236982206078
1534236982706274
1534236982706455
1534236982706468
1534236982706477
1534236982706485
1534236982706493
1534236982706500
1534236983206190
1534236983206209
1534236983206217
1534236983206231
1534236983206239
1534236983206247
1534236983706328
1534236983706458
1534236983706474
1534236983706482
1534236983706490
1534236983706498
1534236983706505
1534236984206459
1534236984206477
1534236984206487
1534236984206495
1534236984206503
1534236984206511
1534236984706634
1534236984706782
1534236984706793
1534236984706801
1534236984706809
1534236984706817
1534236984706826
1534236985206722
1534236985206736
1534236985206747
1534236985206754
1534236985206762
1534236985206770
1534236985706593
1534236985706611
1534236985706621
1534236985706628
1534236985706637
1534236985706645
1534236986206713
1534236986206850
1534236986206866
1534236986206876
1534236986206884
1534236986206892
1534236986206900
1534236986707030
1534236986707567
1534236986707584
1534236986707592
1534236986707608
1534236986707616
1534236986707624
1534236987207423
1534236987207437
1534236987207446
1534236987207454
1534236987207462
1534236987207470
1534236987707159
1534236987707175
1534236987707184
1534236987707192
1534236987707200
1534236987707208
1534236988207304
1534236988208137
1534236988208151
1534236988208160
1534236988208170
1534236988208178
1534236988208187
1534236988707223
1534236988707239
1534236988707247
1534236988707258
1534236988707266
1534236988707273
1534236989207237
1534236989207255
1534236989207264
1534236989207278
1534236989207286
1534236989207295
1534236989707462
1534236989707620
1534236989707633
1534236989707641
1534236989707656
1534236989707664
1534236989707672
1534236990207766
1534236990208099
1534236990208113
1534236990208121
1534236990208135
1534236990208143
1534236990208150
1534236990707849
1534236990707870
1534236990707879
1534236990707887
1534236990707895
1534236990707903
1534236991207973
1534236991208157
1534236991208169
1534236991208177
1534236991208185
1534236991208194
1534236991208201
1534236991708012
1534236991708034
1534236991708043
1534236991708051
1534236991708059
1534236991708067
1534236992208224
1534236992208241
1534236992208250
1534236992208260
1534236992208269
1534236992208278
1534236992208287
1534236992707952
1534236992707972
1534236992707993
1534236992708002
1534236992708011
1534236992708021
1534236993208283
1534236993208810
1534236993208825
1534236993208836
1534236993208846
1534236993208856
1534236993208864
1534236993708303
1534236993708320
1534236993708330
1534236993708338
1534236993708346
1534236993708354
1534236994208178
1534236994208196
1534236994208206
1534236994208215
1534236994208223
1534236994208232
1534236994708344
1534236994708593
1534236994708606
1534236994708615
1534236994708626
1534236994708635
1534236994708645
1534236995208643
1534236995208659
1534236995208669
1534236995208678
1534236995208686
1534236995208694
1534236995708794
1534236995708976
1534236995708990
1534236995708998
1534236995709007
1534236995709015
1534236995709024
1534236996209009
1534236996209028
1534236996209037
1534236996209053
1534236996209062
1534236996209071
1534236996709163
1534236996709492
1534236996709506
1534236996709517
1534236996709526
1534236996709535
1534236996709544
1534236997209260
1534236997209285
1534236997209302
1534236997209312
1534236997209321
1534236997209330
1534236997709344
1534236997709366
1534236997709380
1534236997709389
1534236997709401
1534236997709411
1534236997709419
1534236998209244
1534236998209263
1534236998209273
1534236998209283
1534236998209291
1534236998209300
1534236998709014
1534236998709036
1534236998709047
1534236998709059
1534236998709068
1534236998709082
1534236999209164
1534236999209579
1534236999209589
1534236999209598
1534236999209607
1534236999209615
1534236999209624
1534236999709353
1534236999709370
1534236999709379
1534236999709388
1534236999709400
1534236999709409
1534237000209616
1534237000209642
1534237000209672
1534237000209681
1534237000209690
1534237000209699
1534237000209713
1534237000709408
1534237000709423
1534237000709432
1534237000709441
1534237000709450
1534237000709458
1534237001209634
1534237001209953
1534237001209965
1534237001209974
1534237001209988
1534237001209999
1534237001210010
1534237001709904
1534237001709923
1534237001709932
1534237001709940
1534237001709948
1534237001709956
1534237002210035
1534237002210179
1534237002210193
1534237002210202
1534237002210210
1534237002210219
1534237002210228
1534237002710015
1534237002710031
1534237002710039
1534237002710053
1534237002710062
1534237002710070
1534237003209996
1534237003210012
1534237003210020
1534237003210034
1534237003210043
1534237003210051
1534237003710304
1534237003710385
1534237003710398
1534237003710412
1534237003710422
1534237003710430
1534237003710438
1534237004210022
1534237004210036
1534237004210045
1534237004210059
1534237004210067
1534237004210082
1534237004710192
1534237004710205
1534237004710214
1534237004710224
1534237004710233
1534237004710241
1534237004710250
1534237005210590
1534237005211343
1534237005211355
1534237005211363
1534237005211372
1534237005211380
1534237005211388
1534237005711638
1534237005711768
1534237005711781
1534237005711789
1534237005711798
1534237005711807
1534237005711909
1534237006211005
1534237006211023
1534237006211033
1534237006211048
1534237006211057
1534237006211065
1534237006711081
1534237006711097
1534237006711105
1534237006711113
1534237006711120
1534237006711128
1534237006711136
