1534236908192404
1534236908692231
1534236909192040
1534236909692071
1534236910192153
1534236910692970
1534236911193306
1534236911692992
1534236912193174
1534236912693428
1534236913193338
1534236913693771
1534236914193429
1534236914693813
1534236915193574
1534236915693680
1534236916193924
1534236916693956
1534236917194135
1534236917694160
1534236918194712
1534236918694361
1534236919194171
1534236919695514
1534236920194955
1534236920694612
1534236921194689
1534236921694856
1534236922194990
1534236922695169
1534236923194857
1534236923695159
1534236924195396
1534236924695146
1534236925195522
1534236925695346
1534236926195642
1534236926695756
1534236927195968
1534236927695860
1534236928195712
1534236928696046
1534236929196419
1534236929696263
1534236930196267
1534236930696999
1534236931196588
1534236931696336
1534236932196580
1534236932696868
1534236933196805
1534236933696821
1534236934197121
1534236934696971
1534236935197080
1534236935697384
1534236936197353
1534236936697362
1534236937198024
1534236937697815
1534236938198203
1534236938698581
1534236939198215
1534236939698517
1534236940198444
1534236940698290
1534236941198481
1534236941699110
1534236942198542
1534236943199122
1534236943699078
1534236944198892
1534236944698982
1534236945199196
1534236945699626
1534236946199351
1534236946699617
1534236947199779
1534236947700011
1534236948199564
1534236948699825
1534236949200725
1534236949700884
1534236950200331
1534236950700987
1534236951201116
1534236951700785
1534236952201115
1534236952701565
1534236953201372
1534236953700964
1534236954200820
1534236954701058
1534236955201865
1534236955701465
1534236956202004
1534236956704219
1534236957201859
1534236957702070
1534236958202552
1534236958702892
1534236959201687
1534236959702682
1534236960202175
1534236960702676
1534236961202224
1534236961702773
1534236962202655
1534236962702686
1534236963203613
1534236963702886
1534236964202868
1534236964703281
1534236965203134
1534236965704747
1534236966203715
1534236966703672
1534236967203426
1534236967704045
1534236968204399
1534236968703818
1534236969205143
1534236969704441
1534236970204363
1534236970704653
1534236971205055
1534236971704878
1534236972204728
1534236972704749
1534236973205865
1534236973705102
1534236974205351
1534236974705609
1534236975205165
1534236975705482
1534236976205338
1534236976706316
1534236977206509
1534236977705645
1534236978205964
1534236978706281
1534236979206627
1534236979706382
1534236980206631
1534236980706143
1534236981206749
1534236981706916
1534236982206676
1534236982707116
1534236983206892
1534236983707030
1534236984207145
1534236984707328
1534236985207347
1534236985707204
1534236986207513
1534236986708229
1534236987208075
1534236987707757
1534236988208679
1534236988707785
1534236989207866
1534236989708248
1534236990208669
1534236990708409
1534236991208745
1534236991708624
1534236992209013
1534236992708525
1534236993209434
1534236993708870
1534236994208840
1534236994709129
1534236995209257
1534236995709562
1534236996209626
1534236996710122
1534236997209854
1534236997710074
1534236998209830
1534236998709653
1534236999210173
1534236999709971
1534237000210426
1534237000710019
1534237001210554
1534237001710556
1534237002210875
1534237002710722
1534237003210538
1534237003711027
1534237004210644
1534237004710984
1534237005211980
1534237005712557
1534237006211619
1534237006711778
