1532010090789932
1532010091290006
1532010091790075
1532010092290149
1532010092790225
1532010093290300
1532010093790390
1532010094290462
1532010094790534
1532010095290607
1532010095790682
1532010096290754
1532010096790836
1532010097290909
1532010097791000
1532010098291077
1532010098791151
1532010099291248
1532010099791325
1532010100291398
1532010100791478
1532010101291546
1532010101791628
1532010102291700
1532010102791772
1532010103291856
1532010103791937
1532010104292011
1532010104792083
1532010105292157
1532010105792234
1532010106292309
1532010106792431
1532010107292508
1532010107792604
1532010108292687
1532010108792773
1532010109292861
1532010109792934
1532010110293007
1532010110793080
1532010111293179
1532010111793251
1532010112293325
1532010112793424
1532010113293497
1532010113793580
1532010114293668
1532010114793748
1532010115293827
1532010115793891
1532010116293970
1532010116794104
1532010117294179
1532010117794254
1532010118294328
1532010118794425
1532010119294505
1532010119794580
1532010120294675
1532010120794748
1532010121794911
1532010122294989
1532010122795068
1532010123295376
1532010123795455
1532010124295531
1532010124795617
1532010125295708
1532010125795803
1532010126295894
1532010127296064
1532010127796155
1532010128296250
1532010128796359
1532010129296448
1532010129796541
1532010130296636
1532010130796716
1532010131296845
1532010131796938
1532010132297017
1532010132797101
1532010133297224
1532010133797316
1532010134297393
1532010134797486
1532010135297593
1532010135797681
1532010136297758
1532010136797834
1532010137297932
1532010137798009
1532010138298571
1532010138798649
1532010139298727
1532010139798823
1532010140299000
1532010140799096
1532010141299184
1532010141799288
1532010142299364
1532010142799451
1532010143299549
1532010143799620
1532010144299711
1532010144799792
1532010145299882
1532010145799956
1532010146300033
1532010146800109
1532010147300232
1532010147800313
1532010148300392
1532010148800472
1532010149300552
1532010149800631
1532010150300740
1532010150800844
1532010151300934
1532010151801027
1532010152301106
1532010152801208
1532010153301295
1532010153801374
1532010154301485
1532010154801600
1532010155301698
1532010155801781
1532010156301860
1532010156801965
1532010157302044
1532010157802126
1532010158302222
1532010158802298
1532010159302419
1532010159802501
1532010160302654
1532010160802730
1532010161302805
1532010161802883
1532010162302963
1532010162803045
1532010163303125
1532010163803215
1532010164303303
1532010164803401
1532010165303480
1532010165803557
1532010166303772
1532010166803853
1532010167303932
1532010167804009
1532010168304098
1532010168804171
1532010169304246
1532010169804350
1532010170304435
1532010170804510
1532010171304610
1532010171804689
1532010172304766
1532010172804853
1532010173304928
1532010173805004
1532010174305129
1532010174805229
1532010175305322
1532010175805407
1532010176305502
1532010176805586
1532010177305662
1532010177805737
1532010178305816
1532010178805906
1532010179305979
1532010179806063
1532010180306138
1532010180806250
1532010181306329
1532010181806405
1532010182306512
1532010182806607
1532010183306693
1532010183806775
1532010184306866
1532010184806941
1532010185307022
1532010185807127
1532010186307218
1532010186807309
1532010187307428
1532010187807514
1532010188307588
1532010188807664
1532010189307755
1532010189807841
1532010190307977
