1532010090790453
1532010090790480
1532010090790493
1532010090790498
1532010090790506
1532010090790514
1532010090790520
1532010090790530
1532010091290570
1532010091290583
1532010091290589
1532010091290597
1532010091290602
1532010091290607
1532010091290613
1532010091290621
1532010091790498
1532010091790515
1532010091790522
1532010091790527
1532010091790534
1532010091790540
1532010091790546
1532010091790554
1532010092290660
1532010092290675
1532010092290683
1532010092290689
1532010092290694
1532010092290703
1532010092290708
1532010092290715
1532010092790632
1532010092790651
1532010092790657
1532010092790666
1532010092790672
1532010092790677
1532010092790684
1532010092790691
1532010093290742
1532010093290762
1532010093290769
1532010093290775
1532010093290787
1532010093290793
1532010093290799
1532010093290812
1532010093790873
1532010093790887
1532010093790897
1532010093790904
1532010093790909
1532010093790916
1532010093790921
1532010093790931
1532010094290895
1532010094290910
1532010094290916
1532010094290925
1532010094290930
1532010094290935
1532010094290942
1532010094290949
1532010094790977
1532010094790991
1532010094790998
1532010094791003
1532010094791008
1532010094791014
1532010094791019
1532010094791026
1532010095291055
1532010095291069
1532010095291076
1532010095291082
1532010095291088
1532010095291094
1532010095291100
1532010095291108
1532010095791152
1532010095791167
1532010095791173
1532010095791178
1532010095791187
1532010095791193
1532010095791199
1532010095791206
1532010096291147
1532010096291163
1532010096291171
1532010096291176
1532010096291181
1532010096291187
1532010096291192
1532010096291199
1532010096791185
1532010096791202
1532010096791208
1532010096791214
1532010096791220
1532010096791225
1532010096791230
1532010096791237
1532010097291312
1532010097291327
1532010097291333
1532010097291338
1532010097291344
1532010097291349
1532010097291355
1532010097291361
1532010097791528
1532010097791542
1532010097791548
1532010097791553
1532010097791559
1532010097791564
1532010097791569
1532010097791576
1532010098291532
1532010098291546
1532010098291552
1532010098291558
1532010098291563
1532010098291569
1532010098291574
1532010098291581
1532010098791536
1532010098791555
1532010098791561
1532010098791568
1532010098791573
1532010098791578
1532010098791583
1532010098791590
1532010099291722
1532010099291739
1532010099291746
1532010099291751
1532010099291757
1532010099291763
1532010099291768
1532010099291779
1532010099791744
1532010099791761
1532010099791768
1532010099791774
1532010099791779
1532010099791784
1532010099791789
1532010099791796
1532010100291792
1532010100291808
1532010100291820
1532010100291826
1532010100291831
1532010100291837
1532010100291846
1532010100291854
1532010100791911
1532010100791924
1532010100791931
1532010100791937
1532010100791943
1532010100791949
1532010100791955
1532010100791962
1532010101291935
1532010101291948
1532010101291954
1532010101291960
1532010101291965
1532010101291971
1532010101291981
1532010101291988
1532010101792980
1532010101793004
1532010101793011
1532010101793017
1532010101793023
1532010101793033
1532010101793039
1532010101793047
1532010102292140
1532010102292157
1532010102292165
1532010102292172
1532010102292177
1532010102292184
1532010102292189
1532010102292197
1532010102792122
1532010102792136
1532010102792142
1532010102792148
1532010102792154
1532010102792159
1532010102792164
1532010102792171
1532010103292328
1532010103292341
1532010103292349
1532010103292355
1532010103292374
1532010103292379
1532010103292385
1532010103292392
1532010103792313
1532010103792329
1532010103792335
1532010103792345
1532010103792350
1532010103792359
1532010103792365
1532010103792372
1532010104292473
1532010104292490
1532010104292497
1532010104292502
1532010104292507
1532010104292513
1532010104292518
1532010104292528
1532010104792434
1532010104792448
1532010104792455
1532010104792461
1532010104792467
1532010104792473
1532010104792478
1532010104792486
1532010105292550
1532010105292564
1532010105292571
1532010105292576
1532010105292582
1532010105292592
1532010105292599
1532010105292607
1532010105792639
1532010105792665
1532010105792692
1532010105792699
1532010105792705
1532010105792711
1532010105792716
1532010105792724
1532010106292998
1532010106293015
1532010106293022
1532010106293028
1532010106293034
1532010106293041
1532010106293047
1532010106293055
1532010106792966
1532010106792985
1532010106792998
1532010106793005
1532010106793011
1532010106793017
1532010106793023
1532010106793031
1532010107293318
1532010107293339
1532010107293347
1532010107293353
1532010107293360
1532010107293366
1532010107293372
1532010107293380
1532010107793165
1532010107793186
1532010107793193
1532010107793200
1532010107793206
1532010107793212
1532010107793219
1532010107793227
1532010108293425
1532010108293444
1532010108293452
1532010108293459
1532010108293465
1532010108293472
1532010108293478
1532010108293486
1532010108793362
1532010108793378
1532010108793385
1532010108793393
1532010108793399
1532010108793405
1532010108793412
1532010108793420
1532010109293613
1532010109293632
1532010109293639
1532010109293645
1532010109293651
1532010109293657
1532010109293663
1532010109293671
1532010109793498
1532010109793517
1532010109793524
1532010109793530
1532010109793536
1532010109793542
1532010109793548
1532010109793557
1532010110293691
1532010110293709
1532010110293716
1532010110293723
1532010110293730
1532010110293736
1532010110293742
1532010110293751
1532010110793636
1532010110793654
1532010110793665
1532010110793671
1532010110793677
1532010110793683
1532010110793693
1532010110793701
1532010111293685
1532010111293702
1532010111293710
1532010111293717
1532010111293723
1532010111293730
1532010111293736
1532010111293744
1532010111793743
1532010111793763
1532010111793770
1532010111793778
1532010111793784
1532010111793791
1532010111793800
1532010111793809
1532010112293902
1532010112293916
1532010112293923
1532010112293929
1532010112293936
1532010112293942
1532010112293948
1532010112293956
1532010112793942
1532010112793962
1532010112793970
1532010112793977
1532010112793983
1532010112793989
1532010112793995
1532010112794003
1532010113294240
1532010113294256
1532010113294263
1532010113294270
1532010113294276
1532010113294281
1532010113294292
1532010113294301
1532010113794144
1532010113794161
1532010113794172
1532010113794179
1532010113794185
1532010113794191
1532010113794199
1532010113794207
1532010114294185
1532010114294204
1532010114294212
1532010114294218
1532010114294227
1532010114294233
1532010114294240
1532010114294248
1532010114794305
1532010114794323
1532010114794331
1532010114794337
1532010114794343
1532010114794393
1532010114794400
1532010114794409
1532010115294546
1532010115294563
1532010115294572
1532010115294578
1532010115294585
1532010115294592
1532010115294599
1532010115294608
1532010115794548
1532010115794570
1532010115794578
1532010115794584
1532010115794591
1532010115794596
1532010115794627
1532010115794636
1532010116294696
1532010116294715
1532010116294724
1532010116294731
1532010116294737
1532010116294746
1532010116294752
1532010116294761
1532010116794711
1532010116794734
1532010116794742
1532010116794749
1532010116794755
1532010116794761
1532010116794767
1532010116794775
1532010117294636
1532010117294651
1532010117294658
1532010117294665
1532010117294671
1532010117294678
1532010117294684
1532010117294692
1532010117794892
1532010117794915
1532010117794924
1532010117794931
1532010117794938
1532010117794944
1532010117794950
1532010117794958
1532010118294861
1532010118294883
1532010118294891
1532010118294898
1532010118294905
1532010118294915
1532010118294923
1532010118294931
1532010118794886
1532010118794902
1532010118794910
1532010118794917
1532010118794923
1532010118794935
1532010118794941
1532010118794950
1532010119295222
1532010119295238
1532010119295257
1532010119295266
1532010119295273
1532010119295280
1532010119295287
1532010119295295
1532010119795057
1532010119795074
1532010119795082
1532010119795088
1532010119795095
1532010119795102
1532010119795108
1532010119795117
1532010120295562
1532010120295581
1532010120295590
1532010120295597
1532010120295603
1532010120295610
1532010120295617
1532010120295626
1532010120795255
1532010120795272
1532010120795290
1532010120795296
1532010120795302
1532010120795309
1532010120795315
1532010120795323
1532010121295353
1532010121295371
1532010121295379
1532010121295386
1532010121295392
1532010121295399
1532010121295405
1532010121295413
1532010121795634
1532010121795656
1532010121795663
1532010121795674
1532010121795681
1532010121795687
1532010121795693
1532010121795704
1532010122295485
1532010122295505
1532010122295512
1532010122295519
1532010122295525
1532010122295531
1532010122295537
1532010122295545
1532010122795631
1532010122795653
1532010122795661
1532010122795667
1532010122795673
1532010122795679
1532010122795685
1532010122795693
1532010123298584
1532010123298601
1532010123298609
1532010123298615
1532010123298621
1532010123298628
1532010123298634
1532010123298642
1532010123795983
1532010123796002
1532010123796009
1532010123796015
1532010123796022
1532010123796028
1532010123796034
1532010123796043
1532010124296303
1532010124296322
1532010124296329
1532010124296335
1532010124296342
1532010124296348
1532010124296354
1532010124296362
1532010124796172
1532010124796196
1532010124796204
1532010124796211
1532010124796217
1532010124796224
1532010124796231
1532010124796239
1532010125296351
1532010125296372
1532010125296391
1532010125296400
1532010125296406
1532010125296413
1532010125296419
1532010125296428
1532010125796346
1532010125796371
1532010125796389
1532010125796398
1532010125796405
1532010125796412
1532010125796422
1532010125796432
1532010126296769
1532010126296790
1532010126296806
1532010126296814
1532010126296820
1532010126296826
1532010126296833
1532010126296855
1532010126796784
1532010126796803
1532010126796815
1532010126796825
1532010126796832
1532010126796838
1532010126796844
1532010126796853
1532010127296602
1532010127296621
1532010127296635
1532010127296642
1532010127296648
1532010127296654
1532010127296661
1532010127296669
1532010127796735
1532010127796756
1532010127796769
1532010127796775
1532010127796783
1532010127796788
1532010127796795
1532010127796802
1532010128296781
1532010128296804
1532010128296811
1532010128296818
1532010128296829
1532010128296835
1532010128296840
1532010128296849
1532010128796855
1532010128796873
1532010128796880
1532010128796886
1532010128796892
1532010128796899
1532010128796905
1532010128796913
1532010129297311
1532010129297329
1532010129297337
1532010129297343
1532010129297349
1532010129297355
1532010129297361
1532010129297369
1532010129797099
1532010129797117
1532010129797124
1532010129797130
1532010129797142
1532010129797148
1532010129797154
1532010129797162
1532010130297217
1532010130297239
1532010130297250
1532010130297256
1532010130297268
1532010130297275
1532010130297283
1532010130297292
1532010130797218
1532010130797238
1532010130797247
1532010130797254
1532010130797267
1532010130797273
1532010130797280
1532010130797288
1532010131297373
1532010131297392
1532010131297400
1532010131297407
1532010131297413
1532010131297420
1532010131297427
1532010131297436
1532010131797453
1532010131797472
1532010131797480
1532010131797486
1532010131797493
1532010131797499
1532010131797506
1532010131797514
1532010132297908
1532010132297923
1532010132297931
1532010132297938
1532010132297944
1532010132297951
1532010132297957
1532010132297965
1532010132797771
1532010132797788
1532010132797802
1532010132797809
1532010132797815
1532010132797822
1532010132797829
1532010132797838
1532010133298498
1532010133298514
1532010133298522
1532010133298529
1532010133298535
1532010133298541
1532010133298548
1532010133298556
1532010133797898
1532010133797917
1532010133797924
1532010133797931
1532010133797938
1532010133797944
1532010133797950
1532010133797962
1532010134298217
1532010134298234
1532010134298242
1532010134298248
1532010134298254
1532010134298261
1532010134298266
1532010134298275
1532010134798143
1532010134798167
1532010134798176
1532010134798183
1532010134798190
1532010134798197
1532010134798205
1532010134798213
1532010135299109
1532010135299129
1532010135299136
1532010135299142
1532010135299148
1532010135299154
1532010135299160
1532010135299169
1532010135798405
1532010135798421
1532010135798429
1532010135798444
1532010135798450
1532010135798457
1532010135798463
1532010135798472
1532010136298796
1532010136298818
1532010136298828
1532010136298835
1532010136298841
1532010136298847
1532010136298854
1532010136298862
1532010136798435
1532010136798455
1532010136798462
1532010136798470
1532010136798476
1532010136798485
1532010136798491
1532010136798499
1532010137298609
1532010137298627
1532010137298634
1532010137298643
1532010137298649
1532010137298656
1532010137298662
1532010137298670
1532010137798631
1532010137798648
1532010137798656
1532010137798663
1532010137798669
1532010137798676
1532010137798683
1532010137798691
1532010138299227
1532010138299249
1532010138299257
1532010138299263
1532010138299269
1532010138299275
1532010138299281
1532010138299289
1532010138799439
1532010138799461
1532010138799469
1532010138799478
1532010138799486
1532010138799492
1532010138799499
1532010138799508
1532010139299349
1532010139299366
1532010139299373
1532010139299380
1532010139299386
1532010139299393
1532010139299399
1532010139299407
1532010139799299
1532010139799319
1532010139799326
1532010139799335
1532010139799341
1532010139799348
1532010139799354
1532010139799363
1532010140299711
1532010140299727
1532010140299734
1532010140299741
1532010140299747
1532010140299753
1532010140299759
1532010140299767
1532010140799701
1532010140799723
1532010140799732
1532010140799738
1532010140799744
1532010140799750
1532010140799756
1532010140799764
1532010141299652
1532010141299670
1532010141299678
1532010141299684
1532010141299691
1532010141299697
1532010141299703
1532010141299711
1532010141800071
1532010141813810
1532010141813823
1532010141813829
1532010141813835
1532010141813841
1532010141813848
1532010141813857
1532010142300143
1532010142300166
1532010142300174
1532010142300180
1532010142300186
1532010142300195
1532010142300201
1532010142300209
1532010142800069
1532010142800092
1532010142800099
1532010142800106
1532010142800112
1532010142800127
1532010142800135
1532010142800144
1532010143300160
1532010143300177
1532010143300186
1532010143300193
1532010143300200
1532010143300207
1532010143300214
1532010143300223
1532010143800225
1532010143800241
1532010143800248
1532010143800254
1532010143800261
1532010143800268
1532010143800274
1532010143800282
1532010144300292
1532010144300314
1532010144300321
1532010144300331
1532010144300338
1532010144300345
1532010144300352
1532010144300360
1532010144800344
1532010144800363
1532010144800374
1532010144800381
1532010144800387
1532010144800393
1532010144800399
1532010144800407
1532010145300833
1532010145300851
1532010145300858
1532010145300865
1532010145300871
1532010145300877
1532010145300883
1532010145300895
1532010145800492
1532010145800509
1532010145800518
1532010145800524
1532010145800530
1532010145800536
1532010145800542
1532010145800551
1532010146300654
1532010146300671
1532010146300679
1532010146300686
1532010146300692
1532010146300698
1532010146300704
1532010146300712
1532010146800596
1532010146800615
1532010146800623
1532010146800629
1532010146800636
1532010146800642
1532010146800648
1532010146800656
1532010147301031
1532010147301047
1532010147301055
1532010147301062
1532010147301068
1532010147301074
1532010147301080
1532010147301088
1532010147800937
1532010147800961
1532010147800969
1532010147800977
1532010147800988
1532010147800995
1532010147801001
1532010147801010
1532010148300950
1532010148300968
1532010148300976
1532010148300983
1532010148300992
1532010148301004
1532010148301011
1532010148301020
1532010148800989
1532010148801006
1532010148801014
1532010148801024
1532010148801031
1532010148801038
1532010148801046
1532010148801054
1532010149301099
1532010149301116
1532010149301124
1532010149301131
1532010149301147
1532010149301154
1532010149301161
1532010149301171
1532010149801208
1532010149801230
1532010149801242
1532010149801248
1532010149801255
1532010149801261
1532010149801267
1532010149801276
1532010150301279
1532010150301300
1532010150301307
1532010150301314
1532010150301323
1532010150301331
1532010150301337
1532010150301348
1532010150801685
1532010150801703
1532010150801711
1532010150801723
1532010150801739
1532010150801746
1532010150801752
1532010150801760
1532010151301623
1532010151301640
1532010151301648
1532010151301654
1532010151301661
1532010151301673
1532010151301679
1532010151301688
1532010151801589
1532010151801611
1532010151801618
1532010151801630
1532010151801637
1532010151801643
1532010151801649
1532010151801657
1532010152301587
1532010152301606
1532010152301613
1532010152301620
1532010152301712
1532010152301720
1532010152301726
1532010152301735
1532010152801834
1532010152801850
1532010152801858
1532010152801864
1532010152801872
1532010152801878
1532010152801884
1532010152801893
1532010153301875
1532010153301890
1532010153301897
1532010153301904
1532010153301910
1532010153301927
1532010153301933
1532010153301942
1532010153801972
1532010153801989
1532010153801996
1532010153802002
1532010153802009
1532010153802014
1532010153802021
1532010153802029
1532010154302107
1532010154302124
1532010154302131
1532010154302140
1532010154302146
1532010154302152
1532010154302158
1532010154302175
1532010154802065
1532010154802081
1532010154802088
1532010154802094
1532010154802100
1532010154802106
1532010154802118
1532010154802126
1532010155302402
1532010155302418
1532010155302425
1532010155302431
1532010155302438
1532010155302444
1532010155302450
1532010155302458
1532010155802394
1532010155802415
1532010155802423
1532010155802430
1532010155802435
1532010155802442
1532010155802448
1532010155802461
1532010156302562
1532010156302580
1532010156302592
1532010156302599
1532010156302605
1532010156302611
1532010156302617
1532010156302624
1532010156802615
1532010156802635
1532010156802643
1532010156802650
1532010156802657
1532010156802664
1532010156802678
1532010156802686
1532010157302504
1532010157302522
1532010157302529
1532010157302539
1532010157302545
1532010157302554
1532010157302560
1532010157302568
1532010157802854
1532010157802874
1532010157802881
1532010157802888
1532010157802893
1532010157802899
1532010157802907
1532010157802915
1532010158302821
1532010158302843
1532010158302851
1532010158302856
1532010158302862
1532010158302868
1532010158302874
1532010158302883
1532010158802794
1532010158802812
1532010158802819
1532010158802826
1532010158802832
1532010158802838
1532010158802844
1532010158802853
1532010159303785
1532010159303805
1532010159303812
1532010159303818
1532010159303825
1532010159303831
1532010159303837
1532010159303845
1532010159803159
1532010159803181
1532010159803190
1532010159803196
1532010159803202
1532010159803208
1532010159803214
1532010159803222
1532010160303252
1532010160303275
1532010160303289
1532010160303296
1532010160303302
1532010160303310
1532010160303318
1532010160303327
1532010160803450
1532010160803469
1532010160803477
1532010160803484
1532010160803490
1532010160803498
1532010160803509
1532010160803522
1532010161303375
1532010161303406
1532010161303417
1532010161303435
1532010161303443
1532010161303450
1532010161303462
1532010161303473
1532010161803716
1532010161803744
1532010161803752
1532010161803759
1532010161803770
1532010161803777
1532010161803783
1532010161803792
1532010162303510
1532010162303531
1532010162303539
1532010162303546
1532010162303554
1532010162303560
1532010162303566
1532010162303573
1532010162803578
1532010162803595
1532010162803606
1532010162803613
1532010162803619
1532010162803626
1532010162803633
1532010162803646
1532010163303744
1532010163303765
1532010163303775
1532010163303783
1532010163303790
1532010163303796
1532010163303802
1532010163303811
1532010163803738
1532010163803762
1532010163803770
1532010163803776
1532010163803782
1532010163803789
1532010163803795
1532010163803804
1532010164304110
1532010164304130
1532010164304142
1532010164304150
1532010164304157
1532010164304164
1532010164304171
1532010164304180
1532010164804045
1532010164804064
1532010164804072
1532010164804079
1532010164804087
1532010164804094
1532010164804101
1532010164804110
1532010165304083
1532010165304101
1532010165304108
1532010165304116
1532010165304123
1532010165304165
1532010165304175
1532010165304185
1532010165804227
1532010165804246
1532010165804255
1532010165804270
1532010165804277
1532010165804292
1532010165804299
1532010165804310
1532010166304758
1532010166304777
1532010166304785
1532010166304791
1532010166304798
1532010166304804
1532010166304810
1532010166304818
1532010166804396
1532010166831330
1532010166831340
1532010166831348
1532010166831355
1532010166831361
1532010166831367
1532010166831377
1532010167304805
1532010167304825
1532010167304833
1532010167304839
1532010167304845
1532010167304856
1532010167304863
1532010167304872
1532010167804991
1532010167805008
1532010167805016
1532010167805023
1532010167805034
1532010167805042
1532010167805048
1532010167805056
1532010168304756
1532010168304775
1532010168304782
1532010168304789
1532010168304797
1532010168304804
1532010168304821
1532010168304831
1532010168804747
1532010168804766
1532010168804775
1532010168804783
1532010168804790
1532010168804797
1532010168804804
1532010168804877
1532010168804892
1532010169304779
1532010169304796
1532010169304803
1532010169304810
1532010169304816
1532010169304822
1532010169304828
1532010169304837
1532010169804972
1532010169804989
1532010169804996
1532010169805003
1532010169805009
1532010169805017
1532010169805023
1532010169805032
1532010170305170
1532010170305184
1532010170305191
1532010170305197
1532010170305203
1532010170305209
1532010170305216
1532010170305224
1532010170805047
1532010170805065
1532010170805072
1532010170805078
1532010170805084
1532010170805090
1532010170805097
1532010170805105
1532010171305080
1532010171305096
1532010171305104
1532010171305110
1532010171305116
1532010171305122
1532010171305128
1532010171305136
1532010171805591
1532010171805609
1532010171805616
1532010171805622
1532010171805628
1532010171805634
1532010171805640
1532010171805648
1532010172305236
1532010172305254
1532010172305270
1532010172305277
1532010172305283
1532010172305289
1532010172305295
1532010172305306
1532010172805331
1532010172805350
1532010172805359
1532010172805368
1532010172805376
1532010172805382
1532010172805389
1532010172805398
1532010173305441
1532010173305459
1532010173305466
1532010173305473
1532010173305479
1532010173305485
1532010173305491
1532010173305499
1532010173805543
1532010173805562
1532010173805568
1532010173805574
1532010173805580
1532010173805586
1532010173805592
1532010173805600
1532010174305855
1532010174305875
1532010174305883
1532010174305890
1532010174305897
1532010174305904
1532010174305911
1532010174305921
1532010174805756
1532010174805770
1532010174805777
1532010174805784
1532010174805793
1532010174805799
1532010174805805
1532010174805813
1532010175306011
1532010175306031
1532010175306045
1532010175306051
1532010175306058
1532010175306064
1532010175306071
1532010175306079
1532010175805939
1532010175805959
1532010175805967
1532010175805974
1532010175805981
1532010175805987
1532010175805994
1532010175806000
1532010175806169
1532010176306161
1532010176306180
1532010176306187
1532010176306193
1532010176306199
1532010176306205
1532010176306211
1532010176306219
1532010176806398
1532010176806422
1532010176806429
1532010176806436
1532010176806454
1532010176806460
1532010176806467
1532010176806475
1532010177306124
1532010177306142
1532010177306150
1532010177306157
1532010177306169
1532010177306176
1532010177306182
1532010177306195
1532010177806582
1532010177806598
1532010177806606
1532010177806612
1532010177806618
1532010177806624
1532010177806631
1532010177806639
1532010178306331
1532010178306350
1532010178306363
1532010178306369
1532010178306376
1532010178306382
1532010178306389
1532010178306397
1532010178806840
1532010178806860
1532010178806868
1532010178806876
1532010178806883
1532010178806891
1532010178806898
1532010178806908
1532010179306899
1532010179306918
1532010179306926
1532010179306933
1532010179306943
1532010179306955
1532010179306963
1532010179306972
1532010179806578
1532010179806599
1532010179806608
1532010179806615
1532010179806622
1532010179806629
1532010179806636
1532010179806645
1532010180306761
1532010180306785
1532010180306793
1532010180306800
1532010180306807
1532010180306814
1532010180306821
1532010180306830
1532010180806761
1532010180806781
1532010180806789
1532010180806796
1532010180806811
1532010180806817
1532010180806824
1532010180806832
1532010181306886
1532010181306907
1532010181306915
1532010181306921
1532010181306927
1532010181306933
1532010181306939
1532010181306948
1532010181806901
1532010181806917
1532010181806924
1532010181806931
1532010181806937
1532010181806944
1532010181806949
1532010181806958
1532010182307063
1532010182307082
1532010182307091
1532010182307098
1532010182307105
1532010182307112
1532010182307118
1532010182307127
1532010182807368
1532010182807385
1532010182807393
1532010182807399
1532010182807410
1532010182807417
1532010182807423
1532010182807431
1532010183307296
1532010183307320
1532010183307336
1532010183307347
1532010183307354
1532010183307412
1532010183307423
1532010183307433
1532010183807386
1532010183807404
1532010183807416
1532010183807423
1532010183807430
1532010183807437
1532010183807450
1532010183807460
1532010184307628
1532010184307645
1532010184307653
1532010184307660
1532010184307667
1532010184307679
1532010184307686
1532010184307698
1532010184807555
1532010184807572
1532010184807578
1532010184807585
1532010184807590
1532010184807596
1532010184807602
1532010184807611
1532010185307612
1532010185307632
1532010185307643
1532010185307650
1532010185307656
1532010185307662
1532010185307668
1532010185307676
1532010185807971
1532010185807988
1532010185807996
1532010185808001
1532010185808007
1532010185808013
1532010185808019
1532010185808027
1532010186308045
1532010186308070
1532010186308086
1532010186308095
1532010186308101
1532010186308109
1532010186308115
1532010186308123
1532010186807815
1532010186807838
1532010186807845
1532010186807852
1532010186807858
1532010186807864
1532010186807870
1532010186807878
1532010187307940
1532010187307957
1532010187307964
1532010187307971
1532010187307977
1532010187307983
1532010187307990
1532010187307997
1532010187807970
1532010187807986
1532010187807994
1532010187808000
1532010187808006
1532010187808012
1532010187808018
1532010187808026
1532010188308133
1532010188308149
1532010188308156
1532010188308163
1532010188308170
1532010188308177
1532010188308183
1532010188308192
1532010188808141
1532010188808159
1532010188808167
1532010188808174
1532010188808180
1532010188808186
1532010188808192
1532010188808200
1532010189308307
1532010189308323
1532010189308337
1532010189308344
1532010189308351
1532010189308358
1532010189308365
1532010189308374
1532010189808496
1532010189808514
1532010189808522
1532010189808529
1532010189808536
1532010189808542
1532010189808549
1532010189808558
1532010190313378
1532010190313405
1532010190313415
1532010190313425
1532010190313437
1532010190313446
1532010190313452
1532010190313462
