1532010090790555
1532010090790572
1532010090790579
1532010090790587
1532010090790594
1532010090790605
1532010090790612
1532010090790619
1532010091290634
1532010091290647
1532010091290654
1532010091290661
1532010091290667
1532010091290673
1532010091290679
1532010091290685
1532010091290692
1532010091790539
1532010091790553
1532010091790560
1532010091790567
1532010091790574
1532010091790585
1532010091790591
1532010091790598
1532010092290685
1532010092290696
1532010092290703
1532010092290710
1532010092290717
1532010092290723
1532010092290731
1532010092290740
1532010092290747
1532010092790759
1532010092790774
1532010092790782
1532010092790791
1532010092790799
1532010092790807
1532010092790815
1532010092790823
1532010092790831
1532010093290826
1532010093290840
1532010093290847
1532010093290854
1532010093290860
1532010093290870
1532010093290876
1532010093290882
1532010093790950
1532010093790963
1532010093790970
1532010093790977
1532010093790983
1532010093790989
1532010093790996
1532010093791003
1532010093791009
1532010094290957
1532010094290973
1532010094290983
1532010094290990
1532010094290997
1532010094291003
1532010094291009
1532010094291015
1532010094791003
1532010094791019
1532010094791026
1532010094791033
1532010094791040
1532010094791047
1532010094791053
1532010094791063
1532010095291081
1532010095291097
1532010095291104
1532010095291112
1532010095291119
1532010095291126
1532010095291133
1532010095291146
1532010095291154
1532010095791190
1532010095791205
1532010095791212
1532010095791218
1532010095791225
1532010095791232
1532010095791238
1532010095791244
1532010095791250
1532010096291236
1532010096291254
1532010096291261
1532010096291268
1532010096291277
1532010096291284
1532010096291295
1532010096291301
1532010096791216
1532010096791228
1532010096791235
1532010096791242
1532010096791249
1532010096791256
1532010096791263
1532010096791269
1532010097291357
1532010097291371
1532010097291377
1532010097291384
1532010097291390
1532010097291396
1532010097291403
1532010097291411
1532010097291418
1532010097791525
1532010097791568
1532010097791577
1532010097791584
1532010097791595
1532010097791605
1532010097791612
1532010097791620
1532010097791627
1532010098291593
1532010098291606
1532010098291612
1532010098291619
1532010098291625
1532010098291632
1532010098291638
1532010098291648
1532010098791595
1532010098791613
1532010098791620
1532010098791630
1532010098791637
1532010098791643
1532010098791649
1532010098791660
1532010099291777
1532010099291792
1532010099291806
1532010099291814
1532010099291821
1532010099291828
1532010099291846
1532010099291852
1532010099291860
1532010099791778
1532010099791794
1532010099791803
1532010099791815
1532010099791825
1532010099791833
1532010099791840
1532010099791854
1532010100291851
1532010100291868
1532010100291875
1532010100291882
1532010100291888
1532010100291895
1532010100291903
1532010100291909
1532010100791947
1532010100791963
1532010100791971
1532010100791978
1532010100791984
1532010100791990
1532010100791997
1532010100792004
1532010100792010
1532010101291988
1532010101292003
1532010101292010
1532010101292018
1532010101292030
1532010101292037
1532010101292048
1532010101292055
1532010101792249
1532010101793038
1532010101793053
1532010101793061
1532010101793069
1532010101793076
1532010101793083
1532010101793090
1532010101793097
1532010102292215
1532010102292232
1532010102292239
1532010102292246
1532010102292253
1532010102292259
1532010102292265
1532010102292271
1532010102792200
1532010102792216
1532010102792224
1532010102792233
1532010102792240
1532010102792247
1532010102792254
1532010102792261
1532010103292335
1532010103292348
1532010103292355
1532010103292399
1532010103292408
1532010103292415
1532010103292425
1532010103292432
1532010103292442
1532010103792464
1532010103792480
1532010103792487
1532010103792494
1532010103792500
1532010103792506
1532010103792512
1532010103792518
1532010103792525
1532010104292531
1532010104292544
1532010104292550
1532010104292562
1532010104292569
1532010104292576
1532010104292583
1532010104292603
1532010104792470
1532010104792491
1532010104792498
1532010104792505
1532010104792519
1532010104792531
1532010104792538
1532010104792546
1532010105292633
1532010105292646
1532010105292653
1532010105292661
1532010105292668
1532010105292679
1532010105292686
1532010105292692
1532010105292698
1532010105792745
1532010105792756
1532010105792763
1532010105792769
1532010105792781
1532010105792788
1532010105792795
1532010105792802
1532010106292898
1532010106293068
1532010106293077
1532010106293085
1532010106293099
1532010106293107
1532010106293117
1532010106293125
1532010106293141
1532010106793046
1532010106793061
1532010106793083
1532010106793092
1532010106793099
1532010106793107
1532010106793121
1532010106793129
1532010107293221
1532010107293401
1532010107293417
1532010107293425
1532010107293438
1532010107293446
1532010107293458
1532010107293472
1532010107293482
1532010107793357
1532010107793377
1532010107793385
1532010107793393
1532010107793401
1532010107793408
1532010107793417
1532010107793424
1532010108293446
1532010108293465
1532010108293475
1532010108293483
1532010108293493
1532010108293501
1532010108293508
1532010108293516
1532010108293524
1532010108793411
1532010108793427
1532010108793435
1532010108793443
1532010108793451
1532010108793458
1532010108793466
1532010108793473
1532010109293574
1532010109293665
1532010109293677
1532010109293685
1532010109293693
1532010109293700
1532010109293708
1532010109293715
1532010109293722
1532010109793675
1532010109793689
1532010109793697
1532010109793704
1532010109793712
1532010109793719
1532010109793727
1532010109793735
1532010110293767
1532010110293781
1532010110293796
1532010110293804
1532010110293812
1532010110293823
1532010110293831
1532010110293838
1532010110293846
1532010110793698
1532010110793712
1532010110793720
1532010110793728
1532010110793736
1532010110793743
1532010110793751
1532010110793759
1532010111293764
1532010111293777
1532010111293788
1532010111293800
1532010111293808
1532010111293815
1532010111293823
1532010111293833
1532010111793776
1532010111793789
1532010111793798
1532010111793806
1532010111793813
1532010111793822
1532010111793829
1532010111793837
1532010112293932
1532010112293949
1532010112293957
1532010112293965
1532010112293973
1532010112293981
1532010112293993
1532010112294001
1532010112294008
1532010112794019
1532010112794034
1532010112794042
1532010112794050
1532010112794057
1532010112794066
1532010112794074
1532010112794082
1532010112794089
1532010113294328
1532010113294346
1532010113294355
1532010113294363
1532010113294370
1532010113294376
1532010113294384
1532010113294391
1532010113294405
1532010113794323
1532010113794339
1532010113794347
1532010113794355
1532010113794363
1532010113794371
1532010113794383
1532010113794396
1532010114294226
1532010114294241
1532010114294254
1532010114294262
1532010114294269
1532010114294277
1532010114294299
1532010114294306
1532010114794378
1532010114794394
1532010114794402
1532010114794416
1532010114794428
1532010114794436
1532010114794456
1532010114794464
1532010114794472
1532010115294559
1532010115294575
1532010115294590
1532010115294599
1532010115294607
1532010115294616
1532010115294630
1532010115294639
1532010115294647
1532010115794609
1532010115794626
1532010115794635
1532010115794644
1532010115794659
1532010115794667
1532010115794676
1532010115794684
1532010116294781
1532010116294797
1532010116294806
1532010116294819
1532010116294827
1532010116294835
1532010116294843
1532010116294859
1532010116294872
1532010116794796
1532010116794812
1532010116794822
1532010116794831
1532010116794840
1532010116794848
1532010116794856
1532010116794864
1532010117295073
1532010117295089
1532010117295098
1532010117295107
1532010117295115
1532010117295122
1532010117295131
1532010117295139
1532010117295147
1532010117794974
1532010117794994
1532010117795003
1532010117795011
1532010117795019
1532010117795027
1532010117795035
1532010117795043
1532010118294946
1532010118294962
1532010118294970
1532010118294977
1532010118294986
1532010118294993
1532010118295001
1532010118295008
1532010118794966
1532010118794981
1532010118794991
1532010118795001
1532010118795009
1532010118795016
1532010118795024
1532010118795032
1532010119295367
1532010119295385
1532010119295393
1532010119295401
1532010119295408
1532010119295415
1532010119295425
1532010119295432
1532010119295439
1532010119795131
1532010119795145
1532010119795153
1532010119795161
1532010119795168
1532010119795176
1532010119795183
1532010119795192
1532010120295264
1532010120295660
1532010120295676
1532010120295694
1532010120295705
1532010120295712
1532010120295720
1532010120295733
1532010120295741
1532010120795359
1532010120795373
1532010120795381
1532010120795394
1532010120795402
1532010120795410
1532010120795418
1532010120795429
1532010121295451
1532010121295471
1532010121295479
1532010121295487
1532010121295495
1532010121295502
1532010121295510
1532010121295517
1532010121295525
1532010121795819
1532010121795835
1532010121795843
1532010121795851
1532010121795864
1532010121795871
1532010121795878
1532010121795886
1532010121795894
1532010122295616
1532010122295629
1532010122295637
1532010122295645
1532010122295652
1532010122295659
1532010122295666
1532010122295673
1532010122795731
1532010122795746
1532010122795759
1532010122795767
1532010122795775
1532010122795783
1532010122795790
1532010122795797
1532010122795804
1532010123296124
1532010123298655
1532010123298669
1532010123298678
1532010123298686
1532010123298693
1532010123298701
1532010123298709
1532010123298717
1532010123796077
1532010123796096
1532010123796104
1532010123796112
1532010123796119
1532010123796131
1532010123796140
1532010123796147
1532010124296233
1532010124296374
1532010124296385
1532010124296393
1532010124296400
1532010124296408
1532010124296416
1532010124296424
1532010124296432
1532010124796303
1532010124796320
1532010124796328
1532010124796336
1532010124796349
1532010124796361
1532010124796369
1532010124796377
1532010125296432
1532010125296448
1532010125296456
1532010125296465
1532010125296473
1532010125296481
1532010125296489
1532010125296498
1532010125796575
1532010125796602
1532010125796620
1532010125796633
1532010125796643
1532010125796658
1532010125796671
1532010125796680
1532010125796688
1532010126296766
1532010126296808
1532010126296821
1532010126296830
1532010126296866
1532010126296878
1532010126296885
1532010126296892
1532010126296900
1532010126796866
1532010126796890
1532010126796900
1532010126796907
1532010126796915
1532010126796923
1532010126796936
1532010126796948
1532010127296684
1532010127296698
1532010127296706
1532010127296718
1532010127296726
1532010127296733
1532010127296741
1532010127296759
1532010127796781
1532010127796799
1532010127796814
1532010127796824
1532010127796833
1532010127796841
1532010127796855
1532010127796863
1532010128296827
1532010128296841
1532010128296850
1532010128296858
1532010128296866
1532010128296873
1532010128296881
1532010128296889
1532010128796942
1532010128796962
1532010128796971
1532010128796982
1532010128796990
1532010128796998
1532010128797006
1532010128797014
1532010128797021
1532010129297291
1532010129297516
1532010129297525
1532010129297532
1532010129297541
1532010129297548
1532010129297558
1532010129297566
1532010129297575
1532010129797311
1532010129797324
1532010129797332
1532010129797340
1532010129797347
1532010129797360
1532010129797367
1532010129797376
1532010130297287
1532010130297305
1532010130297321
1532010130297329
1532010130297336
1532010130297343
1532010130297356
1532010130297363
1532010130797305
1532010130797323
1532010130797339
1532010130797348
1532010130797360
1532010130797368
1532010130797383
1532010130797391
1532010131298015
1532010131298033
1532010131298043
1532010131298051
1532010131298060
1532010131298067
1532010131298074
1532010131298082
1532010131298089
1532010131797546
1532010131797561
1532010131797569
1532010131797577
1532010131797586
1532010131797597
1532010131797605
1532010131797613
1532010132297692
1532010132298046
1532010132298058
1532010132298066
1532010132298084
1532010132298092
1532010132298102
1532010132298124
1532010132298136
1532010132797811
1532010132797830
1532010132797844
1532010132797852
1532010132797860
1532010132797868
1532010132797875
1532010132797889
1532010133298089
1532010133298537
1532010133298549
1532010133298558
1532010133298580
1532010133298588
1532010133298599
1532010133298615
1532010133298623
1532010133797963
1532010133797977
1532010133797986
1532010133797993
1532010133798001
1532010133798008
1532010133798016
1532010133798023
1532010134298153
1532010134298318
1532010134298330
1532010134298338
1532010134298346
1532010134298354
1532010134298362
1532010134298375
1532010134298384
1532010134798180
1532010134798197
1532010134798207
1532010134798216
1532010134798224
1532010134798233
1532010134798241
1532010134798250
1532010135298384
1532010135299147
1532010135299162
1532010135299170
1532010135299178
1532010135299186
1532010135299193
1532010135299202
1532010135299209
1532010135798514
1532010135798532
1532010135798541
1532010135798553
1532010135798562
1532010135798570
1532010135798577
1532010135798584
1532010136298678
1532010136298827
1532010136298839
1532010136298848
1532010136298856
1532010136298865
1532010136298874
1532010136298882
1532010136298890
1532010136798510
1532010136798531
1532010136798540
1532010136798548
1532010136798561
1532010136798573
1532010136798581
1532010136798588
1532010137298640
1532010137298655
1532010137298664
1532010137298672
1532010137298680
1532010137298688
1532010137298696
1532010137298704
1532010137298711
1532010137798707
1532010137798721
1532010137798728
1532010137798736
1532010137798743
1532010137798751
1532010137798763
1532010137798771
1532010138299373
1532010138299397
1532010138299413
1532010138299422
1532010138299430
1532010138299437
1532010138299451
1532010138299459
1532010138299468
1532010138799480
1532010138799495
1532010138799504
1532010138799513
1532010138799520
1532010138799528
1532010138799536
1532010138799549
1532010138799557
1532010139299434
1532010139299449
1532010139299462
1532010139299470
1532010139299478
1532010139299485
1532010139299492
1532010139299499
1532010139799339
1532010139799356
1532010139799365
1532010139799372
1532010139799379
1532010139799387
1532010139799394
1532010139799402
1532010140299522
1532010140299780
1532010140299791
1532010140299798
1532010140299806
1532010140299812
1532010140299820
1532010140299827
1532010140299834
1532010140799781
1532010140799796
1532010140799804
1532010140799811
1532010140799819
1532010140799826
1532010140799833
1532010140799841
1532010141299733
1532010141299751
1532010141299764
1532010141299771
1532010141299779
1532010141299787
1532010141299794
1532010141299802
1532010141799897
1532010141813848
1532010141813861
1532010141813868
1532010141813882
1532010141813895
1532010141813903
1532010141813910
1532010141813924
1532010142300264
1532010142300281
1532010142300290
1532010142300298
1532010142300307
1532010142300314
1532010142300322
1532010142300330
1532010142800159
1532010142800183
1532010142800191
1532010142800199
1532010142800207
1532010142800218
1532010142800226
1532010142800240
1532010143300207
1532010143300225
1532010143300233
1532010143300243
1532010143300251
1532010143300260
1532010143300270
1532010143300278
1532010143800290
1532010143800307
1532010143800315
1532010143800323
1532010143800331
1532010143800338
1532010143800346
1532010143800354
1532010144300329
1532010144300347
1532010144300362
1532010144300370
1532010144300378
1532010144300386
1532010144300394
1532010144300408
1532010144800387
1532010144800403
1532010144800419
1532010144800427
1532010144800435
1532010144800442
1532010144800456
1532010144800464
1532010145300582
1532010145300909
1532010145300929
1532010145300937
1532010145300944
1532010145300956
1532010145300965
1532010145300972
1532010145300980
1532010145800563
1532010145800580
1532010145800595
1532010145800605
1532010145800614
1532010145800621
1532010145800634
1532010145800642
1532010146300698
1532010146300716
1532010146300725
1532010146300733
1532010146300741
1532010146300748
1532010146300759
1532010146300768
1532010146300775
1532010146800647
1532010146800665
1532010146800675
1532010146800683
1532010146800691
1532010146800699
1532010146800707
1532010146800714
1532010147300791
1532010147301118
1532010147301129
1532010147301137
1532010147301146
1532010147301160
1532010147301168
1532010147301176
1532010147301183
1532010147801023
1532010147801046
1532010147801055
1532010147801062
1532010147801075
1532010147801083
1532010147801090
1532010147801099
1532010148301036
1532010148301050
1532010148301058
1532010148301067
1532010148301074
1532010148301082
1532010148301090
1532010148301103
1532010148801027
1532010148801050
1532010148801058
1532010148801066
1532010148801078
1532010148801086
1532010148801093
1532010148801100
1532010149301389
1532010149301409
1532010149301421
1532010149301429
1532010149301437
1532010149301445
1532010149301453
1532010149301460
1532010149301467
1532010149801247
1532010149801267
1532010149801276
1532010149801285
1532010149801294
1532010149801303
1532010149801311
1532010149801322
1532010150301367
1532010150301387
1532010150301396
1532010150301404
1532010150301411
1532010150301418
1532010150301427
1532010150301434
1532010150301443
1532010150801787
1532010150801804
1532010150801812
1532010150801820
1532010150801828
1532010150801836
1532010150801844
1532010150801852
1532010150801860
1532010151301693
1532010151301719
1532010151301727
1532010151301740
1532010151301750
1532010151301758
1532010151301777
1532010151301785
1532010151801674
1532010151801691
1532010151801699
1532010151801709
1532010151801717
1532010151801725
1532010151801737
1532010151801746
1532010152301630
1532010152301643
1532010152301721
1532010152301732
1532010152301740
1532010152301748
1532010152301755
1532010152301762
1532010152801920
1532010152801937
1532010152801950
1532010152801964
1532010152801972
1532010152801979
1532010152801987
1532010152802000
1532010152802007
1532010153301957
1532010153301974
1532010153301992
1532010153302000
1532010153302011
1532010153302020
1532010153302034
1532010153302041
1532010153802007
1532010153802022
1532010153802036
1532010153802044
1532010153802051
1532010153802059
1532010153802066
1532010153802081
1532010154302195
1532010154302211
1532010154302220
1532010154302233
1532010154302240
1532010154302248
1532010154302255
1532010154302267
1532010154302274
1532010154802169
1532010154802185
1532010154802192
1532010154802199
1532010154802207
1532010154802214
1532010154802223
1532010154802232
1532010155302316
1532010155302470
1532010155302480
1532010155302487
1532010155302495
1532010155302502
1532010155302510
1532010155302518
1532010155302530
1532010155802458
1532010155802473
1532010155802482
1532010155802490
1532010155802498
1532010155802506
1532010155802514
1532010155802521
1532010156302673
1532010156302688
1532010156302697
1532010156302704
1532010156302712
1532010156302719
1532010156302727
1532010156302734
1532010156302742
1532010156802649
1532010156802665
1532010156802673
1532010156802681
1532010156802689
1532010156802697
1532010156802705
1532010156802713
1532010157302640
1532010157302656
1532010157302665
1532010157302675
1532010157302683
1532010157302691
1532010157302703
1532010157302713
1532010157802829
1532010157802894
1532010157802904
1532010157802913
1532010157802921
1532010157802929
1532010157802936
1532010157802945
1532010157802953
1532010158302897
1532010158302913
1532010158302921
1532010158302929
1532010158302937
1532010158302944
1532010158302951
1532010158302959
1532010158802897
1532010158802910
1532010158802918
1532010158802926
1532010158802934
1532010158802941
1532010158802949
1532010158802961
1532010159303913
1532010159303933
1532010159303951
1532010159303960
1532010159303969
1532010159303989
1532010159303999
1532010159304006
1532010159304014
1532010159803199
1532010159803215
1532010159803223
1532010159803236
1532010159803244
1532010159803251
1532010159803259
1532010159803274
1532010160303324
1532010160303340
1532010160303350
1532010160303357
1532010160303365
1532010160303373
1532010160303380
1532010160303388
1532010160803541
1532010160803559
1532010160803572
1532010160803580
1532010160803592
1532010160803601
1532010160803610
1532010160803618
1532010160803626
1532010161303504
1532010161303521
1532010161303537
1532010161303545
1532010161303556
1532010161303564
1532010161303581
1532010161303589
1532010161803665
1532010161803824
1532010161803836
1532010161803850
1532010161803860
1532010161803868
1532010161803876
1532010161803889
1532010161803909
1532010162303555
1532010162303573
1532010162303582
1532010162303590
1532010162303598
1532010162303606
1532010162303613
1532010162303620
1532010162803643
1532010162803657
1532010162803665
1532010162803672
1532010162803680
1532010162803687
1532010162803695
1532010162803702
1532010162803710
1532010163303826
1532010163303843
1532010163303853
1532010163303862
1532010163303870
1532010163303879
1532010163303888
1532010163303897
1532010163303906
1532010163803856
1532010163803871
1532010163803879
1532010163803889
1532010163803898
1532010163803906
1532010163803920
1532010163803929
1532010164304063
1532010164304211
1532010164304223
1532010164304232
1532010164304240
1532010164304248
1532010164304257
1532010164304265
1532010164304275
1532010164804155
1532010164804176
1532010164804186
1532010164804195
1532010164804204
1532010164804213
1532010164804223
1532010164804232
1532010165304132
1532010165304150
1532010165304159
1532010165304168
1532010165304177
1532010165304186
1532010165304194
1532010165304210
1532010165804568
1532010165804585
1532010165804600
1532010165804610
1532010165804622
1532010165804631
1532010165804638
1532010165804647
1532010165804654
1532010166304833
1532010166304849
1532010166304860
1532010166304869
1532010166304877
1532010166304885
1532010166304900
1532010166304909
1532010166304918
1532010166804997
1532010166831343
1532010166831358
1532010166831367
1532010166831376
1532010166831385
1532010166831394
1532010166831402
1532010166831410
1532010167304905
1532010167304926
1532010167304934
1532010167304943
1532010167304951
1532010167304959
1532010167304967
1532010167304975
1532010167805031
1532010167805050
1532010167805059
1532010167805069
1532010167805078
1532010167805086
1532010167805094
1532010167805103
1532010167805111
1532010168304786
1532010168304804
1532010168304815
1532010168304823
1532010168304832
1532010168304841
1532010168304852
1532010168304862
1532010168804797
1532010168804818
1532010168804829
1532010168804838
1532010168804846
1532010168804856
1532010168804905
1532010168804915
1532010169304860
1532010169304879
1532010169304888
1532010169304897
1532010169304905
1532010169304918
1532010169304926
1532010169304935
1532010169805020
1532010169805039
1532010169805049
1532010169805058
1532010169805071
1532010169805080
1532010169805089
1532010169805098
1532010169805106
1532010170305238
1532010170305254
1532010170305262
1532010170305270
1532010170305278
1532010170305286
1532010170305294
1532010170305302
1532010170305310
1532010170805119
1532010170805134
1532010170805143
1532010170805152
1532010170805159
1532010170805168
1532010170805176
1532010170805186
1532010171305164
1532010171305177
1532010171305186
1532010171305194
1532010171305202
1532010171305209
1532010171305218
1532010171305226
1532010171805300
1532010171805620
1532010171805630
1532010171805640
1532010171805648
1532010171805657
1532010171805665
1532010171805673
1532010171805682
1532010172305269
1532010172305282
1532010172305291
1532010172305301
1532010172305310
1532010172305318
1532010172305326
1532010172305335
1532010172805372
1532010172805390
1532010172805399
1532010172805407
1532010172805415
1532010172805423
1532010172805431
1532010172805439
1532010172805449
1532010173305508
1532010173305525
1532010173305533
1532010173305541
1532010173305549
1532010173305558
1532010173305566
1532010173305580
1532010173305589
1532010173805574
1532010173805589
1532010173805598
1532010173805607
1532010173805615
1532010173805623
1532010173805631
1532010173805639
1532010174305741
1532010174305893
1532010174305905
1532010174305913
1532010174305923
1532010174305932
1532010174305942
1532010174305950
1532010174305960
1532010174805829
1532010174805847
1532010174805856
1532010174805864
1532010174805872
1532010174805880
1532010174805888
1532010174805895
1532010175305982
1532010175306043
1532010175306054
1532010175306063
1532010175306073
1532010175306081
1532010175306090
1532010175306099
1532010175306108
1532010175806028
1532010175806045
1532010175806055
1532010175806069
1532010175806078
1532010175806086
1532010175806095
1532010175806186
1532010176306227
1532010176306245
1532010176306271
1532010176306285
1532010176306304
1532010176306317
1532010176306325
1532010176306346
1532010176306354
1532010176806450
1532010176806468
1532010176806476
1532010176806484
1532010176806491
1532010176806498
1532010176806506
1532010176806513
1532010176806522
1532010177306199
1532010177306216
1532010177306224
1532010177306236
1532010177306244
1532010177306252
1532010177306259
1532010177306280
1532010177806385
1532010177806652
1532010177806665
1532010177806673
1532010177806681
1532010177806689
1532010177806700
1532010177806708
1532010177806716
1532010178306413
1532010178306428
1532010178306436
1532010178306444
1532010178306452
1532010178306461
1532010178306469
1532010178306476
1532010178806549
1532010178806908
1532010178806925
1532010178806935
1532010178806944
1532010178806957
1532010178806970
1532010178806979
1532010178806988
1532010179306942
1532010179306959
1532010179306970
1532010179306979
1532010179306987
1532010179306996
1532010179307004
1532010179307012
1532010179806661
1532010179806676
1532010179806685
1532010179806693
1532010179806702
1532010179806710
1532010179806718
1532010179806727
1532010180306820
1532010180306839
1532010180306848
1532010180306856
1532010180306867
1532010180306875
1532010180306884
1532010180306892
1532010180306907
1532010180806900
1532010180806915
1532010180806924
1532010180806933
1532010180806941
1532010180806950
1532010180806959
1532010180806967
1532010181306991
1532010181307007
1532010181307019
1532010181307027
1532010181307035
1532010181307043
1532010181307050
1532010181307059
1532010181307067
1532010181807041
1532010181807055
1532010181807063
1532010181807070
1532010181807084
1532010181807092
1532010181807100
1532010181807110
1532010182307182
1532010182307198
1532010182307208
1532010182307217
1532010182307225
1532010182307234
1532010182307242
1532010182307250
1532010182307258
1532010182807331
1532010182807445
1532010182807456
1532010182807465
1532010182807473
1532010182807482
1532010182807490
1532010182807499
1532010182807507
1532010183307364
1532010183307382
1532010183307393
1532010183307447
1532010183307457
1532010183307466
1532010183307474
1532010183307482
1532010183807417
1532010183807432
1532010183807441
1532010183807451
1532010183807460
1532010183807469
1532010183807477
1532010183807485
1532010184307749
1532010184307771
1532010184307781
1532010184307790
1532010184307798
1532010184307806
1532010184307814
1532010184307822
1532010184307831
1532010184807628
1532010184807646
1532010184807655
1532010184807664
1532010184807673
1532010184807681
1532010184807689
1532010184807698
1532010185307690
1532010185307705
1532010185307713
1532010185307721
1532010185307730
1532010185307737
1532010185307747
1532010185307755
1532010185808063
1532010185808078
1532010185808087
1532010185808096
1532010185808104
1532010185808112
1532010185808120
1532010185808129
1532010185808138
1532010186308089
1532010186308106
1532010186308115
1532010186308123
1532010186308132
1532010186308140
1532010186308149
1532010186308156
1532010186807892
1532010186807909
1532010186807919
1532010186807927
1532010186807935
1532010186807948
1532010186807956
1532010186807968
1532010187308041
1532010187308058
1532010187308067
1532010187308075
1532010187308082
1532010187308090
1532010187308097
1532010187308105
1532010187308113
1532010187808052
1532010187808065
1532010187808074
1532010187808083
1532010187808091
1532010187808099
1532010187808106
1532010187808114
1532010188308192
1532010188308210
1532010188308220
1532010188308234
1532010188308242
1532010188308251
1532010188308259
1532010188308267
1532010188308275
1532010188808236
1532010188808251
1532010188808260
1532010188808268
1532010188808276
1532010188808289
1532010188808298
1532010188808307
1532010189308416
1532010189308431
1532010189308446
1532010189308455
1532010189308464
1532010189308472
1532010189308488
1532010189308496
1532010189308505
1532010189808576
1532010189808604
1532010189808615
1532010189808629
1532010189808638
1532010189808647
1532010189808655
1532010189808669
1532010189808678
1532010190311011
1532010190313639
1532010190313669
1532010190313681
1532010190313690
1532010190313726
1532010190313735
1532010190313749
1532010190313758
