1534165186820020
1534165187320089
1534165187820157
1534165188320225
1534165188820296
1534165189820434
1534165190320505
1534165190820576
1534165191320644
1534165191820711
1534165192320779
1534165192820854
1534165193320922
1534165193820995
1534165194321070
1534165194821140
1534165195321209
1534165195821277
1534165196321346
1534165196821417
1534165197321487
1534165197821558
1534165198321634
1534165198821708
1534165199321779
1534165199821847
1534165200321918
1534165200821990
1534165201322060
1534165201822130
1534165202322198
1534165202822270
1534165203322344
1534165203822420
1534165204322489
1534165205322630
1534165205822699
1534165206322769
1534165206822843
1534165207322911
1534165207822982
1534165208323052
1534165208823120
1534165209323190
1534165209823258
1534165210323326
1534165210823393
1534165211323461
1534165211823530
1534165212323597
1534165212823669
1534165213323742
1534165213823811
1534165214323881
1534165214823949
1534165215324017
1534165215824091
1534165216324158
1534165216824227
1534165217324294
1534165217824392
1534165218324466
1534165219324602
1534165219824664
1534165220324733
1534165220824801
1534165221824940
1534165222325014
1534165222825081
1534165223325149
1534165223825218
1534165224325286
1534165224825357
1534165225325425
1534165225825494
1534165226325560
1534165226825628
1534165227325695
1534165227825767
1534165228325837
1534165228825898
1534165229325961
1534165229826038
1534165230326110
1534165230826171
1534165231326234
1534165231826299
1534165232326364
1534165232826424
1534165233326485
1534165233826555
1534165234326624
1534165234826691
1534165235326759
1534165235826835
1534165236326890
1534165236826961
1534165237327028
1534165237827095
1534165238327175
1534165238827240
1534165239327300
1534165239827360
1534165240327429
1534165240827498
1534165241327569
1534165241827639
1534165242327706
1534165242827772
1534165243327837
1534165243827924
1534165244327993
1534165244828062
1534165245328129
1534165245828197
1534165246328265
1534165246828342
1534165247328409
1534165247828482
1534165248328552
1534165248828619
1534165249328687
1534165249828756
1534165250328834
1534165250828904
1534165251328983
1534165251829053
1534165252329122
1534165252829190
1534165253329258
1534165253829334
1534165254329396
1534165254829458
1534165255329521
1534165255829589
1534165256329666
1534165256829732
1534165257329798
1534165257829864
1534165258329936
1534165258830004
1534165259330071
1534165259830143
1534165260330209
1534165260830283
1534165261330352
1534165261830419
1534165262330486
1534165262830552
1534165263330630
1534165263830697
1534165264330766
1534165264830833
1534165265330886
1534165265830955
1534165266331023
1534165266831090
1534165267331158
1534165267831225
1534165268331292
1534165268831360
1534165269331431
1534165269831499
1534165270331567
1534165270831636
1534165271331704
1534165271831779
1534165272331846
1534165272831913
1534165273331989
1534165273832059
1534165274332128
1534165274832196
1534165275332273
1534165275832341
1534165276332409
1534165276832478
1534165277332567
1534165277832635
1534165278332709
1534165278832778
1534165279332845
1534165279832912
1534165280332983
1534165280833055
1534165281333123
1534165281833191
1534165282333262
1534165282833329
1534165283333395
1534165283833461
1534165284333529
1534165284833596
1534165285333666
1534165285833735
1534165286333798
