1534165186824406
1534165187320480
1534165187820525
1534165188320547
1534165188820606
1534165189320677
1534165189820747
1534165190320887
1534165190820878
1534165191320948
1534165191820987
1534165192321087
1534165192821086
1534165193321218
1534165193821324
1534165194321324
1534165194821452
1534165195321516
1534165195821573
1534165196321664
1534165196321733
1534165196821730
1534165197321758
1534165197321807
1534165197821827
1534165198321928
1534165198821981
1534165199322055
1534165199822129
1534165200322158
1534165200822262
1534165201322357
1534165201822460
1534165202322513
1534165202822565
1534165203322668
1534165203822716
1534165204322801
1534165204822855
1534165205322915
1534165205823005
1534165206323066
1534165206823140
1534165207323227
1534165207823245
1534165208323310
1534165208823401
1534165209323439
1534165209823555
1534165210323627
1534165210823700
1534165211323731
1534165211823840
1534165212323876
1534165212823968
1534165213323996
1534165213824111
1534165214324155
1534165214824252
1534165215324330
1534165215824360
1534165216324439
1534165216824539
1534165217324599
1534165217824702
1534165218324790
1534165218824835
1534165219324822
1534165219824885
1534165220325069
1534165220825090
1534165221325182
1534165221825239
1534165222325285
1534165222825349
1534165223325431
1534165223825519
1534165223825583
1534165224325574
1534165224825634
1534165225325742
1534165225825846
1534165226325859
1534165226825915
1534165227326007
1534165227826080
1534165228326084
1534165228826112
1534165229326172
1534165229826320
1534165230326338
1534165230826421
1534165231326439
1534165231826477
1534165232326566
1534165232826653
1534165233326731
1534165233826903
1534165234326886
1534165234826975
1534165235327048
1534165235827179
1534165236327183
1534165236827248
1534165237327302
1534165237827399
1534165238327425
1534165238827475
1534165239327536
1534165239827590
1534165240327722
1534165240827762
1534165241327890
1534165241827946
1534165242327982
1534165242828074
1534165243328103
1534165243828193
1534165244328300
1534165244828315
1534165245328422
1534165245828493
1534165246328582
1534165246828641
1534165247328704
1534165247828782
1534165248328845
1534165248828880
1534165249328972
1534165249829038
1534165250329130
1534165250829225
1534165251329348
1534165251829325
1534165252329376
1534165252829504
1534165253329536
1534165253829658
1534165254329620
1534165254829687
1534165255329759
1534165255829891
1534165256329962
1534165256330042
1534165256830014
1534165257330116
1534165257830157
1534165258330242
1534165258830318
1534165259330378
1534165259830417
1534165260330510
1534165260830560
1534165261330685
1534165261330715
1534165261830735
1534165262330769
1534165262830823
1534165263330916
1534165263830980
1534165264331098
1534165264331157
1534165264831137
1534165265331198
1534165265831274
1534165266331285
1534165266831375
1534165267331454
1534165267831541
1534165268331627
1534165268831643
1534165269331714
1534165269831818
1534165270331834
1534165270831941
1534165271331995
1534165271832076
1534165272332150
1534165272832218
1534165273332282
1534165273832382
1534165274332438
1534165274832463
1534165275332557
1534165275832629
1534165276332710
1534165276832730
1534165277332889
1534165277832918
1534165278333050
1534165278833069
1534165279333141
1534165279833199
1534165280333239
1534165280833380
1534165281333431
1534165281833511
1534165282333525
1534165282833557
1534165283333658
1534165283833748
1534165284333796
1534165284833911
1534165285333951
1534165285834045
1534165286334060
