1534165186824981
1534165187321165
1534165187821422
1534165188321398
1534165188821589
1534165189821655
1534165190321781
1534165190821398
1534165191321729
1534165191821831
1534165192321981
1534165192821656
1534165193322071
1534165193822228
1534165194322129
1534165194822264
1534165195322393
1534165195822505
1534165196322619
1534165196822718
1534165197322313
1534165197822656
1534165198322733
1534165198822805
1534165199322871
1534165199822932
1534165200322982
1534165200823028
1534165201323310
1534165201823335
1534165202323366
1534165202823390
1534165203323648
1534165203823657
1534165204323660
1534165205323679
1534165205823907
1534165206323895
1534165206824138
1534165207324094
1534165207824072
1534165208324287
1534165208824258
1534165209324231
1534165209824421
1534165210324395
1534165210824585
1534165211324535
1534165211824728
1534165212324679
1534165212824856
1534165213324811
1534165213824987
1534165214324923
1534165214825088
1534165215325266
1534165215825195
1534165216325360
1534165216825530
1534165217325455
1534165217825613
1534165218325539
1534165219325344
1534165219825756
1534165220325904
1534165220826061
1534165221826112
1534165222326259
1534165222826160
1534165223326296
1534165223826441
1534165224326351
1534165224826484
1534165225326614
1534165225826765
1534165226326650
1534165226826783
1534165227326918
1534165227827051
1534165228326681
1534165228827061
1534165229326954
1534165229827081
1534165230327205
1534165230827328
1534165231327217
1534165231827334
1534165232327456
1534165232827577
1534165233327465
1534165233827589
1534165234327709
1534165234827824
1534165235327940
1534165235828060
1534165236327924
1534165236828056
1534165237328171
1534165237828281
1534165238328398
1534165238828275
1534165239328380
1534165239828495
1534165240328610
1534165240828725
1534165241328612
1534165241828726
1534165242328822
1534165242828929
1534165243329072
1534165243829156
1534165244329264
1534165244829132
1534165245329242
1534165245829353
1534165246329455
1534165246829567
1534165247329676
1534165247829550
1534165248329649
1534165248829762
1534165249329862
1534165249829968
1534165250330077
1534165250830185
1534165251330063
1534165251829898
1534165252330250
1534165252830359
1534165253330466
1534165253830573
1534165254330177
1534165254830536
1534165255330638
1534165255830735
1534165256330729
1534165256830641
1534165257331071
1534165257831005
1534165258331181
1534165258831123
1534165259331305
1534165259831247
1534165260331439
1534165260831383
1534165261331576
1534165261831527
1534165262331719
1534165262831676
1534165263331876
1534165263831839
1534165264332042
1534165264831751
1534165265331969
1534165265832175
1534165266332145
1534165266832358
1534165267332327
1534165267832311
1534165268332522
1534165268832498
1534165269332485
1534165269832698
1534165270332682
1534165270832910
1534165271332892
1534165271832881
1534165272333110
1534165272833095
1534165273333099
1534165273833325
1534165274333317
1534165274833312
1534165275333318
1534165275833548
1534165276333558
1534165276833547
1534165277333555
1534165277833791
1534165278333812
1534165278834049
1534165279334054
1534165279834063
1534165280334070
1534165280834089
1534165281334336
1534165281834346
1534165282334359
1534165282834368
1534165283334388
1534165283834643
1534165284334661
1534165284834681
1534165285334945
1534165285834961
1534165286334981
