1532011648810815
1532011648810836
1532011648810845
1532011648810851
1532011648810858
1532011648810864
1532011648810877
1532011648810884
1532011649310787
1532011649310800
1532011649310806
1532011649310820
1532011649310829
1532011649310835
1532011649310841
1532011649310855
1532011649810835
1532011649810852
1532011649810859
1532011649810870
1532011649810877
1532011649810886
1532011649810892
1532011649810897
1532011650310918
1532011650310933
1532011650310939
1532011650310950
1532011650310956
1532011650310962
1532011650310968
1532011650310974
1532011650310985
1532011650810923
1532011650810936
1532011650810943
1532011650810956
1532011650810962
1532011650810968
1532011650810974
1532011650810980
1532011651311022
1532011651311038
1532011651311054
1532011651311061
1532011651311066
1532011651311075
1532011651311082
1532011651311096
1532011651311103
1532011651811191
1532011651811209
1532011651811216
1532011651811222
1532011651811228
1532011651811235
1532011651811254
1532011651811260
1532011651811267
1532011652311189
1532011652311207
1532011652311215
1532011652311222
1532011652311228
1532011652311244
1532011652311251
1532011652311258
1532011652811346
1532011652811363
1532011652811371
1532011652811378
1532011652811385
1532011652811391
1532011652811397
1532011652811403
1532011652811409
1532011653311504
1532011653311518
1532011653311524
1532011653311533
1532011653311539
1532011653311546
1532011653311552
1532011653311563
1532011653311570
1532011653811579
1532011653811595
1532011653811602
1532011653811608
1532011653811619
1532011653811626
1532011653811635
1532011653811643
1532011654311610
1532011654311623
1532011654311630
1532011654311638
1532011654311644
1532011654311650
1532011654311656
1532011654311663
1532011654811592
1532011654811607
1532011654811614
1532011654811621
1532011654811628
1532011654811634
1532011654811645
1532011654811652
1532011655311741
1532011655311867
1532011655311878
1532011655311885
1532011655311891
1532011655311898
1532011655311905
1532011655311912
1532011655311918
1532011655811885
1532011655811897
1532011655811904
1532011655811911
1532011655811918
1532011655811924
1532011655811931
1532011655811937
1532011656311942
1532011656311958
1532011656311965
1532011656311972
1532011656311980
1532011656311987
1532011656311994
1532011656312001
1532011656812139
1532011656812154
1532011656812162
1532011656812170
1532011656812182
1532011656812189
1532011656812195
1532011656812202
1532011656812214
1532011657312056
1532011657312077
1532011657312084
1532011657312090
1532011657312097
1532011657312108
1532011657312121
1532011657312130
1532011657812242
1532011657812255
1532011657812262
1532011657812270
1532011657812277
1532011657812284
1532011657812290
1532011657812301
1532011657812308
1532011658312201
1532011658312217
1532011658312224
1532011658312230
1532011658312240
1532011658312247
1532011658312254
1532011658312260
1532011658812183
1532011658812196
1532011658812204
1532011658812210
1532011658812216
1532011658812222
1532011658812229
1532011658812236
1532011659312344
1532011659312357
1532011659312364
1532011659312371
1532011659312377
1532011659312387
1532011659312393
1532011659312403
1532011659312411
1532011659812520
1532011659812535
1532011659812545
1532011659812552
1532011659812559
1532011659812566
1532011659812573
1532011659812580
1532011659812590
1532011660312511
1532011660312527
1532011660312534
1532011660312542
1532011660312553
1532011660312560
1532011660312566
1532011660312573
1532011660812640
1532011660812657
1532011660812664
1532011660812672
1532011660812678
1532011660812688
1532011660812697
1532011660812704
1532011660812713
1532011661312854
1532011661312869
1532011661312876
1532011661312889
1532011661312896
1532011661312907
1532011661312915
1532011661312928
1532011661312935
1532011661812875
1532011661812892
1532011661812899
1532011661812906
1532011661812914
1532011661812920
1532011661812926
1532011661812932
1532011662312999
1532011662313015
1532011662313023
1532011662313030
1532011662313037
1532011662313043
1532011662313049
1532011662313056
1532011662313062
1532011662813186
1532011662813208
1532011662813217
1532011662813229
1532011662813253
1532011662813260
1532011662813266
1532011662813280
1532011662813288
1532011663313187
1532011663313204
1532011663313211
1532011663313218
1532011663313233
1532011663313241
1532011663313248
1532011663313255
1532011663813158
1532011663813176
1532011663813184
1532011663813194
1532011663813204
1532011663813212
1532011663813225
1532011663813233
1532011664313215
1532011664313235
1532011664313244
1532011664313252
1532011664313259
1532011664313267
1532011664313274
1532011664313281
1532011664813402
1532011664813415
1532011664813422
1532011664813430
1532011664813437
1532011664813444
1532011664813456
1532011664813463
1532011664813471
1532011665313391
1532011665313404
1532011665313411
1532011665313419
1532011665313426
1532011665313433
1532011665313440
1532011665313448
1532011665813432
1532011665813448
1532011665813456
1532011665813462
1532011665813469
1532011665813476
1532011665813488
1532011665813496
1532011666313579
1532011666313654
1532011666313669
1532011666313677
1532011666313685
1532011666313693
1532011666313701
1532011666313711
1532011666313719
1532011666813812
1532011666813902
1532011666813913
1532011666813921
1532011666813929
1532011666813938
1532011666813946
1532011666813953
1532011666813961
1532011667314028
1532011667314071
1532011667314085
1532011667314093
1532011667314101
1532011667314108
1532011667314116
1532011667314123
1532011667314131
1532011667814043
1532011667814064
1532011667814073
1532011667814082
1532011667814090
1532011667814098
1532011667814106
1532011667814114
1532011668313947
1532011668313964
1532011668313973
1532011668313980
1532011668313988
1532011668313996
1532011668314004
1532011668314011
1532011668814109
1532011668814127
1532011668814142
1532011668814151
1532011668814160
1532011668814168
1532011668814176
1532011668814185
1532011668814193
1532011669314428
1532011669314451
1532011669314461
1532011669314469
1532011669314482
1532011669314497
1532011669314505
1532011669314513
1532011669314521
1532011669814402
1532011669814421
1532011669814429
1532011669814444
1532011669814451
1532011669814459
1532011669814466
1532011669814482
1532011670314379
1532011670314395
1532011670314403
1532011670314411
1532011670314419
1532011670314428
1532011670314435
1532011670314443
1532011670814369
1532011670814388
1532011670814400
1532011670814410
1532011670814421
1532011670814429
1532011670814436
1532011670814444
1532011671314557
1532011671314573
1532011671314581
1532011671314589
1532011671314596
1532011671314605
1532011671314614
1532011671314621
1532011671314629
1532011671814813
1532011671814834
1532011671814843
1532011671814852
1532011671814864
1532011671814872
1532011671814880
1532011671814887
1532011671814895
1532011672314854
1532011672314873
1532011672314882
1532011672314889
1532011672314900
1532011672314909
1532011672314916
1532011672314924
1532011672814729
1532011672814745
1532011672814754
1532011672814762
1532011672814770
1532011672814781
1532011672814789
1532011672814799
1532011673314785
1532011673314801
1532011673314809
1532011673314816
1532011673314823
1532011673314831
1532011673314838
1532011673314846
1532011673814971
1532011673815323
1532011673815341
1532011673815349
1532011673815360
1532011673815368
1532011673815376
1532011673815387
1532011673815395
1532011674315341
1532011674315358
1532011674315367
1532011674315377
1532011674315391
1532011674315399
1532011674315407
1532011674315415
1532011674815181
1532011674815197
1532011674815205
1532011674815212
1532011674815220
1532011674815228
1532011674815236
1532011674815243
1532011675315248
1532011675315262
1532011675315270
1532011675315278
1532011675315286
1532011675315295
1532011675315302
1532011675315316
1532011675815430
1532011675815448
1532011675815457
1532011675815465
1532011675815473
1532011675815481
1532011675815489
1532011675815497
1532011675815509
1532011676315411
1532011676315425
1532011676315434
1532011676315443
1532011676315451
1532011676315458
1532011676315466
1532011676315474
1532011676815664
1532011676815684
1532011676815693
1532011676815702
1532011676815710
1532011676815718
1532011676815726
1532011676815735
1532011676815743
1532011677315688
1532011677315718
1532011677315727
1532011677315734
1532011677315741
1532011677315749
1532011677315757
1532011677315765
1532011677815734
1532011677815750
1532011677815758
1532011677815765
1532011677815773
1532011677815780
1532011677815793
1532011677815802
1532011678316065
1532011678316088
1532011678316096
1532011678316103
1532011678316111
1532011678316118
1532011678316126
1532011678316133
1532011678316140
1532011678815988
1532011678816005
1532011678816014
1532011678816028
1532011678816036
1532011678816044
1532011678816052
1532011678816066
1532011679316016
1532011679316032
1532011679316040
1532011679316048
1532011679316060
1532011679316068
1532011679316077
1532011679316086
1532011679816119
1532011679816136
1532011679816145
1532011679816153
1532011679816161
1532011679816169
1532011679816177
1532011679816184
1532011679816193
1532011680316290
1532011680316488
1532011680316503
1532011680316512
1532011680316520
1532011680316531
1532011680316538
1532011680316545
1532011680316552
1532011680816421
1532011680816435
1532011680816450
1532011680816458
1532011680816467
1532011680816474
1532011680816488
1532011680816500
1532011681316316
1532011681316330
1532011681316339
1532011681316347
1532011681316359
1532011681316368
1532011681316375
1532011681316387
1532011681816579
1532011681816869
1532011681816892
1532011681816912
1532011681816930
1532011681816951
1532011681816963
1532011681816977
1532011681817002
1532011682316368
1532011682316383
1532011682316391
1532011682316404
1532011682316412
1532011682316424
1532011682316440
1532011682316448
1532011682816532
1532011682816927
1532011682816939
1532011682816953
1532011682816960
1532011682816968
1532011682816976
1532011682816990
1532011682816998
1532011683316724
1532011683316742
1532011683316760
1532011683316769
1532011683316782
1532011683316799
1532011683316807
1532011683316820
1532011683816650
1532011683816665
1532011683816673
1532011683816687
1532011683816695
1532011683816702
1532011683816709
1532011683816724
1532011684316824
1532011684317214
1532011684317235
1532011684317245
1532011684317254
1532011684317261
1532011684317270
1532011684317278
1532011684317287
1532011684816969
1532011684816987
1532011684816996
1532011684817004
1532011684817011
1532011684817020
1532011684817028
1532011684817035
1532011685316922
1532011685316939
1532011685316948
1532011685316956
1532011685316965
1532011685316973
1532011685316980
1532011685316988
1532011685817072
1532011685817090
1532011685817099
1532011685817111
1532011685817123
1532011685817132
1532011685817140
1532011685817147
1532011685817155
1532011686317241
1532011686317255
1532011686317263
1532011686317270
1532011686317278
1532011686317286
1532011686317294
1532011686317301
1532011686317308
1532011686817241
1532011686817259
1532011686817268
1532011686817276
1532011686817284
1532011686817291
1532011686817299
1532011686817311
1532011687317306
1532011687317324
1532011687317332
1532011687317340
1532011687317351
1532011687317359
1532011687317367
1532011687317374
1532011687817484
1532011687817499
1532011687817507
1532011687817521
1532011687817529
1532011687817536
1532011687817544
1532011687817559
1532011687817568
1532011688317536
1532011688317554
1532011688317562
1532011688317570
1532011688317579
1532011688317587
1532011688317594
1532011688317607
1532011688817538
1532011688817554
1532011688817564
1532011688817571
1532011688817578
1532011688817586
1532011688817594
1532011688817601
1532011689317708
1532011689317735
1532011689317743
1532011689317752
1532011689317760
1532011689317772
1532011689317780
1532011689317787
1532011689317794
1532011689817871
1532011689817884
1532011689817891
1532011689817900
1532011689817907
1532011689817920
1532011689817928
1532011689817936
1532011689817944
1532011690317874
1532011690317891
1532011690317900
1532011690317907
1532011690317915
1532011690317922
1532011690317935
1532011690317944
1532011690818052
1532011690818067
1532011690818081
1532011690818093
1532011690818103
1532011690818111
1532011690818119
1532011690818130
1532011690818139
1532011691318150
1532011691318167
1532011691318183
1532011691318191
1532011691318203
1532011691318212
1532011691318230
1532011691318238
1532011691318245
1532011691818124
1532011691818142
1532011691818149
1532011691818157
1532011691818165
1532011691818172
1532011691818185
1532011691818194
1532011692318156
1532011692318170
1532011692318177
1532011692318185
1532011692318192
1532011692318199
1532011692318211
1532011692318219
1532011692818320
1532011692818338
1532011692818346
1532011692818359
1532011692818367
1532011692818375
1532011692818382
1532011692818390
1532011692818397
1532011693318379
1532011693318396
1532011693318403
1532011693318411
1532011693318419
1532011693318429
1532011693318436
1532011693318443
1532011693818532
1532011693818671
1532011693818693
1532011693818702
1532011693818710
1532011693818717
1532011693818739
1532011693818747
1532011693818754
1532011694318853
1532011694318869
1532011694318877
1532011694318886
1532011694318895
1532011694318902
1532011694318911
1532011694318923
1532011694318931
1532011694818987
1532011694819009
1532011694819019
1532011694819028
1532011694819036
1532011694819044
1532011694819052
1532011694819061
1532011694819070
1532011695318826
1532011695318847
1532011695318858
1532011695318866
1532011695318875
1532011695318883
1532011695318891
1532011695318900
1532011695819011
1532011695819494
1532011695819506
1532011695819514
1532011695819529
1532011695819537
1532011695819545
1532011695819553
1532011695819573
1532011696318976
1532011696318993
1532011696319001
1532011696319016
1532011696319033
1532011696319049
1532011696319059
1532011696319069
1532011696819229
1532011696819248
1532011696819257
1532011696819266
1532011696819273
1532011696819283
1532011696819291
1532011696819299
1532011696819308
1532011697319211
1532011697319226
1532011697319239
1532011697319248
1532011697319256
1532011697319263
1532011697319271
1532011697319287
1532011697819407
1532011697819424
1532011697819433
1532011697819441
1532011697819449
1532011697819456
1532011697819465
1532011697819473
1532011697819487
1532011698319550
1532011698319577
1532011698319587
1532011698319595
1532011698319609
1532011698319617
1532011698319625
1532011698319633
1532011698319651
1532011698819758
1532011698819774
1532011698819783
1532011698819792
1532011698819809
1532011698819817
1532011698819824
1532011698819832
1532011698819841
1532011699319591
1532011699319610
1532011699319620
1532011699319635
1532011699319644
1532011699319651
1532011699319660
1532011699319669
1532011699819617
1532011699819631
1532011699819640
1532011699819648
1532011699819656
1532011699819665
1532011699819673
1532011699819681
1532011700319761
1532011700320463
1532011700320479
1532011700320488
1532011700320497
1532011700320510
1532011700320521
1532011700320535
1532011700320546
1532011700819938
1532011700819957
1532011700819966
1532011700819974
1532011700819981
1532011700819989
1532011700819996
1532011700820003
1532011701320018
1532011701320040
1532011701320050
1532011701320058
1532011701320066
1532011701320073
1532011701320080
1532011701320090
1532011701820096
1532011701820117
1532011701820130
1532011701820138
1532011701820145
1532011701820158
1532011701820165
1532011701820173
1532011702320648
1532011702320663
1532011702320671
1532011702320686
1532011702320694
1532011702320701
1532011702320708
1532011702320729
1532011702320742
1532011702820387
1532011702820405
1532011702820413
1532011702820429
1532011702820436
1532011702820445
1532011702820459
1532011702820469
1532011703320272
1532011703320293
1532011703320301
1532011703320308
1532011703320315
1532011703320323
1532011703320331
1532011703320338
1532011703820482
1532011703820760
1532011703820772
1532011703820787
1532011703820795
1532011703820807
1532011703820817
1532011703820834
1532011703820841
1532011704320629
1532011704320646
1532011704320663
1532011704320671
1532011704320679
1532011704320687
1532011704320700
1532011704320708
1532011704820813
1532011704820946
1532011704820958
1532011704820967
1532011704820976
1532011704820984
1532011704820992
1532011704821000
1532011704821015
1532011705320602
1532011705320624
1532011705320633
1532011705320645
1532011705320656
1532011705320664
1532011705320671
1532011705320682
1532011705820666
1532011705820689
1532011705820697
1532011705820705
1532011705820712
1532011705820720
1532011705820728
1532011705820736
1532011706320812
1532011706321917
1532011706321933
1532011706321942
1532011706321950
1532011706321958
1532011706321965
1532011706321973
1532011706321981
1532011706821069
1532011706821085
1532011706821093
1532011706821105
1532011706821113
1532011706821121
1532011706821128
1532011706821138
1532011707321018
1532011707321037
1532011707321051
1532011707321059
1532011707321066
1532011707321073
1532011707321080
1532011707321087
1532011707821096
1532011707821112
1532011707821121
1532011707821128
1532011707821135
1532011707821142
1532011707821149
1532011707821156
1532011708321885
1532011708321903
1532011708321911
1532011708321918
1532011708321926
1532011708321937
1532011708321945
1532011708321957
1532011708321964
1532011708822066
1532011708822085
1532011708822095
1532011708822103
1532011708822112
1532011708822120
1532011708822129
1532011708822137
1532011708822147
1532011709321966
1532011709321985
1532011709321994
1532011709322002
1532011709322009
1532011709322021
1532011709322029
1532011709322045
1532011709821800
1532011709821819
1532011709821827
1532011709821839
1532011709821846
1532011709821854
1532011709821862
1532011709821869
1532011710321948
1532011710322300
1532011710322312
1532011710322320
1532011710322329
1532011710322336
1532011710322344
1532011710322351
1532011710322359
1532011710821937
1532011710821955
1532011710821964
1532011710821976
1532011710821984
1532011710821993
1532011710822001
1532011710822009
1532011711322341
1532011711322359
1532011711322372
1532011711322380
1532011711322387
1532011711322399
1532011711322414
1532011711322422
1532011711322430
1532011711821935
1532011711821950
1532011711821958
1532011711821965
1532011711821972
1532011711821984
1532011711821992
1532011711822004
1532011712322117
1532011712322307
1532011712322318
1532011712322326
1532011712322334
1532011712322341
1532011712322348
1532011712322355
1532011712322362
1532011712822053
1532011712822066
1532011712822073
1532011712822080
1532011712822087
1532011712822094
1532011712822101
1532011712822121
1532011713322193
1532011713322461
1532011713322473
1532011713322482
1532011713322489
1532011713322502
1532011713322511
1532011713322522
1532011713322531
1532011713822653
1532011713822668
1532011713822676
1532011713822691
1532011713822698
1532011713822704
1532011713822711
1532011713822726
1532011713822733
1532011714322529
1532011714322549
1532011714322557
1532011714322565
1532011714322571
1532011714322580
1532011714322588
1532011714322596
1532011714822660
1532011714822676
1532011714822684
1532011714822692
1532011714822700
1532011714822706
1532011714822717
1532011714822727
1532011714822735
1532011715322817
1532011715322936
1532011715322952
1532011715322961
1532011715322969
1532011715322977
1532011715322984
1532011715322992
1532011715323000
1532011715822896
1532011715822909
1532011715822917
1532011715822924
1532011715822933
1532011715822941
1532011715822948
1532011715822956
1532011716322970
1532011716322986
1532011716322994
1532011716323002
1532011716323009
1532011716323020
1532011716323031
1532011716323040
1532011716823028
1532011716823043
1532011716823051
1532011716823059
1532011716823070
1532011716823077
1532011716823089
1532011716823096
1532011717323045
1532011717323060
1532011717323068
1532011717323075
1532011717323087
1532011717323094
1532011717323102
1532011717323113
1532011717823065
1532011717823079
1532011717823088
1532011717823096
1532011717823104
1532011717823111
1532011717823118
1532011717823125
1532011718323213
1532011718323431
1532011718323444
1532011718323452
1532011718323460
1532011718323467
1532011718323475
1532011718323484
1532011718323492
1532011718823351
1532011718823370
1532011718823381
1532011718823389
1532011718823397
1532011718823411
1532011718823420
1532011718823428
1532011719323787
1532011719323808
1532011719323830
1532011719323841
1532011719323849
1532011719323865
1532011719323878
1532011719323887
1532011719323903
1532011719823824
1532011719823841
1532011719823850
1532011719823864
1532011719823872
1532011719823885
1532011719823914
1532011719823922
1532011720323837
1532011720323857
1532011720323872
1532011720323882
1532011720323890
1532011720323898
1532011720323913
1532011720323927
1532011720823998
1532011720824389
1532011720824402
1532011720824416
1532011720824424
1532011720824432
1532011720824439
1532011720824447
1532011720824460
1532011721324121
1532011721324141
1532011721324157
1532011721324165
1532011721324172
1532011721324180
1532011721324195
1532011721324203
1532011721824151
1532011721824171
1532011721824193
1532011721824202
1532011721824210
1532011721824236
1532011721824245
1532011721824252
1532011722324345
1532011722324589
1532011722324605
1532011722324614
1532011722324622
1532011722324631
1532011722324645
1532011722324656
1532011722324666
1532011722824090
1532011722824107
1532011722824116
1532011722824124
1532011722824132
1532011722824140
1532011722824148
1532011722824155
1532011723324153
1532011723324171
1532011723324180
1532011723324195
1532011723324203
1532011723324210
1532011723324217
1532011723324232
1532011723824207
1532011723824223
1532011723824230
1532011723824238
1532011723824245
1532011723824252
1532011723824259
1532011723824267
1532011724324354
1532011724324369
1532011724324378
1532011724324393
1532011724324401
1532011724324408
1532011724324416
1532011724324429
1532011724324437
1532011724824481
1532011724824502
1532011724824518
1532011724824526
1532011724824537
1532011724824552
1532011724824565
1532011724824573
1532011724824580
1532011725324606
1532011725324624
1532011725324638
1532011725324652
1532011725324660
1532011725324679
1532011725324688
1532011725324696
1532011725324703
1532011725824713
1532011725824729
1532011725824737
1532011725824745
1532011725824753
1532011725824760
1532011725824767
1532011725824774
1532011726324732
1532011726324748
1532011726324756
1532011726324766
1532011726324773
1532011726324780
1532011726324788
1532011726324798
1532011726824869
1532011726824930
1532011726824942
1532011726824950
1532011726824957
1532011726824965
1532011726824978
1532011726824986
1532011726824994
1532011727324794
1532011727324809
1532011727324816
1532011727324822
1532011727324829
1532011727324836
1532011727324848
1532011727324855
1532011727824943
1532011727825247
1532011727825260
1532011727825268
1532011727825282
1532011727825289
1532011727825296
1532011727825304
1532011727825317
1532011728324987
1532011728325003
1532011728325011
1532011728325021
1532011728325033
1532011728325041
1532011728325052
1532011728325060
1532011728825118
1532011728825141
1532011728825148
1532011728825157
1532011728825164
1532011728825172
1532011728825179
1532011728825186
1532011728825194
1532011729325257
1532011729325271
1532011729325279
1532011729325286
1532011729325293
1532011729325300
1532011729325308
1532011729325315
1532011729325323
1532011729825151
1532011729825165
1532011729825172
1532011729825183
1532011729825195
1532011729825202
1532011729825210
1532011729825225
1532011730325297
1532011730325412
1532011730325421
1532011730325430
1532011730325436
1532011730325443
1532011730325450
1532011730325458
1532011730325465
1532011730825304
1532011730825318
1532011730825325
1532011730825332
1532011730825338
1532011730825345
1532011730825352
1532011730825359
1532011731325480
1532011731325666
1532011731325679
1532011731325687
1532011731325694
1532011731325706
1532011731325714
1532011731325721
1532011731325728
1532011731825523
1532011731825540
1532011731825547
1532011731825555
1532011731825563
1532011731825570
1532011731825577
1532011731825585
1532011732325674
1532011732326161
1532011732326173
1532011732326181
1532011732326188
1532011732326196
1532011732326203
1532011732326211
1532011732326218
1532011732825793
1532011732825816
1532011732825824
1532011732825832
1532011732825839
1532011732825846
1532011732825854
1532011732825861
1532011733325778
1532011733325791
1532011733325799
1532011733325810
1532011733325818
1532011733325825
1532011733325832
1532011733325840
1532011733826000
1532011733826017
1532011733826024
1532011733826032
1532011733826039
1532011733826045
1532011733826053
1532011733826060
1532011733826068
1532011734326173
1532011734326187
1532011734326211
1532011734326219
1532011734326227
1532011734326234
1532011734326241
1532011734326253
1532011734326261
1532011734826363
1532011734826382
1532011734826390
1532011734826397
1532011734826404
1532011734826412
1532011734826419
1532011734826426
1532011734826433
1532011735326379
1532011735326393
1532011735326400
1532011735326408
1532011735326415
1532011735326422
1532011735326429
1532011735326436
1532011735826514
1532011735826531
1532011735826539
1532011735826548
1532011735826556
1532011735826566
1532011735826574
1532011735826582
1532011735826591
1532011736326711
1532011736326734
1532011736326744
1532011736326752
1532011736326760
1532011736326770
1532011736326780
1532011736326789
1532011736326798
1532011736826789
1532011736826811
1532011736826822
1532011736826830
1532011736826838
1532011736826846
1532011736826855
1532011736826863
1532011737326888
1532011737326910
1532011737326920
1532011737326928
1532011737326937
1532011737326945
1532011737326952
1532011737326961
1532011737326969
1532011737826877
1532011737826894
1532011737826903
1532011737826918
1532011737826927
1532011737826935
1532011737826942
1532011737826950
1532011738327069
1532011738327918
1532011738327936
1532011738327947
1532011738327956
1532011738327966
1532011738327982
1532011738327991
1532011738328000
1532011738827074
1532011738827089
1532011738827099
1532011738827107
1532011738827116
1532011738827126
1532011738827135
1532011738827145
1532011739327231
1532011739327285
1532011739327297
1532011739327306
1532011739327325
1532011739327334
1532011739327343
1532011739327351
1532011739327367
1532011739827533
1532011739827550
1532011739827559
1532011739827569
1532011739827577
1532011739827585
1532011739827594
1532011739827602
1532011739827610
1532011740327496
1532011740327512
1532011740327520
1532011740327529
1532011740327536
1532011740327545
1532011740327553
1532011740327561
1532011740827410
1532011740827429
1532011740827440
1532011740827448
1532011740827462
1532011740827470
1532011740827483
1532011740827491
1532011741327568
1532011741327588
1532011741327603
1532011741327612
1532011741327620
1532011741327628
1532011741327636
1532011741327651
1532011741327660
1532011741827675
1532011741827696
1532011741827705
1532011741827714
1532011741827723
1532011741827731
1532011741827739
1532011741827748
1532011741827756
1532011742327855
1532011742327874
1532011742327883
1532011742327892
1532011742327906
1532011742327915
1532011742327923
1532011742327932
1532011742327940
1532011742827803
1532011742827817
1532011742827825
1532011742827833
1532011742827841
1532011742827849
1532011742827857
1532011742827865
1532011743327917
1532011743327939
1532011743327947
1532011743327956
1532011743327963
1532011743327971
1532011743327980
1532011743327989
1532011743327997
1532011743828050
1532011743828068
1532011743828076
1532011743828085
1532011743828092
1532011743828100
1532011743828108
1532011743828115
1532011743828123
1532011744328243
1532011744328263
1532011744328278
1532011744328287
1532011744328294
1532011744328302
1532011744328315
1532011744328324
1532011744328331
1532011744828259
1532011744828278
1532011744828286
1532011744828294
1532011744828302
1532011744828310
1532011744828317
1532011744828325
1532011745328139
1532011745328156
1532011745328165
1532011745328173
1532011745328182
1532011745328190
1532011745328198
1532011745328210
1532011745828235
1532011745828253
1532011745828262
1532011745828270
1532011745828278
1532011745828286
1532011745828294
1532011745828301
1532011745828315
1532011746328672
1532011746328697
1532011746328707
1532011746328716
1532011746328724
1532011746328744
1532011746328754
1532011746328762
1532011746328777
1532011746828460
1532011746828483
1532011746828497
1532011746828506
1532011746828514
1532011746828521
1532011746828530
1532011746828544
1532011747328619
1532011747329045
1532011747329061
1532011747329072
1532011747329080
1532011747329093
1532011747329101
1532011747329109
1532011747329117
1532011747828726
1532011747828740
1532011747828749
1532011747828761
1532011747828769
1532011747828778
1532011747828788
1532011747828798
1532011748330543
1532011748334736
1532011748334780
1532011748334790
1532011748334806
1532011748334813
1532011748334825
1532011748334833
1532011748334846
