1532011648811319
1532011649311307
1532011649811326
1532011650311569
1532011650811434
1532011651311726
1532011651811832
1532011652311695
1532011652811949
1532011653312110
1532011653812120
1532011654312088
1532011654812056
1532011655312331
1532011655812340
1532011656312449
1532011656812784
1532011657312615
1532011657812914
1532011658312679
1532011658812695
1532011659312994
1532011659813179
1532011660313083
1532011660813345
1532011661313453
1532011661813354
1532011662313628
1532011662813815
1532011663313695
1532011663813700
1532011664313738
1532011664814095
1532011665313952
1532011665813952
1532011666314212
1532011666814456
1532011667314727
1532011667814587
1532011668314457
1532011668814783
1532011669315106
1532011669814956
1532011670314850
1532011670814870
1532011671315219
1532011671815464
1532011672315375
1532011672815206
1532011673315358
1532011673815868
1532011674315873
1532011674815736
1532011675315735
1532011675816120
1532011676315989
1532011676816312
1532011677316239
1532011677816287
1532011678316753
1532011678816512
1532011679316557
1532011679816753
1532011680317000
1532011680816991
1532011681316860
1532011681817797
1532011682316881
1532011682817534
1532011683317276
1532011683817241
1532011684317742
1532011684817482
1532011685317482
1532011685817734
1532011686317861
1532011686817741
1532011687317838
1532011687818090
1532011688318059
1532011688818099
1532011689318369
1532011689818483
1532011690318483
1532011690818686
1532011691318822
1532011691818784
1532011692318693
1532011692819010
1532011693318963
1532011693819234
1532011694319496
1532011694819726
1532011695319361
1532011695820152
1532011696319492
1532011696819883
1532011697319811
1532011697820170
1532011698320236
1532011698820508
1532011699320111
1532011699820171
1532011700321416
1532011700820465
1532011701320593
1532011701820610
1532011702321648
1532011702821035
1532011703320900
1532011703821381
1532011704321420
1532011704821458
1532011705321206
1532011705821213
1532011706322595
1532011706821579
1532011707321744
1532011707821573
1532011708322656
1532011708822708
1532011709322468
1532011709822366
1532011710322833
1532011710822440
1532011711322975
1532011711822436
1532011712322806
1532011712822583
1532011713322934
1532011713823305
1532011714323058
1532011714823317
1532011715323499
1532011715823486
1532011716323450
1532011716823591
1532011717323575
1532011717823598
1532011718323987
1532011718823852
1532011719324520
1532011719824417
1532011720324401
1532011720824980
1532011721324615
1532011721824737
1532011722325138
1532011722824625
1532011723324689
1532011723824747
1532011724324967
1532011724825080
1532011725325233
1532011725825194
1532011726325253
1532011726825504
1532011727325347
1532011727825739
1532011728325458
1532011728825837
1532011729325960
1532011729825691
1532011730325962
1532011730825806
1532011731326230
1532011731826062
1532011732326742
1532011732826362
1532011733326354
1532011733826833
1532011734326866
1532011734827042
1532011735327029
1532011735827215
1532011736327451
1532011736827415
1532011737327665
1532011737827508
1532011738328553
1532011738827710
1532011739327914
1532011739828234
1532011740328041
1532011740827970
1532011741328239
1532011741828366
1532011742328491
1532011742828364
1532011743328616
1532011743828691
1532011744328818
1532011744828836
1532011745328715
1532011745828874
1532011746329344
1532011746828979
1532011747329616
1532011747829234
