1532001106110759
1532001106110849
1532001106110870
1532001106110882
1532001106110893
1532001106110906
1532001106110916
1532001106110928
1532001106609374
1532001106609388
1532001106609394
1532001106609403
1532001106609408
1532001106609413
1532001106609420
1532001106609427
1532001107109325
1532001107109344
1532001107109350
1532001107109356
1532001107109364
1532001107109370
1532001107109375
1532001107109384
1532001107609262
1532001107609278
1532001107609287
1532001107609292
1532001107609297
1532001107609304
1532001107609310
1532001107609317
1532001108109636
1532001108109650
1532001108109656
1532001108109666
1532001108109671
1532001108109677
1532001108109683
1532001108109691
1532001108609452
1532001108609471
1532001108609477
1532001108609487
1532001108609495
1532001108609500
1532001108609506
1532001108609517
1532001109109684
1532001109109701
1532001109109714
1532001109109721
1532001109109727
1532001109109735
1532001109109740
1532001109109747
1532001109610217
1532001109610232
1532001109610238
1532001109610246
1532001109610256
1532001109610262
1532001109610269
1532001109610277
1532001110110344
1532001110110359
1532001110110370
1532001110110375
1532001110110380
1532001110110386
1532001110110392
1532001110110399
1532001110610641
1532001110610657
1532001110610668
1532001110610674
1532001110610680
1532001110610686
1532001110610692
1532001110610700
1532001111110294
1532001111110312
1532001111110318
1532001111110323
1532001111110329
1532001111110334
1532001111110339
1532001111110352
1532001111610253
1532001111610267
1532001111610274
1532001111610280
1532001111610285
1532001111610290
1532001111610297
1532001111610304
1532001112110412
1532001112110426
1532001112110432
1532001112110438
1532001112110443
1532001112110449
1532001112110454
1532001112110462
1532001112610595
1532001112610611
1532001112610618
1532001112610623
1532001112610628
1532001112610633
1532001112610639
1532001112610646
1532001113110800
1532001113110813
1532001113110822
1532001113110828
1532001113110834
1532001113110839
1532001113110845
1532001113110852
1532001113610846
1532001113610860
1532001113610866
1532001113610871
1532001113610876
1532001113610881
1532001113610887
1532001113610894
1532001114111113
1532001114111133
1532001114111140
1532001114111148
1532001114111154
1532001114111160
1532001114111166
1532001114111180
1532001114611097
1532001114611115
1532001114611122
1532001114611128
1532001114611134
1532001114611139
1532001114611144
1532001114611152
1532001115111556
1532001115111571
1532001115111577
1532001115111583
1532001115111589
1532001115111595
1532001115111601
1532001115111609
1532001115611914
1532001115611930
1532001115611937
1532001115611942
1532001115611953
1532001115611958
1532001115611963
1532001115611974
1532001116111175
1532001116111194
1532001116111200
1532001116111206
1532001116111212
1532001116111218
1532001116111223
1532001116111230
1532001116611316
1532001116611331
1532001116611338
1532001116611344
1532001116611350
1532001116611356
1532001116611362
1532001116611369
1532001117111582
1532001117111597
1532001117111604
1532001117111612
1532001117111617
1532001117111622
1532001117111628
1532001117111636
1532001117611846
1532001117611861
1532001117611867
1532001117611872
1532001117611877
1532001117611883
1532001117611888
1532001117611895
1532001118111958
1532001118111970
1532001118111976
1532001118111982
1532001118111987
1532001118111992
1532001118111997
1532001118112005
1532001118611960
1532001118611976
1532001118611982
1532001118611988
1532001118611993
1532001118611999
1532001118612004
1532001118612012
1532001119111985
1532001119112005
1532001119112011
1532001119112019
1532001119112024
1532001119112030
1532001119112036
1532001119112047
1532001119611864
1532001119611883
1532001119611889
1532001119611895
1532001119611900
1532001119611905
1532001119611911
1532001119611918
1532001120111940
1532001120111955
1532001120111961
1532001120111967
1532001120111972
1532001120111978
1532001120111983
1532001120111990
1532001120612138
1532001120612158
1532001120612165
1532001120612171
1532001120612176
1532001120612181
1532001120612187
1532001120612194
1532001121112483
1532001121112507
1532001121112514
1532001121112523
1532001121112529
1532001121112534
1532001121112539
1532001121112547
1532001121613741
1532001121613761
1532001121613767
1532001121613777
1532001121613782
1532001121613788
1532001121613793
1532001121613800
1532001122113428
1532001122113445
1532001122113452
1532001122113457
1532001122113462
1532001122113468
1532001122113473
1532001122113480
1532001122612555
1532001122612574
1532001122612581
1532001122612587
1532001122612600
1532001122612607
1532001122612612
1532001122612619
1532001123112819
1532001123112837
1532001123112844
1532001123112849
1532001123112854
1532001123112859
1532001123112864
1532001123112871
1532001123613086
1532001123613100
1532001123613107
1532001123613112
1532001123613117
1532001123613122
1532001123613128
1532001123613135
1532001124113094
1532001124113108
1532001124113114
1532001124113120
1532001124113126
1532001124113131
1532001124113136
1532001124113143
1532001124613030
1532001124613046
1532001124613052
1532001124613057
1532001124613062
1532001124613067
1532001124613077
1532001124613084
1532001125113316
1532001125113329
1532001125113335
1532001125113341
1532001125113346
1532001125113352
1532001125113358
1532001125113366
1532001125613412
1532001125613428
1532001125613434
1532001125613439
1532001125613444
1532001125613449
1532001125613455
1532001125613462
1532001126113596
1532001126113609
1532001126113615
1532001126113620
1532001126113626
1532001126113631
1532001126113636
1532001126113643
1532001126613475
1532001126613493
1532001126613500
1532001126613506
1532001126613512
1532001126613517
1532001126613522
1532001126613529
1532001127114082
1532001127114097
1532001127114104
1532001127114109
1532001127114115
1532001127114120
1532001127114126
1532001127114132
1532001127613638
1532001127613656
1532001127613663
1532001127613669
1532001127613674
1532001127613679
1532001127613685
1532001127613692
1532001128113849
1532001128113862
1532001128113868
1532001128113873
1532001128113878
1532001128113884
1532001128113890
1532001128113897
1532001128613754
1532001128613776
1532001128613784
1532001128613789
1532001128613794
1532001128613800
1532001128613808
1532001128613815
1532001129114029
1532001129114043
1532001129114050
1532001129114056
1532001129114061
1532001129114073
1532001129114078
1532001129114087
1532001129614293
1532001129614310
1532001129614317
1532001129614323
1532001129614328
1532001129614334
1532001129614340
1532001129614350
1532001130114212
1532001130114228
1532001130114235
1532001130114241
1532001130114247
1532001130114253
1532001130114259
1532001130114267
1532001130614552
1532001130614564
1532001130614570
1532001130614576
1532001130614582
1532001130614588
1532001130614594
1532001130614602
1532001131114451
1532001131114468
1532001131114474
1532001131114480
1532001131114485
1532001131114491
1532001131114497
1532001131114510
1532001131614599
1532001131614616
1532001131614623
1532001131614630
1532001131614636
1532001131614642
1532001131614648
1532001131614657
1532001132114743
1532001132114766
1532001132114773
1532001132114778
1532001132114784
1532001132114795
1532001132114800
1532001132114808
1532001132614791
1532001132614807
1532001132614813
1532001132614824
1532001132614831
1532001132614837
1532001132614843
1532001132614855
1532001133115229
1532001133115249
1532001133115256
1532001133115262
1532001133115268
1532001133115278
1532001133115285
1532001133115298
1532001133614962
1532001133614983
1532001133614990
1532001133614996
1532001133615003
1532001133615009
1532001133615015
1532001133615023
1532001134115576
1532001134115592
1532001134115599
1532001134115605
1532001134115611
1532001134115617
1532001134115623
1532001134115640
1532001134615527
1532001134615550
1532001134615558
1532001134615564
1532001134615574
1532001134615581
1532001134615591
1532001134615598
1532001135115167
1532001135115181
1532001135115189
1532001135115195
1532001135115201
1532001135115207
1532001135115212
1532001135115220
1532001135618112
1532001135618133
1532001135618142
1532001135618150
1532001135618160
1532001135618169
1532001135618177
1532001135618187
1532001136115742
1532001136115767
1532001136115783
1532001136115790
1532001136115797
1532001136115803
1532001136115810
1532001136115824
1532001136615428
1532001136615450
1532001136615458
1532001136615465
1532001136615472
1532001136615479
1532001136615485
1532001136615494
1532001137116084
1532001137116099
1532001137116107
1532001137116113
1532001137116119
1532001137116126
1532001137116132
1532001137116140
1532001137615989
1532001137616008
1532001137616015
1532001137616022
1532001137616029
1532001137616036
1532001137616042
1532001137616051
1532001138116351
1532001138116368
1532001138116375
1532001138116392
1532001138116400
1532001138116406
1532001138116413
1532001138116421
1532001138615959
1532001138615975
1532001138615982
1532001138615988
1532001138615995
1532001138616001
1532001138616007
1532001138616016
1532001139116117
1532001139116132
1532001139116139
1532001139116145
1532001139116151
1532001139116157
1532001139116163
1532001139116171
1532001139616419
1532001139616433
1532001139616440
1532001139616448
1532001139616455
1532001139616462
1532001139616468
1532001139616477
1532001140116743
1532001140116759
1532001140116808
1532001140116817
1532001140116824
1532001140116831
1532001140116843
1532001140116853
1532001140617018
1532001140617038
1532001140617045
1532001140617053
1532001140617060
1532001140617066
1532001140617073
1532001140617082
1532001141117469
1532001141117490
1532001141117498
1532001141117505
1532001141117513
1532001141117520
1532001141117530
1532001141117680
1532001141117695
1532001141617238
1532001141617256
1532001141617264
1532001141617271
1532001141617277
1532001141617284
1532001141617291
1532001141617300
1532001142117473
1532001142117490
1532001142117498
1532001142117506
1532001142117513
1532001142117520
1532001142117527
1532001142117536
1532001142617490
1532001142617508
1532001142617515
1532001142617522
1532001142617528
1532001142617535
1532001142617542
1532001142617550
1532001143117579
1532001143117595
1532001143117607
1532001143117614
1532001143117621
1532001143117628
1532001143117635
1532001143117644
1532001143617856
1532001143617871
1532001143617878
1532001143617885
1532001143617891
1532001143617897
1532001143617903
1532001143617912
1532001144118304
1532001144118327
1532001144118334
1532001144118343
1532001144118350
1532001144118356
1532001144118363
1532001144118371
1532001144618012
1532001144618031
1532001144618038
1532001144618050
1532001144618056
1532001144618063
1532001144618069
1532001144618078
1532001145117996
1532001145118020
1532001145118029
1532001145118035
1532001145118042
1532001145118049
1532001145118055
1532001145118065
1532001145619489
1532001145619504
1532001145619512
1532001145619601
1532001145619611
1532001145619618
1532001145619624
1532001145619633
1532001146119617
1532001146119634
1532001146119642
1532001146119649
1532001146119655
1532001146119663
1532001146119669
1532001146119679
1532001146619546
1532001146619566
1532001146619574
1532001146619580
1532001146619587
1532001146619594
1532001146619601
1532001146619615
1532001147119446
1532001147119461
1532001147119469
1532001147119475
1532001147119481
1532001147119488
1532001147119495
1532001147119503
1532001147619461
1532001147619480
1532001147619488
1532001147619494
1532001147619501
1532001147619507
1532001147619513
1532001147619522
1532001148119538
1532001148119554
1532001148119562
1532001148119569
1532001148119575
1532001148119590
1532001148119597
1532001148119607
1532001148620087
1532001148620102
1532001148620109
1532001148620116
1532001148620126
1532001148620134
1532001148620140
1532001148620149
1532001149119963
1532001149119979
1532001149119986
1532001149119992
1532001149119998
1532001149120004
1532001149120011
1532001149120019
1532001149620077
1532001149620096
1532001149620104
1532001149620111
1532001149620122
1532001149620129
1532001149620136
1532001149620144
1532001150120163
1532001150120182
1532001150120189
1532001150120196
1532001150120202
1532001150120209
1532001150120215
1532001150120223
1532001150620411
1532001150620429
1532001150620436
1532001150620448
1532001150620454
1532001150620460
1532001150620467
1532001150620475
1532001151120801
1532001151120818
1532001151120836
1532001151120843
1532001151120849
1532001151120855
1532001151120861
1532001151120870
1532001151620429
1532001151620451
1532001151620458
1532001151620465
1532001151620471
1532001151620478
1532001151620484
1532001151620492
1532001152120574
1532001152120588
1532001152120595
1532001152120602
1532001152120608
1532001152120615
1532001152120621
1532001152120629
1532001152621104
1532001152621120
1532001152621128
1532001152621139
1532001152621145
1532001152621151
1532001152621163
1532001152621172
1532001153121199
1532001153121221
1532001153121229
1532001153121236
1532001153121242
1532001153121248
1532001153121255
1532001153121264
1532001153622440
1532001153622455
1532001153622462
1532001153622469
1532001153622475
1532001153622481
1532001153622487
1532001153622496
1532001154121663
1532001154121685
1532001154121693
1532001154121700
1532001154121707
1532001154121715
1532001154121721
1532001154121730
1532001154621995
1532001154622014
1532001154622021
1532001154622031
1532001154622037
1532001154622043
1532001154622049
1532001154622057
1532001155122207
1532001155122227
1532001155122234
1532001155122241
1532001155122247
1532001155122254
1532001155122261
1532001155122269
1532001155621858
1532001155621875
1532001155621883
1532001155621895
1532001155621902
1532001155621908
1532001155621924
1532001155621933
1532001156121855
1532001156121871
1532001156121878
1532001156121884
1532001156121890
1532001156121896
1532001156121902
1532001156121911
1532001156623324
1532001156623344
1532001156623352
1532001156623359
1532001156623366
1532001156623373
1532001156623379
1532001156623388
1532001157124315
1532001157124333
1532001157124340
1532001157124346
1532001157124352
1532001157124366
1532001157124373
1532001157124381
1532001157623820
1532001157623836
1532001157623844
1532001157623850
1532001157623856
1532001157623863
1532001157623869
1532001157623882
1532001158124596
1532001158124614
1532001158124622
1532001158124629
1532001158124635
1532001158124641
1532001158124647
1532001158124653
1532001158124904
1532001158623908
1532001158623926
1532001158623937
1532001158623943
1532001158623950
1532001158623956
1532001158623962
1532001158623970
1532001159124497
1532001159124511
1532001159124518
1532001159124524
1532001159124530
1532001159124537
1532001159124547
1532001159124556
1532001159624455
1532001159624474
1532001159624481
1532001159624488
1532001159624495
1532001159624502
1532001159624510
1532001159624519
1532001160124766
1532001160124783
1532001160124791
1532001160124803
1532001160124811
1532001160124818
1532001160124826
1532001160124835
1532001160625759
1532001160625782
1532001160625790
1532001160625797
1532001160625804
1532001160625810
1532001160625817
1532001160625826
1532001161124638
1532001161124658
1532001161124666
1532001161124677
1532001161124684
1532001161124691
1532001161124697
1532001161124706
1532001161625938
1532001161625956
1532001161625964
1532001161625971
1532001161625978
1532001161625984
1532001161625994
1532001161626004
1532001162126566
1532001162126582
1532001162126590
1532001162126597
1532001162126604
1532001162126611
1532001162126618
1532001162126627
1532001162625151
1532001162625168
1532001162625177
1532001162625184
1532001162625191
1532001162625197
1532001162625232
1532001162625244
1532001163125446
1532001163125466
1532001163125475
1532001163125482
1532001163125489
1532001163125496
1532001163125503
1532001163125513
1532001163626834
1532001163626851
1532001163626858
1532001163626865
1532001163626874
1532001163626881
1532001163626888
1532001163626898
1532001164125650
1532001164125668
1532001164125677
1532001164125684
1532001164125691
1532001164125709
1532001164125716
1532001164125727
1532001164626267
1532001164626285
1532001164626293
1532001164626300
1532001164626308
1532001164626316
1532001164626323
1532001164626333
1532001165126022
1532001165126043
1532001165126056
1532001165126063
1532001165126070
1532001165126077
1532001165126083
1532001165126092
1532001165626175
1532001165626194
1532001165626202
1532001165626209
1532001165626216
1532001165626222
1532001165626229
1532001165626238
1532001166125909
1532001166125927
1532001166125943
1532001166125951
1532001166125958
1532001166125966
1532001166125972
1532001166125981
1532001166626183
1532001166626203
1532001166626211
1532001166626218
1532001166626225
1532001166626236
1532001166626243
1532001166626249
1532001166626388
1532001167126169
1532001167126186
1532001167126193
1532001167126199
1532001167126206
1532001167126212
1532001167126218
1532001167126227
1532001167626330
1532001167626347
1532001167626354
1532001167626361
1532001167626367
1532001167626374
1532001167626380
1532001167626388
1532001168126388
1532001168126406
1532001168126413
1532001168126419
1532001168126426
1532001168126432
1532001168126438
1532001168126446
1532001168626964
1532001168626985
1532001168626997
1532001168627004
1532001168627010
1532001168627021
1532001168627028
1532001168627036
1532001169126633
1532001169126651
1532001169126658
1532001169126665
1532001169126672
1532001169126678
1532001169126685
1532001169126693
1532001169627041
1532001169627058
1532001169627075
1532001169627089
1532001169627097
1532001169627104
1532001169627111
1532001169627120
1532001170127243
1532001170127260
1532001170127272
1532001170127283
1532001170127290
1532001170127297
1532001170127313
1532001170127323
1532001170626865
1532001170626882
1532001170626889
1532001170626895
1532001170626901
1532001170626907
1532001170626914
1532001170626922
1532001171128257
1532001171128279
1532001171128288
1532001171128297
1532001171128304
1532001171128318
1532001171128325
1532001171128334
1532001171627319
1532001171627342
1532001171627349
1532001171627356
1532001171627362
1532001171627369
1532001171627375
1532001171627383
1532001172127256
1532001172127272
1532001172127279
1532001172127285
1532001172127291
1532001172127297
1532001172127304
1532001172127313
1532001172627503
1532001172627520
1532001172627527
1532001172627533
1532001172627539
1532001172627546
1532001172627552
1532001172627561
1532001173128210
1532001173128226
1532001173128232
1532001173128239
1532001173128245
1532001173128251
1532001173128257
1532001173128266
1532001173628238
1532001173628254
1532001173628261
1532001173628268
1532001173628274
1532001173628280
1532001173628286
1532001173628294
1532001174128165
1532001174128184
1532001174128192
1532001174128199
1532001174128206
1532001174128212
1532001174128219
1532001174128228
1532001174628767
1532001174628786
1532001174628793
1532001174628799
1532001174628806
1532001174628812
1532001174628820
1532001174628828
1532001175128049
1532001175128069
1532001175128077
1532001175128084
1532001175128091
1532001175128098
1532001175128105
1532001175128114
1532001175628635
1532001175628652
1532001175628661
1532001175628668
1532001175628675
1532001175628681
1532001175628688
1532001175628697
1532001176128816
1532001176128835
1532001176128842
1532001176128849
1532001176128856
1532001176128863
1532001176128870
1532001176128878
1532001176628620
1532001176628640
1532001176628648
1532001176628655
1532001176628662
1532001176628669
1532001176628676
1532001176628685
1532001177128947
1532001177128964
1532001177128972
1532001177128991
1532001177128998
1532001177129006
1532001177129014
1532001177129024
1532001177628547
1532001177628566
1532001177628573
1532001177628581
1532001177628587
1532001177628594
1532001177628600
1532001177628611
1532001178128759
1532001178128779
1532001178128787
1532001178128793
1532001178128800
1532001178128808
1532001178128816
1532001178128825
1532001178628843
1532001178628860
1532001178628868
1532001178628875
1532001178628881
1532001178628888
1532001178628895
1532001178628904
1532001179129975
1532001179129992
1532001179130005
1532001179130012
1532001179130018
1532001179130025
1532001179130032
1532001179130040
1532001179632155
1532001179632174
1532001179632183
1532001179632190
1532001179632198
1532001179632205
1532001179632213
1532001179632228
1532001180129683
1532001180129701
1532001180129709
1532001180129716
1532001180129723
1532001180129730
1532001180129737
1532001180129746
1532001180629953
1532001180629979
1532001180629988
1532001180629994
1532001180630002
1532001180630009
1532001180630016
1532001180630034
1532001181129866
1532001181129884
1532001181129901
1532001181129908
1532001181129915
1532001181129921
1532001181129928
1532001181129936
1532001181630634
1532001181630652
1532001181630665
1532001181630672
1532001181630679
1532001181630685
1532001181630692
1532001181630701
1532001182130249
1532001182130267
1532001182130274
1532001182130280
1532001182130286
1532001182130293
1532001182130299
1532001182130308
1532001182630337
1532001182630359
1532001182630366
1532001182630373
1532001182630381
1532001182630389
1532001182630395
1532001182630419
1532001183131270
1532001183131287
1532001183131295
1532001183131302
1532001183131309
1532001183131321
1532001183131332
1532001183131343
1532001183631142
1532001183631164
1532001183631172
1532001183631181
1532001183631188
1532001183631194
1532001183631201
1532001183631216
1532001184131044
1532001184131060
1532001184131067
1532001184131074
1532001184131081
1532001184131087
1532001184131093
1532001184131102
1532001184631913
1532001184631930
1532001184631938
1532001184631945
1532001184631952
1532001184631959
1532001184631965
1532001184631974
1532001185132422
1532001185132440
1532001185132455
1532001185132463
1532001185132470
1532001185132482
1532001185132489
1532001185132498
1532001185633189
1532001185633206
1532001185633215
1532001185633221
1532001185633228
1532001185633248
1532001185633255
1532001185633264
1532001186133038
1532001186133054
1532001186133062
1532001186133068
1532001186133074
1532001186133080
1532001186133087
1532001186133098
1532001186633184
1532001186633200
1532001186633207
1532001186633214
1532001186633220
1532001186633229
1532001186633290
1532001186633301
1532001187133499
1532001187133516
1532001187133523
1532001187133530
1532001187133536
1532001187133542
1532001187133548
1532001187133556
1532001187633745
1532001187633763
1532001187633770
1532001187633776
1532001187633790
1532001187633797
1532001187633803
1532001187633812
1532001188133772
1532001188133788
1532001188133796
1532001188133802
1532001188133809
1532001188133815
1532001188133821
1532001188133829
1532001188633684
1532001188633705
1532001188633713
1532001188633720
1532001188633726
1532001188633732
1532001188633739
1532001188633748
1532001189133918
1532001189133937
1532001189133946
1532001189133959
1532001189133966
1532001189133972
1532001189133978
1532001189133987
1532001189633995
1532001189634014
1532001189634021
1532001189634028
1532001189634035
1532001189634042
1532001189634048
1532001189634057
1532001190135594
1532001190135610
1532001190135626
1532001190135632
1532001190135638
1532001190135648
1532001190135654
1532001190135662
1532001190634162
1532001190634180
1532001190634192
1532001190634199
1532001190634205
1532001190634212
1532001190634218
1532001190634227
1532001191134770
1532001191134787
1532001191134795
1532001191134802
1532001191134808
1532001191134815
1532001191134822
1532001191134831
1532001191636107
1532001191636127
1532001191636136
1532001191636143
1532001191636151
1532001191636158
1532001191636165
1532001191636175
1532001192135546
1532001192135563
1532001192135571
1532001192135578
1532001192135584
1532001192135590
1532001192135596
1532001192135605
1532001192635335
1532001192635352
1532001192635361
1532001192635375
1532001192635382
1532001192635389
1532001192635396
1532001192635412
1532001193135384
1532001193135407
1532001193135415
1532001193135421
1532001193135428
1532001193135435
1532001193135441
1532001193135449
1532001193636347
1532001193636364
1532001193636371
1532001193636377
1532001193636384
1532001193636390
1532001193636396
1532001193636404
1532001194135691
1532001194135710
1532001194135718
1532001194135725
1532001194135731
1532001194135737
1532001194135744
1532001194135752
1532001194635618
1532001194635635
1532001194635642
1532001194635649
1532001194635656
1532001194635662
1532001194635668
1532001194635678
1532001195136841
1532001195136857
1532001195136864
1532001195136871
1532001195136878
1532001195136884
1532001195136891
1532001195136903
1532001195636360
1532001195636378
1532001195636386
1532001195636392
1532001195636399
1532001195636405
1532001195636411
1532001195636420
1532001196136358
1532001196136377
1532001196136384
1532001196136399
1532001196136406
1532001196136412
1532001196136418
1532001196136428
1532001196636513
1532001196636529
1532001196636536
1532001196636542
1532001196636548
1532001196636555
1532001196636561
1532001196636623
1532001197136600
1532001197136625
1532001197136633
1532001197136642
1532001197136648
1532001197136655
1532001197136661
1532001197136670
1532001197638432
1532001197638450
1532001197638458
1532001197638464
1532001197638471
1532001197638477
1532001197638484
1532001197638494
1532001198136802
1532001198136820
1532001198136827
1532001198136833
1532001198136845
1532001198136852
1532001198136859
1532001198136868
1532001198637507
1532001198637526
1532001198637533
1532001198637540
1532001198637547
1532001198637554
1532001198637560
1532001198637570
1532001199136803
1532001199136820
1532001199136827
1532001199136833
1532001199136839
1532001199136845
1532001199136852
1532001199136860
1532001199637011
1532001199637030
1532001199637037
1532001199637044
1532001199637050
1532001199637057
1532001199637063
1532001199637072
1532001200137133
1532001200137148
1532001200137155
1532001200137161
1532001200137167
1532001200137173
1532001200137184
1532001200137193
1532001200638532
1532001200638551
1532001200638559
1532001200638565
1532001200638577
1532001200638583
1532001200638590
1532001200638599
1532001201138444
1532001201138460
1532001201138467
1532001201138479
1532001201138486
1532001201138492
1532001201138498
1532001201138506
1532001201637740
1532001201637763
1532001201637771
1532001201637777
1532001201637783
1532001201637789
1532001201637795
1532001201637804
1532001202137879
1532001202137898
1532001202137911
1532001202137918
1532001202137925
1532001202137932
1532001202137938
1532001202137947
1532001202637852
1532001202637885
1532001202637895
1532001202637902
1532001202637908
1532001202637917
1532001202637923
1532001202637932
1532001203138303
1532001203138317
1532001203138324
1532001203138331
1532001203138337
1532001203138343
1532001203138349
1532001203138357
1532001203638443
1532001203638458
1532001203638469
1532001203638475
1532001203638481
1532001203638488
1532001203638494
1532001203638502
1532001204138607
1532001204138623
1532001204138631
1532001204138637
1532001204138644
1532001204138650
1532001204138657
1532001204138666
1532001204638899
1532001204638914
1532001204638921
1532001204638927
1532001204638934
1532001204638940
1532001204638947
1532001204638955
1532001205138726
1532001205138746
1532001205138754
1532001205138761
1532001205138767
1532001205138774
1532001205138780
1532001205138789
1532001205649383
1532001205649407
1532001205649418
1532001205649428
1532001205649436
1532001205649443
1532001205649452
1532001205649464
