1532001106111148
1532001106111182
1532001106111194
1532001106111200
1532001106111215
1532001106111223
1532001106111233
1532001106111242
1532001106111249
1532001106111256
1532001106111268
1532001106111274
1532001106111281
1532001106111296
1532001106111303
1532001106111313
1532001106609465
1532001106609480
1532001106609487
1532001106609494
1532001106609500
1532001106609506
1532001106609512
1532001106609518
1532001106609525
1532001106609534
1532001106609541
1532001106609552
1532001106609558
1532001106609566
1532001106609573
1532001106609579
1532001107109465
1532001107109482
1532001107109489
1532001107109496
1532001107109503
1532001107109515
1532001107109522
1532001107109529
1532001107109535
1532001107109541
1532001107109547
1532001107109555
1532001107109561
1532001107109569
1532001107109576
1532001107109583
1532001107609376
1532001107609390
1532001107609397
1532001107609404
1532001107609410
1532001107609416
1532001107609423
1532001107609431
1532001107609439
1532001107609445
1532001107609451
1532001107609457
1532001107609464
1532001107609470
1532001107609477
1532001107609484
1532001108109568
1532001108109681
1532001108109692
1532001108109699
1532001108109706
1532001108109713
1532001108109719
1532001108109726
1532001108109732
1532001108109738
1532001108109745
1532001108109755
1532001108109765
1532001108109772
1532001108109781
1532001108109789
1532001108109795
1532001108609593
1532001108609606
1532001108609613
1532001108609619
1532001108609625
1532001108609633
1532001108609639
1532001108609645
1532001108609651
1532001108609658
1532001108609665
1532001108609673
1532001108609679
1532001108609686
1532001108609692
1532001108609699
1532001109109786
1532001109109800
1532001109109807
1532001109109814
1532001109109820
1532001109109826
1532001109109833
1532001109109841
1532001109109847
1532001109109853
1532001109109860
1532001109109866
1532001109109872
1532001109109879
1532001109109886
1532001109109892
1532001109109957
1532001109610041
1532001109610320
1532001109610330
1532001109610337
1532001109610343
1532001109610349
1532001109610355
1532001109610361
1532001109610367
1532001109610374
1532001109610380
1532001109610386
1532001109610392
1532001109610398
1532001109610404
1532001109610410
1532001109610417
1532001110110404
1532001110110418
1532001110110430
1532001110110436
1532001110110442
1532001110110449
1532001110110459
1532001110110466
1532001110110472
1532001110110478
1532001110110484
1532001110110490
1532001110110497
1532001110110506
1532001110110512
1532001110110519
1532001110610604
1532001110610691
1532001110610701
1532001110610708
1532001110610715
1532001110610722
1532001110610728
1532001110610734
1532001110610740
1532001110610746
1532001110610756
1532001110610762
1532001110610768
1532001110610778
1532001110610785
1532001110610796
1532001110610802
1532001111110402
1532001111110414
1532001111110426
1532001111110433
1532001111110439
1532001111110445
1532001111110451
1532001111110457
1532001111110471
1532001111110477
1532001111110484
1532001111110490
1532001111110497
1532001111110511
1532001111110518
1532001111110525
1532001111610355
1532001111610373
1532001111610386
1532001111610393
1532001111610399
1532001111610406
1532001111610412
1532001111610417
1532001111610433
1532001111610443
1532001111610450
1532001111610456
1532001111610471
1532001111610477
1532001111610484
1532001111610491
1532001112110549
1532001112110563
1532001112110569
1532001112110576
1532001112110582
1532001112110588
1532001112110594
1532001112110600
1532001112110606
1532001112110612
1532001112110618
1532001112110628
1532001112110635
1532001112110643
1532001112110650
1532001112110657
1532001112110662
1532001112610674
1532001112610686
1532001112610693
1532001112610700
1532001112610706
1532001112610712
1532001112610721
1532001112610727
1532001112610733
1532001112610740
1532001112610746
1532001112610752
1532001112610758
1532001112610765
1532001112610771
1532001112610778
1532001112610784
1532001113110906
1532001113110918
1532001113110924
1532001113110930
1532001113110936
1532001113110943
1532001113110949
1532001113110955
1532001113110961
1532001113110966
1532001113110973
1532001113110986
1532001113110993
1532001113111004
1532001113111011
1532001113111018
1532001113111024
1532001113610929
1532001113610946
1532001113610952
1532001113610959
1532001113610966
1532001113610972
1532001113610979
1532001113610985
1532001113610992
1532001113610998
1532001113611004
1532001113611010
1532001113611017
1532001113611024
1532001113611030
1532001113611036
1532001114111150
1532001114111163
1532001114111170
1532001114111177
1532001114111184
1532001114111190
1532001114111202
1532001114111208
1532001114111215
1532001114111221
1532001114111230
1532001114111236
1532001114111242
1532001114111248
1532001114111254
1532001114111260
1532001114111294
1532001114611133
1532001114611149
1532001114611157
1532001114611164
1532001114611171
1532001114611177
1532001114611184
1532001114611190
1532001114611197
1532001114611204
1532001114611211
1532001114611218
1532001114611224
1532001114611233
1532001114611240
1532001114611245
1532001115111459
1532001115111580
1532001115111590
1532001115111597
1532001115111609
1532001115111616
1532001115111623
1532001115111630
1532001115111637
1532001115111653
1532001115111660
1532001115111666
1532001115111672
1532001115111678
1532001115111690
1532001115111696
1532001115111702
1532001115611771
1532001115612000
1532001115612011
1532001115612023
1532001115612030
1532001115612036
1532001115612041
1532001115612048
1532001115612055
1532001115612070
1532001115612077
1532001115612083
1532001115612089
1532001115612107
1532001115612114
1532001115612120
1532001115612126
1532001116111280
1532001116111293
1532001116111305
1532001116111312
1532001116111317
1532001116111324
1532001116111330
1532001116111336
1532001116111350
1532001116111356
1532001116111362
1532001116111368
1532001116111374
1532001116111387
1532001116111393
1532001116111399
1532001116611346
1532001116611361
1532001116611368
1532001116611380
1532001116611387
1532001116611393
1532001116611399
1532001116611406
1532001116611413
1532001116611427
1532001116611434
1532001116611444
1532001116611450
1532001116611466
1532001116611472
1532001116611479
1532001117111611
1532001117111625
1532001117111632
1532001117111639
1532001117111645
1532001117111651
1532001117111661
1532001117111668
1532001117111675
1532001117111681
1532001117111687
1532001117111693
1532001117111699
1532001117111706
1532001117111712
1532001117111718
1532001117111780
1532001117611955
1532001117611970
1532001117611977
1532001117611984
1532001117611990
1532001117611996
1532001117612002
1532001117612009
1532001117612016
1532001117612021
1532001117612027
1532001117612033
1532001117612039
1532001117612046
1532001117612052
1532001117612059
1532001117612066
1532001118112034
1532001118112049
1532001118112061
1532001118112068
1532001118112074
1532001118112080
1532001118112087
1532001118112104
1532001118112110
1532001118112122
1532001118112128
1532001118112145
1532001118112155
1532001118112161
1532001118112167
1532001118112172
1532001118612026
1532001118612041
1532001118612049
1532001118612056
1532001118612062
1532001118612068
1532001118612074
1532001118612080
1532001118612086
1532001118612092
1532001118612098
1532001118612104
1532001118612110
1532001118612116
1532001118612122
1532001118612134
1532001119112019
1532001119112031
1532001119112038
1532001119112044
1532001119112051
1532001119112057
1532001119112063
1532001119112069
1532001119112074
1532001119112081
1532001119112088
1532001119112094
1532001119112100
1532001119112106
1532001119112112
1532001119112118
1532001119611905
1532001119611920
1532001119611927
1532001119611933
1532001119611939
1532001119611946
1532001119611952
1532001119611958
1532001119611963
1532001119611969
1532001119611975
1532001119611981
1532001119611992
1532001119611999
1532001119612007
1532001119612017
1532001120112003
1532001120112017
1532001120112024
1532001120112030
1532001120112037
1532001120112043
1532001120112051
1532001120112057
1532001120112064
1532001120112070
1532001120112077
1532001120112083
1532001120112089
1532001120112095
1532001120112101
1532001120112109
1532001120612226
1532001120612241
1532001120612248
1532001120612255
1532001120612262
1532001120612268
1532001120612281
1532001120612287
1532001120612293
1532001120612300
1532001120612306
1532001120612312
1532001120612318
1532001120612324
1532001120612329
1532001120612336
1532001120612342
1532001121112414
1532001121112570
1532001121112580
1532001121112586
1532001121112592
1532001121112598
1532001121112604
1532001121112611
1532001121112616
1532001121112622
1532001121112628
1532001121112634
1532001121112640
1532001121112646
1532001121112652
1532001121112658
1532001121112664
1532001121613138
1532001121614028
1532001121614037
1532001121614044
1532001121614050
1532001121614056
1532001121614062
1532001121614074
1532001121614080
1532001121614086
1532001121614092
1532001121614098
1532001121614103
1532001121614109
1532001121614115
1532001121614121
1532001121614128
1532001122113807
1532001122113819
1532001122113829
1532001122113836
1532001122113842
1532001122113852
1532001122113859
1532001122113866
1532001122113872
1532001122113878
1532001122113884
1532001122113890
1532001122113896
1532001122113902
1532001122113908
1532001122113915
1532001122612602
1532001122612615
1532001122612622
1532001122612628
1532001122612634
1532001122612640
1532001122612646
1532001122612652
1532001122612658
1532001122612665
1532001122612678
1532001122612684
1532001122612693
1532001122612700
1532001122612707
1532001122612713
1532001123112783
1532001123112896
1532001123112906
1532001123112913
1532001123112919
1532001123112926
1532001123112932
1532001123112938
1532001123112943
1532001123112949
1532001123112956
1532001123112962
1532001123112968
1532001123112982
1532001123112990
1532001123112996
1532001123113002
1532001123613213
1532001123613228
1532001123613235
1532001123613241
1532001123613247
1532001123613253
1532001123613259
1532001123613266
1532001123613272
1532001123613278
1532001123613284
1532001123613289
1532001123613295
1532001123613302
1532001123613308
1532001123613315
1532001123613321
1532001124113148
1532001124113164
1532001124113171
1532001124113178
1532001124113185
1532001124113192
1532001124113198
1532001124113204
1532001124113210
1532001124113215
1532001124113221
1532001124113228
1532001124113234
1532001124113241
1532001124113247
1532001124113253
1532001124613110
1532001124613122
1532001124613129
1532001124613137
1532001124613143
1532001124613149
1532001124613155
1532001124613161
1532001124613167
1532001124613172
1532001124613179
1532001124613185
1532001124613191
1532001124613197
1532001124613204
1532001124613210
1532001125113320
1532001125113337
1532001125113343
1532001125113350
1532001125113357
1532001125113364
1532001125113370
1532001125113377
1532001125113387
1532001125113393
1532001125113399
1532001125113405
1532001125113411
1532001125113417
1532001125113423
1532001125113429
1532001125113475
1532001125613481
1532001125613502
1532001125613509
1532001125613520
1532001125613527
1532001125613534
1532001125613540
1532001125613550
1532001125613562
1532001125613568
1532001125613575
1532001125613584
1532001125613594
1532001125613601
1532001125613608
1532001125613615
1532001126113678
1532001126113690
1532001126113696
1532001126113702
1532001126113708
1532001126113714
1532001126113720
1532001126113726
1532001126113731
1532001126113737
1532001126113743
1532001126113750
1532001126113756
1532001126113765
1532001126113772
1532001126113778
1532001126113785
1532001126613637
1532001126613652
1532001126613660
1532001126613667
1532001126613673
1532001126613679
1532001126613685
1532001126613691
1532001126613697
1532001126613703
1532001126613710
1532001126613716
1532001126613726
1532001126613732
1532001126613738
1532001126613745
1532001127113849
1532001127114129
1532001127114141
1532001127114148
1532001127114155
1532001127114161
1532001127114168
1532001127114179
1532001127114186
1532001127114195
1532001127114201
1532001127114207
1532001127114214
1532001127114220
1532001127114226
1532001127114232
1532001127114238
1532001127613659
1532001127613676
1532001127613683
1532001127613689
1532001127613696
1532001127613702
1532001127613708
1532001127613715
1532001127613721
1532001127613726
1532001127613732
1532001127613739
1532001127613745
1532001127613751
1532001127613758
1532001127613772
1532001128113876
1532001128113891
1532001128113898
1532001128113905
1532001128113911
1532001128113917
1532001128113924
1532001128113930
1532001128113938
1532001128113949
1532001128113955
1532001128113964
1532001128113971
1532001128113978
1532001128113985
1532001128113996
1532001128114003
1532001128613845
1532001128613859
1532001128613869
1532001128613876
1532001128613882
1532001128613889
1532001128613895
1532001128613901
1532001128613908
1532001128613914
1532001128613920
1532001128613926
1532001128613932
1532001128613940
1532001128613945
1532001128613951
1532001129114124
1532001129114143
1532001129114151
1532001129114161
1532001129114174
1532001129114180
1532001129114186
1532001129114192
1532001129114198
1532001129114204
1532001129114218
1532001129114224
1532001129114230
1532001129114236
1532001129114242
1532001129114253
1532001129114260
1532001129614330
1532001129614353
1532001129614362
1532001129614368
1532001129614375
1532001129614382
1532001129614394
1532001129614401
1532001129614407
1532001129614414
1532001129614420
1532001129614435
1532001129614442
1532001129614448
1532001129614454
1532001129614461
1532001129614473
1532001130114261
1532001130114278
1532001130114285
1532001130114296
1532001130114304
1532001130114311
1532001130114318
1532001130114324
1532001130114339
1532001130114346
1532001130114353
1532001130114361
1532001130114368
1532001130114382
1532001130114395
1532001130114401
1532001130614549
1532001130614566
1532001130614573
1532001130614584
1532001130614591
1532001130614597
1532001130614604
1532001130614611
1532001130614624
1532001130614631
1532001130614637
1532001130614644
1532001130614663
1532001130614670
1532001130614676
1532001130614683
1532001130614690
1532001131114523
1532001131114537
1532001131114548
1532001131114554
1532001131114561
1532001131114568
1532001131114575
1532001131114581
1532001131114595
1532001131114602
1532001131114608
1532001131114615
1532001131114621
1532001131114634
1532001131114640
1532001131114647
1532001131614653
1532001131614671
1532001131614680
1532001131614686
1532001131614693
1532001131614705
1532001131614712
1532001131614719
1532001131614725
1532001131614736
1532001131614750
1532001131614760
1532001131614767
1532001131614784
1532001131614791
1532001131614799
1532001132114898
1532001132114914
1532001132114926
1532001132114936
1532001132114944
1532001132114951
1532001132114957
1532001132114972
1532001132114979
1532001132114986
1532001132114993
1532001132114999
1532001132115013
1532001132115020
1532001132115027
1532001132115033
1532001132115047
1532001132614954
1532001132614971
1532001132614987
1532001132614993
1532001132615004
1532001132615011
1532001132615023
1532001132615030
1532001132615038
1532001132615045
1532001132615061
1532001132615068
1532001132615075
1532001132615083
1532001132615090
1532001132615103
1532001133115180
1532001133115325
1532001133115335
1532001133115343
1532001133115352
1532001133115364
1532001133115370
1532001133115377
1532001133115383
1532001133115390
1532001133115397
1532001133115410
1532001133115416
1532001133115422
1532001133115429
1532001133115435
1532001133115448
1532001133615042
1532001133615056
1532001133615063
1532001133615069
1532001133615081
1532001133615087
1532001133615094
1532001133615100
1532001133615106
1532001133615113
1532001133615128
1532001133615135
1532001133615141
1532001133615148
1532001133615160
1532001133615167
1532001134115304
1532001134115653
1532001134115663
1532001134115670
1532001134115682
1532001134115691
1532001134115698
1532001134115705
1532001134115720
1532001134115727
1532001134115733
1532001134115740
1532001134115747
1532001134115760
1532001134115767
1532001134115773
1532001134115786
1532001134615616
1532001134615630
1532001134615637
1532001134615649
1532001134615655
1532001134615662
1532001134615669
1532001134615676
1532001134615689
1532001134615696
1532001134615703
1532001134615714
1532001134615728
1532001134615734
1532001134615741
1532001134615747
1532001135115238
1532001135115260
1532001135115268
1532001135115275
1532001135115281
1532001135115288
1532001135115301
1532001135115308
1532001135115315
1532001135115340
1532001135115347
1532001135115353
1532001135115359
1532001135115366
1532001135115372
1532001135115387
1532001135615486
1532001135618252
1532001135618269
1532001135618281
1532001135618295
1532001135618302
1532001135618310
1532001135618318
1532001135618332
1532001135618339
1532001135618346
1532001135618354
1532001135618362
1532001135618378
1532001135618385
1532001135618392
1532001135618399
1532001136115872
1532001136115892
1532001136115900
1532001136115907
1532001136115915
1532001136115929
1532001136115938
1532001136115945
1532001136115957
1532001136115974
1532001136115981
1532001136115988
1532001136115994
1532001136116007
1532001136116015
1532001136116022
1532001136615513
1532001136615528
1532001136615537
1532001136615545
1532001136615552
1532001136615559
1532001136615566
1532001136615573
1532001136615581
1532001136615588
1532001136615595
1532001136615602
1532001136615609
1532001136615616
1532001136615623
1532001136615630
1532001137115850
1532001137116152
1532001137116164
1532001137116172
1532001137116179
1532001137116187
1532001137116195
1532001137116206
1532001137116212
1532001137116220
1532001137116227
1532001137116234
1532001137116241
1532001137116247
1532001137116255
1532001137116262
1532001137116269
1532001137616093
1532001137616109
1532001137616117
1532001137616125
1532001137616132
1532001137616139
1532001137616147
1532001137616155
1532001137616162
1532001137616170
1532001137616177
1532001137616185
1532001137616193
1532001137616201
1532001137616209
1532001137616217
1532001138116484
1532001138116499
1532001138116514
1532001138116521
1532001138116528
1532001138116535
1532001138116542
1532001138116554
1532001138116562
1532001138116569
1532001138116575
1532001138116592
1532001138116600
1532001138116608
1532001138116616
1532001138116632
1532001138116640
1532001138616165
1532001138616183
1532001138616191
1532001138616198
1532001138616210
1532001138616217
1532001138616224
1532001138616235
1532001138616243
1532001138616251
1532001138616259
1532001138616271
1532001138616278
1532001138616286
1532001138616294
1532001138616300
1532001139116225
1532001139116239
1532001139116246
1532001139116253
1532001139116260
1532001139116267
1532001139116275
1532001139116283
1532001139116290
1532001139116298
1532001139116304
1532001139116313
1532001139116320
1532001139116333
1532001139116340
1532001139116348
1532001139616429
1532001139616445
1532001139616455
1532001139616463
1532001139616470
1532001139616477
1532001139616485
1532001139616492
1532001139616502
1532001139616515
1532001139616523
1532001139616530
1532001139616538
1532001139616546
1532001139616553
1532001139616560
1532001139616607
1532001140117225
1532001140117242
1532001140117253
1532001140117262
1532001140117272
1532001140117282
1532001140117291
1532001140117299
1532001140117306
1532001140117313
1532001140117320
1532001140117328
1532001140117336
1532001140117342
1532001140117349
1532001140117356
1532001140117363
1532001140617133
1532001140617150
1532001140617165
1532001140617172
1532001140617179
1532001140617186
1532001140617193
1532001140617208
1532001140617215
1532001140617222
1532001140617230
1532001140617248
1532001140617256
1532001140617264
1532001140617272
1532001140617288
1532001141117491
1532001141117506
1532001141117516
1532001141117528
1532001141117536
1532001141117548
1532001141117556
1532001141117564
1532001141117572
1532001141117581
1532001141117592
1532001141117599
1532001141117606
1532001141117708
1532001141117717
1532001141117725
1532001141117733
1532001141617337
1532001141617351
1532001141617361
1532001141617368
1532001141617376
1532001141617385
1532001141617392
1532001141617400
1532001141617407
1532001141617415
1532001141617423
1532001141617431
1532001141617441
1532001141617448
1532001141617456
1532001141617463
1532001142117505
1532001142117520
1532001142117528
1532001142117535
1532001142117542
1532001142117549
1532001142117556
1532001142117563
1532001142117571
1532001142117579
1532001142117586
1532001142117592
1532001142117600
1532001142117607
1532001142117613
1532001142117621
1532001142117706
1532001142617576
1532001142617596
1532001142617604
1532001142617628
1532001142617635
1532001142617644
1532001142617654
1532001142617665
1532001142617673
1532001142617680
1532001142617688
1532001142617695
1532001142617703
1532001142617710
1532001142617717
1532001142617729
1532001143117660
1532001143117675
1532001143117683
1532001143117690
1532001143117698
1532001143117705
1532001143117713
1532001143117721
1532001143117728
1532001143117736
1532001143117743
1532001143117751
1532001143117759
1532001143117766
1532001143117773
1532001143117782
1532001143617997
1532001143618012
1532001143618020
1532001143618028
1532001143618035
1532001143618043
1532001143618051
1532001143618058
1532001143618066
1532001143618074
1532001143618081
1532001143618093
1532001143618100
1532001143618110
1532001143618118
1532001143618126
1532001143618135
1532001144118270
1532001144118398
1532001144118410
1532001144118423
1532001144118431
1532001144118439
1532001144118447
1532001144118454
1532001144118461
1532001144118468
1532001144118475
1532001144118482
1532001144118490
1532001144118496
1532001144118504
1532001144118512
1532001144118520
1532001144618074
1532001144618087
1532001144618096
1532001144618104
1532001144618111
1532001144618118
1532001144618125
1532001144618133
1532001144618141
1532001144618148
1532001144618155
1532001144618167
1532001144618176
1532001144618184
1532001144618192
1532001144618199
1532001145118165
1532001145118183
1532001145118193
1532001145118200
1532001145118209
1532001145118217
1532001145118227
1532001145118236
1532001145118243
1532001145118251
1532001145118260
1532001145118268
1532001145118275
1532001145118284
1532001145118293
1532001145118303
1532001145618753
1532001145619520
1532001145619535
1532001145619544
1532001145619552
1532001145619645
1532001145619656
1532001145619664
1532001145619672
1532001145619680
1532001145619691
1532001145619699
1532001145619707
1532001145619716
1532001145619724
1532001145619731
1532001145619738
1532001146119746
1532001146119759
1532001146119767
1532001146119775
1532001146119782
1532001146119789
1532001146119798
1532001146119806
1532001146119813
1532001146119820
1532001146119828
1532001146119836
1532001146119844
1532001146119853
1532001146119862
1532001146119870
1532001146619618
1532001146619632
1532001146619639
1532001146619647
1532001146619658
1532001146619665
1532001146619673
1532001146619680
1532001146619687
1532001146619694
1532001146619702
1532001146619709
1532001146619716
1532001146619723
1532001146619735
1532001146619743
1532001147119505
1532001147119519
1532001147119527
1532001147119535
1532001147119542
1532001147119549
1532001147119557
1532001147119566
1532001147119574
1532001147119582
1532001147119589
1532001147119596
1532001147119606
1532001147119615
1532001147119627
1532001147119634
1532001147619515
1532001147619528
1532001147619536
1532001147619543
1532001147619550
1532001147619557
1532001147619564
1532001147619571
1532001147619578
1532001147619585
1532001147619592
1532001147619599
1532001147619607
1532001147619614
1532001147619626
1532001147619634
1532001148119562
1532001148119581
1532001148119589
1532001148119597
1532001148119604
1532001148119613
1532001148119621
1532001148119628
1532001148119636
1532001148119643
1532001148119649
1532001148119656
1532001148119663
1532001148119671
1532001148119677
1532001148119685
1532001148619862
1532001148620133
1532001148620145
1532001148620153
1532001148620160
1532001148620168
1532001148620175
1532001148620184
1532001148620191
1532001148620198
1532001148620206
1532001148620213
1532001148620226
1532001148620234
1532001148620242
1532001148620250
1532001148620257
1532001149120039
1532001149120052
1532001149120060
1532001149120068
1532001149120076
1532001149120082
1532001149120090
1532001149120097
1532001149120105
1532001149120113
1532001149120120
1532001149120127
1532001149120136
1532001149120145
1532001149120153
1532001149120160
1532001149620190
1532001149620205
1532001149620213
1532001149620220
1532001149620228
1532001149620235
1532001149620243
1532001149620250
1532001149620258
1532001149620265
1532001149620273
1532001149620281
1532001149620289
1532001149620303
1532001149620311
1532001149620318
1532001149620336
1532001150120261
1532001150120278
1532001150120286
1532001150120298
1532001150120305
1532001150120317
1532001150120325
1532001150120335
1532001150120345
1532001150120354
1532001150120363
1532001150120372
1532001150120379
1532001150120386
1532001150120400
1532001150120408
1532001150621418
1532001150621432
1532001150621440
1532001150621448
1532001150621456
1532001150621463
1532001150621471
1532001150621478
1532001150621487
1532001150621494
1532001150621505
1532001150621513
1532001150621529
1532001150621537
1532001150621544
1532001150621551
1532001150621639
1532001151121586
1532001151121608
1532001151121616
1532001151121623
1532001151121630
1532001151121638
1532001151121645
1532001151121652
1532001151121659
1532001151121667
1532001151121675
1532001151121681
1532001151121688
1532001151121695
1532001151121702
1532001151121709
1532001151620534
1532001151620548
1532001151620556
1532001151620564
1532001151620571
1532001151620578
1532001151620585
1532001151620593
1532001151620600
1532001151620609
1532001151620616
1532001151620624
1532001151620631
1532001151620639
1532001151620645
1532001151620653
1532001152120618
1532001152120633
1532001152120641
1532001152120648
1532001152120655
1532001152120665
1532001152120672
1532001152120681
1532001152120687
1532001152120694
1532001152120701
1532001152120708
1532001152120715
1532001152120722
1532001152120729
1532001152120736
1532001152620852
1532001152621242
1532001152621256
1532001152621269
1532001152621276
1532001152621283
1532001152621291
1532001152621298
1532001152621306
1532001152621314
1532001152621322
1532001152621329
1532001152621336
1532001152621343
1532001152621350
1532001152621357
1532001152621364
1532001153121317
1532001153121331
1532001153121346
1532001153121353
1532001153121360
1532001153121368
1532001153121375
1532001153121389
1532001153121396
1532001153121405
1532001153121412
1532001153121430
1532001153121438
1532001153121445
1532001153121452
1532001153121465
1532001153621920
1532001153622521
1532001153622531
1532001153622538
1532001153622545
1532001153622552
1532001153622559
1532001153622566
1532001153622573
1532001153622580
1532001153622587
1532001153622594
1532001153622601
1532001153622608
1532001153622616
1532001153622623
1532001153622635
1532001154121684
1532001154121702
1532001154121716
1532001154121724
1532001154121731
1532001154121738
1532001154121746
1532001154121761
1532001154121769
1532001154121776
1532001154121783
1532001154121797
1532001154121804
1532001154121811
1532001154121818
1532001154121826
1532001154622181
1532001154622196
1532001154622204
1532001154622211
1532001154622218
1532001154622225
1532001154622233
1532001154622240
1532001154622248
1532001154622255
1532001154622262
1532001154622270
1532001154622278
1532001154622285
1532001154622292
1532001154622300
1532001154622344
1532001155122283
1532001155122298
1532001155122305
1532001155122312
1532001155122320
1532001155122329
1532001155122341
1532001155122348
1532001155122355
1532001155122362
1532001155122370
1532001155122377
1532001155122385
1532001155122391
1532001155122399
1532001155122410
1532001155621905
1532001155621927
1532001155621936
1532001155621944
1532001155621951
1532001155621959
1532001155621967
1532001155621976
1532001155621983
1532001155621991
1532001155622000
1532001155622007
1532001155622016
1532001155622023
1532001155622031
1532001155622038
1532001156121884
1532001156121900
1532001156121908
1532001156121916
1532001156121924
1532001156121931
1532001156121939
1532001156121946
1532001156121954
1532001156121962
1532001156121968
1532001156121975
1532001156121982
1532001156121990
1532001156121998
1532001156122006
1532001156622822
1532001156623420
1532001156623434
1532001156623444
1532001156623452
1532001156623459
1532001156623467
1532001156623475
1532001156623483
1532001156623491
1532001156623499
1532001156623506
1532001156623513
1532001156623520
1532001156623527
1532001156623534
1532001156623541
1532001157123886
1532001157124512
1532001157124525
1532001157124536
1532001157124544
1532001157124551
1532001157124559
1532001157124566
1532001157124583
1532001157124590
1532001157124597
1532001157124617
1532001157124625
1532001157124633
1532001157124641
1532001157124649
1532001157124664
1532001157623947
1532001157623967
1532001157623975
1532001157623983
1532001157623990
1532001157623998
1532001157624006
1532001157624014
1532001157624022
1532001157624030
1532001157624038
1532001157624046
1532001157624054
1532001157624061
1532001157624069
1532001157624078
1532001158124167
1532001158124700
1532001158124713
1532001158124720
1532001158124728
1532001158124736
1532001158124744
1532001158124751
1532001158124758
1532001158124767
1532001158124774
1532001158124782
1532001158124790
1532001158124799
1532001158124807
1532001158124816
1532001158125023
1532001158623987
1532001158624001
1532001158624008
1532001158624015
1532001158624023
1532001158624035
1532001158624043
1532001158624051
1532001158624058
1532001158624066
1532001158624074
1532001158624082
1532001158624094
1532001158624102
1532001158624110
1532001158624123
1532001159124654
1532001159124667
1532001159124680
1532001159124688
1532001159124695
1532001159124706
1532001159124720
1532001159124727
1532001159124739
1532001159124746
1532001159124762
1532001159124769
1532001159124776
1532001159124783
1532001159124796
1532001159124803
1532001159124810
1532001159624489
1532001159624508
1532001159624522
1532001159624529
1532001159624536
1532001159624543
1532001159624551
1532001159624564
1532001159624574
1532001159624581
1532001159624589
1532001159624603
1532001159624611
1532001159624618
1532001159624626
1532001159624642
1532001160124850
1532001160124873
1532001160124881
1532001160124890
1532001160124910
1532001160124918
1532001160124927
1532001160124935
1532001160124950
1532001160124958
1532001160124965
1532001160124984
1532001160124994
1532001160125002
1532001160125010
1532001160125025
1532001160125033
1532001160625168
1532001160625976
1532001160625989
1532001160625998
1532001160626009
1532001160626017
1532001160626024
1532001160626032
1532001160626048
1532001160626055
1532001160626063
1532001160626070
1532001160626078
1532001160626094
1532001160626102
1532001160626111
1532001160626127
1532001161124812
1532001161124828
1532001161124841
1532001161124849
1532001161124856
1532001161124864
1532001161124872
1532001161124888
1532001161124898
1532001161124906
1532001161124922
1532001161124930
1532001161124938
1532001161124946
1532001161124961
1532001161124968
1532001161625086
1532001161626005
1532001161626018
1532001161626031
1532001161626039
1532001161626046
1532001161626054
1532001161626068
1532001161626075
1532001161626083
1532001161626090
1532001161626110
1532001161626118
1532001161626126
1532001161626135
1532001161626149
1532001161626157
1532001162126261
1532001162126609
1532001162126627
1532001162126636
1532001162126644
1532001162126652
1532001162126665
1532001162126673
1532001162126680
1532001162126688
1532001162126695
1532001162126710
1532001162126717
1532001162126725
1532001162126732
1532001162126745
1532001162126753
1532001162625212
1532001162625227
1532001162625235
1532001162625247
1532001162625256
1532001162625264
1532001162625272
1532001162625290
1532001162625298
1532001162625306
1532001162625314
1532001162625330
1532001162625341
1532001162625349
1532001162625357
1532001162625373
1532001163125461
1532001163125476
1532001163125485
1532001163125493
1532001163125502
1532001163125511
1532001163125519
1532001163125527
1532001163125535
1532001163125542
1532001163125550
1532001163125558
1532001163125566
1532001163125574
1532001163125582
1532001163125590
1532001163125660
1532001163625806
1532001163626872
1532001163626886
1532001163626896
1532001163626905
1532001163626913
1532001163626922
1532001163626931
1532001163626940
1532001163626948
1532001163626955
1532001163626962
1532001163626969
1532001163626977
1532001163626984
1532001163626992
1532001163626999
1532001164125710
1532001164125730
1532001164125740
1532001164125749
1532001164125757
1532001164125765
1532001164125773
1532001164125781
1532001164125790
1532001164125798
1532001164125806
1532001164125814
1532001164125822
1532001164125834
1532001164125842
1532001164125855
1532001164626075
1532001164626351
1532001164626365
1532001164626384
1532001164626392
1532001164626400
1532001164626407
1532001164626414
1532001164626422
1532001164626430
1532001164626437
1532001164626444
1532001164626451
1532001164626459
1532001164626466
1532001164626473
1532001164626480
1532001165126097
1532001165126110
1532001165126118
1532001165126128
1532001165126137
1532001165126146
1532001165126154
1532001165126163
1532001165126170
1532001165126178
1532001165126186
1532001165126200
1532001165126210
1532001165126218
1532001165126230
1532001165126241
1532001165626241
1532001165626257
1532001165626265
1532001165626272
1532001165626280
1532001165626292
1532001165626300
1532001165626307
1532001165626315
1532001165626327
1532001165626335
1532001165626343
1532001165626351
1532001165626359
1532001165626367
1532001165626375
1532001166125950
1532001166125963
1532001166125971
1532001166125978
1532001166125985
1532001166125993
1532001166126000
1532001166126007
1532001166126014
1532001166126021
1532001166126029
1532001166126036
1532001166126043
1532001166126053
1532001166126061
1532001166126073
1532001166626489
1532001166626504
1532001166626513
1532001166626522
1532001166626532
1532001166626540
1532001166626547
1532001166626555
1532001166626563
1532001166626571
1532001166626578
1532001166626585
1532001166626593
1532001166626601
1532001166626611
1532001166626618
1532001166626626
1532001167126227
1532001167126241
1532001167126248
1532001167126255
1532001167126262
1532001167126269
1532001167126276
1532001167126284
1532001167126290
1532001167126298
1532001167126304
1532001167126312
1532001167126325
1532001167126332
1532001167126340
1532001167126348
1532001167626409
1532001167626427
1532001167626440
1532001167626447
1532001167626454
1532001167626461
1532001167626468
1532001167626476
1532001167626483
1532001167626494
1532001167626502
1532001167626509
1532001167626516
1532001167626523
1532001167626530
1532001167626537
1532001168126462
1532001168126479
1532001168126488
1532001168126496
1532001168126508
1532001168126516
1532001168126523
1532001168126531
1532001168126538
1532001168126546
1532001168126553
1532001168126564
1532001168126571
1532001168126578
1532001168126585
1532001168126592
1532001168626654
1532001168627027
1532001168627040
1532001168627048
1532001168627055
1532001168627069
1532001168627077
1532001168627084
1532001168627091
1532001168627105
1532001168627113
1532001168627120
1532001168627131
1532001168627146
1532001168627154
1532001168627161
1532001168627168
1532001169126849
1532001169126869
1532001169126879
1532001169126887
1532001169126895
1532001169126916
1532001169126928
1532001169126935
1532001169126952
1532001169126960
1532001169126967
1532001169126974
1532001169126987
1532001169126995
1532001169127002
1532001169127009
1532001169627164
1532001169627181
1532001169627195
1532001169627208
1532001169627217
1532001169627233
1532001169627241
1532001169627248
1532001169627255
1532001169627263
1532001169627287
1532001169627294
1532001169627301
1532001169627313
1532001169627320
1532001169627327
1532001169627334
1532001170127352
1532001170127373
1532001170127381
1532001170127397
1532001170127411
1532001170127422
1532001170127429
1532001170127438
1532001170127453
1532001170127462
1532001170127468
1532001170127476
1532001170127489
1532001170127496
1532001170127503
1532001170127510
1532001170127592
1532001170626969
1532001170626982
1532001170626998
1532001170627005
1532001170627012
1532001170627019
1532001170627026
1532001170627034
1532001170627042
1532001170627050
1532001170627058
1532001170627065
1532001170627076
1532001170627084
1532001170627091
1532001170627103
1532001171128187
1532001171128294
1532001171128303
1532001171128313
1532001171128320
1532001171128328
1532001171128335
1532001171128343
1532001171128350
1532001171128358
1532001171128366
1532001171128373
1532001171128380
1532001171128387
1532001171128394
1532001171128401
1532001171128409
1532001171627359
1532001171627375
1532001171627384
1532001171627392
1532001171627400
1532001171627408
1532001171627416
1532001171627424
1532001171627432
1532001171627439
1532001171627446
1532001171627454
1532001171627461
1532001171627469
1532001171627488
1532001171627501
1532001172127308
1532001172127325
1532001172127333
1532001172127342
1532001172127350
1532001172127357
1532001172127364
1532001172127372
1532001172127380
1532001172127387
1532001172127395
1532001172127402
1532001172127409
1532001172127417
1532001172127425
1532001172127433
1532001172627576
1532001172627593
1532001172627601
1532001172627609
1532001172627616
1532001172627623
1532001172627631
1532001172627639
1532001172627646
1532001172627654
1532001172627664
1532001172627672
1532001172627680
1532001172627687
1532001172627695
1532001172627703
1532001172627710
1532001173127793
1532001173128384
1532001173128398
1532001173128405
1532001173128413
1532001173128420
1532001173128427
1532001173128434
1532001173128442
1532001173128450
1532001173128458
1532001173128466
1532001173128474
1532001173128482
1532001173128490
1532001173128498
1532001173128505
1532001173628330
1532001173628344
1532001173628351
1532001173628360
1532001173628368
1532001173628376
1532001173628383
1532001173628390
1532001173628398
1532001173628406
1532001173628414
1532001173628422
1532001173628429
1532001173628436
1532001173628444
1532001173628451
1532001174128252
1532001174128268
1532001174128291
1532001174128299
1532001174128308
1532001174128315
1532001174128323
1532001174128330
1532001174128337
1532001174128347
1532001174128355
1532001174128363
1532001174128370
1532001174128377
1532001174128385
1532001174128397
1532001174628795
1532001174628812
1532001174628828
1532001174628835
1532001174628843
1532001174628851
1532001174628859
1532001174628866
1532001174628873
1532001174628883
1532001174628891
1532001174628899
1532001174628909
1532001174628916
1532001174628923
1532001174628930
1532001174628938
1532001175128108
1532001175128125
1532001175128134
1532001175128148
1532001175128156
1532001175128163
1532001175128170
1532001175128178
1532001175128185
1532001175128193
1532001175128201
1532001175128208
1532001175128215
1532001175128223
1532001175128231
1532001175128240
1532001175628452
1532001175628741
1532001175628750
1532001175628759
1532001175628768
1532001175628775
1532001175628783
1532001175628797
1532001175628804
1532001175628813
1532001175628821
1532001175628828
1532001175628836
1532001175628843
1532001175628851
1532001175628858
1532001175628865
1532001176128960
1532001176128981
1532001176128991
1532001176129003
1532001176129010
1532001176129018
1532001176129025
1532001176129033
1532001176129040
1532001176129048
1532001176129056
1532001176129063
1532001176129071
1532001176129080
1532001176129089
1532001176129097
1532001176129105
1532001176628720
1532001176628736
1532001176628745
1532001176628757
1532001176628765
1532001176628773
1532001176628781
1532001176628796
1532001176628804
1532001176628812
1532001176628820
1532001176628840
1532001176628850
1532001176628858
1532001176628866
1532001176628882
1532001177128980
1532001177129004
1532001177129014
1532001177129022
1532001177129037
1532001177129047
1532001177129055
1532001177129062
1532001177129069
1532001177129085
1532001177129093
1532001177129100
1532001177129109
1532001177129123
1532001177129130
1532001177129137
1532001177129150
1532001177628608
1532001177628625
1532001177628637
1532001177628644
1532001177628651
1532001177628658
1532001177628666
1532001177628687
1532001177628694
1532001177628706
1532001177628721
1532001177628729
1532001177628751
1532001177628764
1532001177628771
1532001177628779
1532001178128807
1532001178128825
1532001178128833
1532001178128846
1532001178128853
1532001178128861
1532001178128869
1532001178128877
1532001178128894
1532001178128901
1532001178128908
1532001178128915
1532001178128934
1532001178128941
1532001178128949
1532001178128957
1532001178129073
1532001178628919
1532001178628932
1532001178628940
1532001178628948
1532001178628955
1532001178628962
1532001178628969
1532001178628983
1532001178628992
1532001178629000
1532001178629008
1532001178629016
1532001178629024
1532001178629032
1532001178629040
1532001178629048
1532001179129272
1532001179130059
1532001179130071
1532001179130079
1532001179130086
1532001179130092
1532001179130104
1532001179130112
1532001179130128
1532001179130140
1532001179130149
1532001179130157
1532001179130165
1532001179130173
1532001179130179
1532001179130187
1532001179130195
1532001179630970
1532001179632982
1532001179633000
1532001179633008
1532001179633015
1532001179633023
1532001179633031
1532001179633040
1532001179633047
1532001179633054
1532001179633061
1532001179633069
1532001179633076
1532001179633083
1532001179633090
1532001179633097
1532001179633104
1532001180129735
1532001180129751
1532001180129760
1532001180129768
1532001180129776
1532001180129784
1532001180129798
1532001180129807
1532001180129814
1532001180129822
1532001180129829
1532001180129837
1532001180129845
1532001180129853
1532001180129860
1532001180129873
1532001180630001
1532001180630016
1532001180630025
1532001180630032
1532001180630041
1532001180630049
1532001180630057
1532001180630065
1532001180630073
1532001180630084
1532001180630091
1532001180630104
1532001180630114
1532001180630121
1532001180630129
1532001180630140
1532001180630207
1532001181129977
1532001181129991
1532001181130004
1532001181130012
1532001181130019
1532001181130026
1532001181130033
1532001181130041
1532001181130049
1532001181130057
1532001181130065
1532001181130072
1532001181130080
1532001181130087
1532001181130095
1532001181130104
1532001181630238
1532001181630704
1532001181630716
1532001181630723
1532001181630731
1532001181630739
1532001181630746
1532001181630753
1532001181630761
1532001181630768
1532001181630776
1532001181630783
1532001181630790
1532001181630797
1532001181630805
1532001181630812
1532001181630819
1532001182130372
1532001182130386
1532001182130393
1532001182130400
1532001182130408
1532001182130416
1532001182130424
1532001182130431
1532001182130439
1532001182130448
1532001182130456
1532001182130464
1532001182130472
1532001182130479
1532001182130488
1532001182130497
1532001182630380
1532001182630397
1532001182630430
1532001182630439
1532001182630447
1532001182630455
1532001182630462
1532001182630469
1532001182630476
1532001182630484
1532001182630491
1532001182630498
1532001182630506
1532001182630512
1532001182630519
1532001182630528
1532001183131700
1532001183131716
1532001183131728
1532001183131739
1532001183131746
1532001183131753
1532001183131760
1532001183131767
1532001183131775
1532001183131782
1532001183131789
1532001183131797
1532001183131804
1532001183131812
1532001183131819
1532001183131826
1532001183131833
1532001183631183
1532001183631200
1532001183631209
1532001183631217
1532001183631224
1532001183631231
1532001183631238
1532001183631246
1532001183631255
1532001183631262
1532001183631269
1532001183631276
1532001183631283
1532001183631291
1532001183631299
1532001183631307
1532001184131117
1532001184131136
1532001184131145
1532001184131151
1532001184131159
1532001184131167
1532001184131174
1532001184131181
1532001184131188
1532001184131195
1532001184131203
1532001184131210
1532001184131218
1532001184131226
1532001184131233
1532001184131241
1532001184631395
1532001184632020
1532001184632043
1532001184632051
1532001184632059
1532001184632066
1532001184632073
1532001184632086
1532001184632093
1532001184632100
1532001184632108
1532001184632123
1532001184632130
1532001184632137
1532001184632145
1532001184632152
1532001184632165
1532001185132329
1532001185132521
1532001185132534
1532001185132541
1532001185132553
1532001185132561
1532001185132569
1532001185132577
1532001185132585
1532001185132605
1532001185132612
1532001185132620
1532001185132633
1532001185132641
1532001185132649
1532001185132657
1532001185132667
1532001185632807
1532001185633282
1532001185633300
1532001185633310
1532001185633318
1532001185633330
1532001185633346
1532001185633355
1532001185633363
1532001185633371
1532001185633388
1532001185633395
1532001185633402
1532001185633410
1532001185633423
1532001185633431
1532001185633438
1532001186133100
1532001186133115
1532001186133124
1532001186133132
1532001186133139
1532001186133146
1532001186133153
1532001186133159
1532001186133167
1532001186133174
1532001186133181
1532001186133188
1532001186133195
1532001186133202
1532001186133210
1532001186133219
1532001186633239
1532001186633267
1532001186633280
1532001186633288
1532001186633295
1532001186633302
1532001186633309
1532001186633324
1532001186633330
1532001186633342
1532001186633350
1532001186633365
1532001186633373
1532001186633382
1532001186633390
1532001186633404
1532001186633412
1532001187133510
1532001187133524
1532001187133532
1532001187133539
1532001187133547
1532001187133554
1532001187133561
1532001187133568
1532001187133574
1532001187133581
1532001187133588
1532001187133596
1532001187133603
1532001187133609
1532001187133616
1532001187133624
1532001187133729
1532001187633835
1532001187633848
1532001187633856
1532001187633863
1532001187633870
1532001187633876
1532001187633883
1532001187633890
1532001187633902
1532001187633909
1532001187633916
1532001187633923
1532001187633930
1532001187633938
1532001187633945
1532001187633952
1532001187634018
1532001188133864
1532001188133884
1532001188133896
1532001188133904
1532001188133911
1532001188133918
1532001188133925
1532001188133932
1532001188133940
1532001188133951
1532001188133959
1532001188133968
1532001188133976
1532001188133984
1532001188133992
1532001188133999
1532001188633804
1532001188633820
1532001188633827
1532001188633834
1532001188633841
1532001188633849
1532001188633856
1532001188633864
1532001188633872
1532001188633879
1532001188633887
1532001188633894
1532001188633901
1532001188633908
1532001188633916
1532001188633925
1532001189134271
1532001189134286
1532001189134294
1532001189134301
1532001189134308
1532001189134315
1532001189134326
1532001189134333
1532001189134340
1532001189134347
1532001189134353
1532001189134360
1532001189134367
1532001189134374
1532001189134381
1532001189134387
1532001189134394
1532001189634074
1532001189634090
1532001189634102
1532001189634110
1532001189634117
1532001189634125
1532001189634132
1532001189634142
1532001189634150
1532001189634158
1532001189634165
1532001189634174
1532001189634182
1532001189634189
1532001189634197
1532001189634205
1532001190134275
1532001190135656
1532001190135671
1532001190135686
1532001190135694
1532001190135702
1532001190135709
1532001190135717
1532001190135724
1532001190135732
1532001190135744
1532001190135752
1532001190135761
1532001190135769
1532001190135777
1532001190135785
1532001190135792
1532001190634190
1532001190634208
1532001190634224
1532001190634234
1532001190634248
1532001190634264
1532001190634273
1532001190634281
1532001190634288
1532001190634302
1532001190634311
1532001190634318
1532001190634326
1532001190634340
1532001190634349
1532001190634356
1532001191134878
1532001191134895
1532001191134904
1532001191134912
1532001191134920
1532001191134929
1532001191134937
1532001191134945
1532001191134953
1532001191134963
1532001191134971
1532001191134979
1532001191134987
1532001191134996
1532001191135004
1532001191135013
1532001191135020
1532001191635119
1532001191636148
1532001191636162
1532001191636175
1532001191636185
1532001191636193
1532001191636202
1532001191636217
1532001191636225
1532001191636235
1532001191636244
1532001191636260
1532001191636268
1532001191636276
1532001191636284
1532001191636299
1532001191636307
1532001192135638
1532001192135657
1532001192135666
1532001192135675
1532001192135683
1532001192135692
1532001192135700
1532001192135709
1532001192135717
1532001192135725
1532001192135733
1532001192135741
1532001192135748
1532001192135757
1532001192135764
1532001192135772
1532001192635360
1532001192635376
1532001192635385
1532001192635393
1532001192635401
1532001192635409
1532001192635417
1532001192635425
1532001192635433
1532001192635441
1532001192635449
1532001192635457
1532001192635468
1532001192635476
1532001192635484
1532001192635493
1532001193135428
1532001193135446
1532001193135456
1532001193135464
1532001193135471
1532001193135479
1532001193135487
1532001193135495
1532001193135503
1532001193135511
1532001193135519
1532001193135526
1532001193135540
1532001193135549
1532001193135557
1532001193135569
1532001193635667
1532001193636428
1532001193636439
1532001193636447
1532001193636455
1532001193636462
1532001193636470
1532001193636483
1532001193636490
1532001193636498
1532001193636506
1532001193636526
1532001193636538
1532001193636545
1532001193636554
1532001193636562
1532001193636571
1532001194135728
1532001194135743
1532001194135753
1532001194135761
1532001194135768
1532001194135776
1532001194135783
1532001194135790
1532001194135798
1532001194135805
1532001194135813
1532001194135819
1532001194135826
1532001194135834
1532001194135842
1532001194135849
1532001194635644
1532001194635657
1532001194635665
1532001194635672
1532001194635679
1532001194635687
1532001194635694
1532001194635701
1532001194635708
1532001194635715
1532001194635722
1532001194635729
1532001194635742
1532001194635751
1532001194635758
1532001194635767
1532001195135854
1532001195136886
1532001195136902
1532001195136910
1532001195136922
1532001195136931
1532001195136938
1532001195136945
1532001195136952
1532001195136960
1532001195136967
1532001195136981
1532001195136991
1532001195136999
1532001195137006
1532001195137013
1532001195137020
1532001195636454
1532001195636470
1532001195636479
1532001195636487
1532001195636499
1532001195636507
1532001195636517
1532001195636527
1532001195636534
1532001195636542
1532001195636550
1532001195636558
1532001195636565
1532001195636573
1532001195636585
1532001195636593
1532001196136456
1532001196136471
1532001196136479
1532001196136488
1532001196136496
1532001196136503
1532001196136511
1532001196136518
1532001196136525
1532001196136532
1532001196136539
1532001196136546
1532001196136554
1532001196136561
1532001196136569
1532001196136576
1532001196636571
1532001196636589
1532001196636597
1532001196636604
1532001196636611
1532001196636619
1532001196636625
1532001196636633
1532001196636641
1532001196636650
1532001196636658
1532001196636666
1532001196636673
1532001196636681
1532001196636688
1532001196636696
1532001197136641
1532001197136655
1532001197136665
1532001197136673
1532001197136682
1532001197136690
1532001197136701
1532001197136709
1532001197136716
1532001197136724
1532001197136735
1532001197136743
1532001197136751
1532001197136758
1532001197136765
1532001197136773
1532001197636857
1532001197638478
1532001197638491
1532001197638499
1532001197638507
1532001197638514
1532001197638521
1532001197638529
1532001197638536
1532001197638543
1532001197638551
1532001197638558
1532001197638565
1532001197638572
1532001197638580
1532001197638588
1532001197638596
1532001198137141
1532001198137163
1532001198137173
1532001198137180
1532001198137188
1532001198137201
1532001198137209
1532001198137216
1532001198137223
1532001198137230
1532001198137246
1532001198137254
1532001198137261
1532001198137269
1532001198137284
1532001198137291
1532001198637395
1532001198637573
1532001198637583
1532001198637591
1532001198637605
1532001198637613
1532001198637620
1532001198637629
1532001198637637
1532001198637655
1532001198637663
1532001198637670
1532001198637678
1532001198637690
1532001198637698
1532001198637705
1532001198637712
1532001199136830
1532001199136852
1532001199136860
1532001199136868
1532001199136880
1532001199136888
1532001199136896
1532001199136902
1532001199136909
1532001199136923
1532001199136931
1532001199136937
1532001199136949
1532001199136964
1532001199136972
1532001199136988
1532001199637096
1532001199637117
1532001199637134
1532001199637146
1532001199637154
1532001199637172
1532001199637181
1532001199637189
1532001199637206
1532001199637214
1532001199637222
1532001199637230
1532001199637248
1532001199637255
1532001199637262
1532001199637269
1532001199637283
1532001200137182
1532001200137201
1532001200137209
1532001200137217
1532001200137224
1532001200137231
1532001200137239
1532001200137246
1532001200137253
1532001200137259
1532001200137266
1532001200137273
1532001200137281
1532001200137290
1532001200137297
1532001200137305
1532001200637616
1532001200638612
1532001200638623
1532001200638643
1532001200638651
1532001200638659
1532001200638682
1532001200638691
1532001200638698
1532001200638705
1532001200638722
1532001200638730
1532001200638738
1532001200638745
1532001200638767
1532001200638775
1532001200638783
1532001201138521
1532001201138541
1532001201138548
1532001201138555
1532001201138562
1532001201138569
1532001201138593
1532001201138601
1532001201138608
1532001201138628
1532001201138636
1532001201138642
1532001201138649
1532001201138661
1532001201138669
1532001201138676
1532001201637897
1532001201637912
1532001201637925
1532001201637933
1532001201637940
1532001201637947
1532001201637955
1532001201637972
1532001201637980
1532001201637988
1532001201637995
1532001201638010
1532001201638020
1532001201638028
1532001201638035
1532001201638049
1532001202138000
1532001202138016
1532001202138029
1532001202138040
1532001202138047
1532001202138054
1532001202138071
1532001202138078
1532001202138085
1532001202138093
1532001202138101
1532001202138116
1532001202138124
1532001202138131
1532001202138138
1532001202138155
1532001202638000
1532001202638019
1532001202638028
1532001202638036
1532001202638043
1532001202638050
1532001202638057
1532001202638065
1532001202638072
1532001202638084
1532001202638091
1532001202638098
1532001202638105
1532001202638111
1532001202638118
1532001202638125
1532001203138248
1532001203138369
1532001203138379
1532001203138387
1532001203138394
1532001203138402
1532001203138408
1532001203138416
1532001203138424
1532001203138431
1532001203138438
1532001203138445
1532001203138452
1532001203138460
1532001203138468
1532001203138475
1532001203138484
1532001203638512
1532001203638531
1532001203638542
1532001203638550
1532001203638557
1532001203638564
1532001203638571
1532001203638578
1532001203638585
1532001203638597
1532001203638605
1532001203638612
1532001203638620
1532001203638626
1532001203638635
1532001203638643
1532001203638650
1532001204138645
1532001204138663
1532001204138673
1532001204138680
1532001204138687
1532001204138694
1532001204138701
1532001204138709
1532001204138716
1532001204138725
1532001204138732
1532001204138739
1532001204138746
1532001204138756
1532001204138764
1532001204138771
1532001204638870
1532001204638992
1532001204639007
1532001204639015
1532001204639023
1532001204639030
1532001204639037
1532001204639045
1532001204639053
1532001204639061
1532001204639069
1532001204639078
1532001204639087
1532001204639095
1532001204639103
1532001204639110
1532001204639117
1532001205138843
1532001205138861
1532001205138869
1532001205138876
1532001205138883
1532001205138891
1532001205138898
1532001205138906
1532001205138913
1532001205138921
1532001205138928
1532001205138936
1532001205138943
1532001205138950
1532001205138957
1532001205138964
1532001205643216
1532001205649912
1532001205649932
1532001205649943
1532001205649953
1532001205649962
1532001205649972
1532001205649980
1532001205649988
1532001205649996
1532001205650007
1532001205650014
1532001205650023
1532001205650032
1532001205650039
1532001205650046
1532001205650054
