1532001106609891
1532001107109903
1532001107609870
1532001108110162
1532001108610086
1532001109110370
1532001109610773
1532001110110935
1532001110611193
1532001111110877
1532001111610786
1532001112111099
1532001112611208
1532001113111481
1532001113611356
1532001114111732
1532001114611593
1532001115112058
1532001115612459
1532001116111732
1532001116611809
1532001117112123
1532001117612548
1532001118112501
1532001118612492
1532001119112482
1532001119612403
1532001120112497
1532001120612730
1532001121113134
1532001121614515
1532001122114282
1532001122613155
1532001123113336
1532001123613736
1532001124113588
1532001124613581
1532001125113849
1532001125613917
1532001126114228
1532001126614096
1532001127114604
1532001127614186
1532001128114480
1532001128614365
1532001129114655
1532001129614884
1532001130114718
1532001130615067
1532001131114990
1532001131615123
1532001132115392
1532001132615481
1532001133115821
1532001133615520
1532001134116092
1532001134616034
1532001135115706
1532001135618820
1532001136116517
1532001136616103
1532001137116680
1532001137616704
1532001138117054
1532001138616730
1532001139116745
1532001139617027
1532001140117791
1532001140617660
1532001141118114
1532001141617906
1532001142118167
1532001142618125
1532001143118165
1532001143618683
1532001144118993
1532001144619014
1532001145118780
1532001145620066
1532001146120207
1532001146620141
1532001147120031
1532001147620077
1532001148120123
1532001148620955
1532001149120603
1532001149621199
1532001150120848
1532001150622061
1532001151122190
1532001151621013
1532001152121191
1532001152621959
1532001153122018
1532001153623012
1532001154122218
1532001154622769
1532001155122921
1532001155622563
1532001156122448
1532001156624028
1532001157125107
1532001157624547
1532001158125345
1532001158624596
1532001159125224
1532001159625070
1532001160125484
1532001160626532
1532001161125314
1532001161626607
1532001162127147
1532001162625811
1532001163126063
1532001163627349
1532001164126299
1532001164626931
1532001165126741
1532001165626779
1532001166126519
1532001166627067
1532001167126787
1532001167626979
1532001168126994
1532001168627604
1532001169127459
1532001169627829
1532001170127977
1532001170627537
1532001171128880
1532001171627855
1532001172127980
1532001172628213
1532001173129054
1532001173628850
1532001174128796
1532001174629449
1532001175128672
1532001175629265
1532001176129519
1532001176629272
1532001177129644
1532001177629156
1532001177890781
1532001178129427
1532001178629518
1532001179130648
1532001179633489
1532001180130348
1532001180630699
1532001181130693
1532001181631392
1532001182130913
1532001182630959
1532001183132239
1532001183631772
1532001184131665
1532001184632544
1532001185133123
1532001185634066
1532001186133613
1532001186633773
1532001187134056
1532001187634394
1532001188134450
1532001188634314
1532001189134900
1532001189634675
1532001190136291
1532001190634709
1532001191135498
1532001191636860
1532001192136182
1532001192635945
1532001193136000
1532001193636999
1532001194136344
1532001194636162
1532001195137552
1532001195636964
1532001196137040
1532001196637144
1532001197137232
1532001197639029
1532001198137707
1532001198638144
1532001199137402
1532001199637777
1532001200137766
1532001200639223
1532001201139075
1532001201638456
1532001202138546
1532001202638501
1532001203139080
1532001203639153
1532001204139261
1532001204639487
1532001205139461
1532001205650975
